# Region type : patch sidenode2U_0_Outlet_0
#   Faces  : 172
#   Area   : 1.728441e-02
#        Time	areaAverage(T)
     0.999427	3.031500e+02
      2.00049	3.031500e+02
      3.00031	3.031500e+02
      3.99973	3.031500e+02
      4.99982	3.031500e+02
      6.00096	3.031500e+02
      7.00036	3.031499e+02
      8.00025	3.031498e+02
      8.99988	3.031496e+02
    10.001085	3.031493e+02
    11.000692	3.031529e+02
    12.001192	3.031565e+02
    12.999654	3.031601e+02
    14.001553	3.031637e+02
  15.00191378	3.031673e+02
  15.99990726	3.031708e+02
  17.00021302	3.031742e+02
  18.00201162	3.031775e+02
    19.001665	3.031809e+02
 20.001063064	3.031843e+02
 21.000223408	3.031878e+02
 22.000868674	3.031912e+02
 22.999568146	3.031947e+02
  24.00203262	3.031982e+02
25.00206209729	3.032017e+02
25.9997240433	3.032052e+02
27.00155800819	3.032088e+02
28.00198841907	3.032123e+02
29.00100132413	3.032158e+02
30.0012255059946	3.032194e+02
31.0020125996283	3.032229e+02
31.9997203434261	3.032265e+02
33.0000159367413	3.032301e+02
33.9999993471484	3.032337e+02
35.0001409482367123	3.032373e+02
36.0010399662744121	3.032409e+02
37.000256075600312	3.032446e+02
38.0011334139074748	3.032482e+02
39.0001093232681626	3.032519e+02
39.9994296677075454	3.032556e+02
41.001577972869228	3.032593e+02
42.000199945820512	3.032630e+02
43.0015357555295594	3.032668e+02
44.0000908474563985	3.032705e+02
44.999720034311153	3.032743e+02
46.0011036185372717	3.032780e+02
47.0017015365830488	3.032818e+02
48.001828578469862	3.032856e+02
49.0009987208578792	3.032895e+02
50.001646775172766	3.032933e+02
51.0004873107095733	3.032972e+02
52.0004965650810149	3.033010e+02
53.0016782245142934	3.033049e+02
54.0010911490910033	3.033088e+02
55.0018322131206503	3.033128e+02
56.0008311045826801	3.033167e+02
57.0009505745707656	3.033206e+02
58.0018173874204663	3.033246e+02
58.9998754286462415	3.033286e+02
60.0007253884735974	3.033326e+02
61.000729949421661	3.033366e+02
61.9994469747591523	3.033406e+02
62.9997307278246481	3.033446e+02
64.0016132336676264	3.033486e+02
65.0021195847200062	3.033527e+02
66.0013755148593475	3.033568e+02
66.9994618408717173	3.033608e+02
67.9995567282688285	3.033649e+02
69.0018710907051513	3.033691e+02
70.0005020403649496	3.033732e+02
71.0017759000867983	3.033773e+02
71.9997917061677697	3.033814e+02
73.0007626398363385	3.033856e+02
74.0017781164737585	3.033898e+02
74.9999419786135348	3.033939e+02
76.0015844890211554	3.033981e+02
77.00072239299773	3.034023e+02
78.0004746440082357	3.034065e+02
79.0007523688503994	3.034108e+02
80.0017080025030367	3.034150e+02
81.0004119802447349	3.034192e+02
81.9999292237897635	3.034235e+02
83.0001885797195058	3.034278e+02
84.0008505180802274	3.034321e+02
85.0015387397775584	3.034364e+02
86.0016440249805925	3.034407e+02
87.0005454702849761	3.034450e+02
88.0008545399135187	3.034494e+02
89.0021930695815655	3.034538e+02
90.0016302263138357	3.034582e+02
91.002174366868033	3.034626e+02
92.0010182300664496	3.034670e+02
93.0013450760332745	3.034715e+02
94.0003161743501465	3.034759e+02
95.0010570184568053	3.034804e+02
96.0007746328522842	3.034849e+02
96.9996630297850828	3.034894e+02
98.0009484938242394	3.034940e+02
99.0017864968606887	3.034985e+02
99.9993158549129504	3.035031e+02
100.999686726631666	3.035077e+02
101.999978489330886	3.035124e+02
103.000261993464633	3.035170e+02
104.000541499501338	3.035217e+02
105.000800443492778	3.035264e+02
106.001026051885219	3.035312e+02
107.001221026466325	3.035359e+02
108.001370521164162	3.035407e+02
109.001483834954172	3.035455e+02
110.001570880767829	3.035503e+02
111.001639397267027	3.035551e+02
112.001691850402395	3.035599e+02
113.001723550038278	3.035648e+02
114.001722531996805	3.035697e+02
115.001688189451627	3.035745e+02
116.001613455088133	3.035794e+02
117.001515885901682	3.035844e+02
118.001399825818325	3.035893e+02
119.00127979677535	3.035942e+02
120.001166177764588	3.035992e+02
121.001081732862403	3.036042e+02
122.001048584949245	3.036091e+02
123.001071870744425	3.036142e+02
124.001154706657402	3.036192e+02
125.001275712311497	3.036242e+02
126.001409099885151	3.036293e+02
127.001505571405914	3.036343e+02
128.001520918692876	3.036394e+02
129.001402911285169	3.036445e+02
130.001116511936488	3.036496e+02
131.000614246332248	3.036547e+02
131.999921018561707	3.036598e+02
133.002057892161417	3.036649e+02
134.001047481116501	3.036701e+02
134.999918542921648	3.036752e+02
136.001802808679997	3.036804e+02
137.000722192789738	3.036855e+02
137.999722857611772	3.036907e+02
139.001822047630924	3.036959e+02
140.001006477596889	3.037011e+02
141.000279937221819	3.037062e+02
141.999610839514531	3.037114e+02
143.002000997207233	3.037166e+02
144.001416430672435	3.037217e+02
145.000845281827281	3.037268e+02
146.000219852035571	3.037320e+02
146.999516132038053	3.037371e+02
148.001580804985281	3.037421e+02
149.00037623196738	3.037472e+02
150.002041994228136	3.037522e+02
151.000659972712299	3.037572e+02
151.999442445215436	3.037621e+02
153.001677289877819	3.037671e+02
154.00172177073722	3.037720e+02
154.999891828328799	3.037769e+02
155.999586603544287	3.037817e+02
157.001135382558516	3.037866e+02
158.001515024317882	3.037914e+02
159.000452904609233	3.037963e+02
160.000936841011566	3.038011e+02
160.999840760413548	3.038060e+02
162.000128449045548	3.038108e+02
163.001721118222179	3.038157e+02
164.001466615174991	3.038205e+02
164.999469516720637	3.038253e+02
166.001895769050151	3.038302e+02
166.999623230678878	3.038350e+02
168.001980176455106	3.038398e+02
168.999797111832464	3.038447e+02
169.999327931056797	3.038495e+02
171.000741704657912	3.038543e+02
172.000933317836058	3.038592e+02
172.999858258248878	3.038641e+02
174.000459309810481	3.038690e+02
174.999230964081022	3.038740e+02
176.001823974840363	3.038789e+02
177.001677528293413	3.038839e+02
178.001897432278639	3.038889e+02
178.999477284530741	3.038938e+02
180.000876929608779	3.038988e+02
181.000129702013908	3.039038e+02
182.000620718633769	3.039088e+02
182.999341833524653	3.039137e+02
183.999269602900625	3.039185e+02
185.000290159403136	3.039234e+02
185.999138254646653	3.039281e+02
187.00192819901423	3.039327e+02
188.002100753132737	3.039373e+02
188.999401948011354	3.039417e+02
190.000009576696584	3.039461e+02
191.000602512052552	3.039505e+02
192.000903248552049	3.039548e+02
193.000646632122681	3.039591e+02
193.999514181629451	3.039635e+02
195.000731162499932	3.039681e+02
196.001754937982156	3.039727e+02
197.000071045045672	3.039774e+02
198.002007170686312	3.039822e+02
199.000916881997426	3.039871e+02
199.999612353780066	3.039920e+02
201.001058917549273	3.039969e+02
202.002077889812654	3.040018e+02
202.99938204591723	3.040067e+02
204.002095543813795	3.040116e+02
205.000992474260471	3.040164e+02
205.999660504312885	3.040211e+02
207.001238886837569	3.040257e+02
207.999298004801517	3.040302e+02
208.999745348981605	3.040345e+02
210.001458903139991	3.040388e+02
211.000242198910087	3.040428e+02
212.001905389240108	3.040468e+02
213.000223120931452	3.040506e+02
214.001889103766104	3.040544e+02
215.001311938262972	3.040581e+02
216.001580318367957	3.040618e+02
217.001009526045266	3.040654e+02
218.001233887792552	3.040690e+02
219.000201883343749	3.040725e+02
220.000910902737701	3.040760e+02
220.999826318389324	3.040795e+02
221.999484042010948	3.040829e+02
222.999573556478197	3.040864e+02
223.999571260102471	3.040899e+02
224.999167544001807	3.040934e+02
226.001862355567113	3.040969e+02
227.00167849316307	3.041005e+02
228.001230841940497	3.041042e+02
229.000424212989913	3.041079e+02
229.99931272453972	3.041116e+02
231.00035149821332	3.041154e+02
232.000417678477731	3.041192e+02
232.999637483021473	3.041230e+02
234.000027860813049	3.041268e+02
235.001748350051628	3.041306e+02
235.999212579281817	3.041343e+02
237.000768684014673	3.041381e+02
238.000500060854421	3.041418e+02
238.999379413751882	3.041455e+02
240.000061065156473	3.041491e+02
240.999783874352488	3.041526e+02
241.999217412811873	3.041560e+02
243.001333347997786	3.041594e+02
244.000329816981377	3.041626e+02
244.999756118580478	3.041657e+02
245.999764393046519	3.041687e+02
247.000524241728925	3.041716e+02
247.999354188237049	3.041744e+02
248.999494081416515	3.041772e+02
250.001110696175971	3.041799e+02
251.001532993736845	3.041827e+02
252.000921614597075	3.041856e+02
252.999282849031687	3.041885e+02
253.999850497343544	3.041915e+02
255.00004543105274	3.041946e+02
256.000365920649983	3.041978e+02
257.001261638921392	3.042010e+02
257.999548103657958	3.042042e+02
258.99971364117971	3.042074e+02
260.002149025808819	3.042107e+02
261.000921947821837	3.042139e+02
261.99950686948381	3.042171e+02
263.001191272204949	3.042203e+02
263.999778419957408	3.042235e+02
265.00119059435292	3.042268e+02
265.999549940802126	3.042301e+02
267.000749356106553	3.042335e+02
268.000742203287302	3.042369e+02
269.00002621556996	3.042404e+02
270.002192130799926	3.042439e+02
271.001116008764257	3.042474e+02
271.999828284674436	3.042510e+02
273.001202936759398	3.042545e+02
274.001992594249884	3.042581e+02
274.999358152233697	3.042617e+02
276.000078489080693	3.042652e+02
277.001423281625193	3.042686e+02
277.999774269456566	3.042720e+02
279.000338809060509	3.042754e+02
279.999803239072378	3.042786e+02
281.00199923250301	3.042818e+02
282.001237742896592	3.042848e+02
283.000845865006283	3.042879e+02
284.000919283847736	3.042909e+02
285.001505169815289	3.042939e+02
286.001983379887918	3.042969e+02
287.000860649189406	3.042998e+02
287.99976925718363	3.043028e+02
289.001216652992298	3.043057e+02
289.999289276536729	3.043086e+02
291.001202684429529	3.043114e+02
292.001880769330967	3.043143e+02
293.001939873465119	3.043171e+02
294.001406762787269	3.043198e+02
294.999860841462578	3.043225e+02
296.00082332633508	3.043252e+02
296.999440942767023	3.043277e+02
297.999750996092871	3.043302e+02
299.001606963360757	3.043327e+02
300.00096349475109	3.043350e+02
300.999913314513492	3.043372e+02
302.001050523417859	3.043393e+02
303.001211162612037	3.043414e+02
304.000530831946662	3.043435e+02
304.999600659278087	3.043455e+02
306.001009509919697	3.043474e+02
307.001474429075984	3.043494e+02
308.001896955747839	3.043513e+02
309.00215953038952	3.043532e+02
310.002016522719316	3.043550e+02
311.002156067684552	3.043568e+02
312.000057874843549	3.043585e+02
313.001700906769599	3.043602e+02
314.000664442998186	3.043619e+02
314.99977162945703	3.043636e+02
316.001939997220234	3.043652e+02
317.000997667292268	3.043669e+02
317.999963426011846	3.043685e+02
319.001791186184562	3.043701e+02
320.000219021556404	3.043717e+02
321.001332443899855	3.043733e+02
322.002120766446581	3.043750e+02
322.999613956139115	3.043766e+02
324.000053809379779	3.043783e+02
325.000468122121561	3.043800e+02
326.000890696256192	3.043818e+02
327.001340404046516	3.043838e+02
328.00182603880279	3.043858e+02
328.999278542550144	3.043878e+02
329.999826816678308	3.043898e+02
331.000443477589613	3.043918e+02
332.001169817488744	3.043938e+02
333.002032037401875	3.043958e+02
333.999965515217639	3.043977e+02
335.001063632408773	3.043996e+02
335.999158109576854	3.044015e+02
337.000345463513611	3.044033e+02
338.001581848732201	3.044051e+02
338.999866861473265	3.044069e+02
340.001419974520957	3.044087e+02
341.000218753709873	3.044105e+02
341.99940043036537	3.044122e+02
343.002081691835315	3.044140e+02
344.002165716201716	3.044158e+02
344.999681204456522	3.044175e+02
346.000781392031456	3.044193e+02
346.999334514526993	3.044210e+02
348.001509094679818	3.044228e+02
349.001161782293025	3.044245e+02
350.001326394200078	3.044263e+02
351.001923782794222	3.044280e+02
351.999787371269576	3.044297e+02
353.00099769186096	3.044314e+02
353.999316873669443	3.044331e+02
355.00082920103489	3.044348e+02
355.999300697844262	3.044365e+02
357.000823793166319	3.044382e+02
357.999158030478213	3.044400e+02
359.00039992939594	3.044417e+02
360.001480671131844	3.044435e+02
360.9992815597804	3.044453e+02
361.999832472127878	3.044471e+02
362.999959745167416	3.044489e+02
363.999605892666068	3.044506e+02
365.001835951716942	3.044524e+02
366.000550017272076	3.044541e+02
367.0018850279655	3.044558e+02
367.999670433758126	3.044574e+02
369.000128039733795	3.044590e+02
370.000214705158442	3.044606e+02
370.999868519623192	3.044621e+02
371.999156450469172	3.044635e+02
373.001216022510619	3.044649e+02
373.999974084365817	3.044662e+02
375.001560862041572	3.044675e+02
375.999861740929703	3.044687e+02
377.000967028724972	3.044700e+02
378.001810983407267	3.044713e+02
378.999377343020058	3.044726e+02
379.999844133061458	3.044740e+02
381.000195256176255	3.044754e+02
382.000470770755555	3.044769e+02
383.000719578955398	3.044783e+02
384.000990581364249	3.044798e+02
385.001323372423997	3.044813e+02
386.001754888625783	3.044828e+02
386.999259078537648	3.044842e+02
387.999985820435654	3.044856e+02
389.000904470221769	3.044870e+02
390.002048686420665	3.044884e+02
391.000391269022714	3.044897e+02
392.002080357299462	3.044909e+02
393.001021889200786	3.044921e+02
394.000313761127586	3.044933e+02
394.999966805718827	3.044944e+02
396.000000737495156	3.044955e+02
397.000431194506007	3.044966e+02
398.001243466568894	3.044976e+02
398.999326681304808	3.044987e+02
400.000751341692762	3.044997e+02
400.999281060359692	3.045007e+02
402.000994149161556	3.045018e+02
402.999669211328353	3.045029e+02
404.001383904857562	3.045040e+02
404.999927130870162	3.045051e+02
406.001391002587809	3.045063e+02
406.999601684736604	3.045075e+02
408.000681472226745	3.045087e+02
409.001550340285974	3.045099e+02
410.002200812724368	3.045111e+02
410.999564337494576	3.045123e+02
411.999771379263905	3.045134e+02
412.999742635731366	3.045146e+02
413.999472666726717	3.045157e+02
415.002027021528761	3.045168e+02
416.001265735712195	3.045178e+02
417.00027961065382	3.045187e+02
418.002168361128668	3.045196e+02
419.000830570643586	3.045204e+02
419.999348062550951	3.045211e+02
421.000807412155893	3.045217e+02
422.002161809745814	3.045223e+02
423.000363478224813	3.045229e+02
424.001518449690877	3.045234e+02
424.999464893304832	3.045240e+02
426.00030369292142	3.045247e+02
427.00099127452637	3.045254e+02
428.001568160606212	3.045262e+02
429.002064812169294	3.045270e+02
429.99944102865561	3.045279e+02
430.999824061049083	3.045289e+02
432.000154087404724	3.045298e+02
433.000424325204449	3.045308e+02
434.00062092770537	3.045317e+02
435.000747573658373	3.045326e+02
436.00084101232062	3.045334e+02
437.000947099993482	3.045342e+02
438.001104957034727	3.045350e+02
439.001372516108916	3.045357e+02
440.001793093184403	3.045363e+02
440.999341095092859	3.045369e+02
442.000174895068085	3.045374e+02
443.001292886892941	3.045378e+02
443.999676892359332	3.045382e+02
445.001468249921118	3.045385e+02
446.0005412841561	3.045389e+02
446.999933551698859	3.045392e+02
447.99957269268856	3.045395e+02
448.99935313418041	3.045399e+02
449.99913949586778	3.045404e+02
451.001905425055099	3.045409e+02
452.001449724326449	3.045415e+02
453.000827018742655	3.045421e+02
454.000060016313171	3.045428e+02
455.002198157437931	3.045436e+02
456.001073655338701	3.045443e+02
456.999732738333421	3.045451e+02
458.00123783219243	3.045459e+02
458.999413706459279	3.045467e+02
460.000163836696743	3.045474e+02
461.000336822645636	3.045482e+02
462.000008779407551	3.045488e+02
462.999244201045997	3.045494e+02
464.001249828436698	3.045499e+02
465.000203846986892	3.045503e+02
465.999385247298903	3.045506e+02
467.001996124994605	3.045508e+02
468.001911059253757	3.045508e+02
469.002115217306198	3.045507e+02
469.999556206629677	3.045506e+02
471.000370882605068	3.045504e+02
472.001484397526838	3.045502e+02
472.999698394739198	3.045501e+02
474.000987097669451	3.045500e+02
475.002187011345541	3.045502e+02
476.000185397848838	3.045504e+02
477.001116975836737	3.045508e+02
478.001946023577034	3.045512e+02
478.999609814288533	3.045517e+02
480.000200582974514	3.045522e+02
481.000640765223636	3.045528e+02
482.000880314070741	3.045533e+02
483.000829945069484	3.045538e+02
484.000391984001851	3.045543e+02
484.999473983508892	3.045547e+02
486.001053223926704	3.045551e+02
487.002066538891711	3.045555e+02
487.999538386941651	3.045557e+02
488.999719400701622	3.045558e+02
489.999787496733063	3.045558e+02
490.999996222002039	3.045556e+02
492.000537937488446	3.045554e+02
493.001528185545851	3.045550e+02
494.000043348333691	3.045544e+02
494.999208302570253	3.045539e+02
496.002054096217819	3.045533e+02
496.999285033710748	3.045528e+02
497.999897188854902	3.045523e+02
499.000681167292043	3.045520e+02
500.001558474786805	3.045519e+02
500.999446010016641	3.045518e+02
502.000461577364092	3.045518e+02
503.001519412383175	3.045520e+02
503.999515874213841	3.045522e+02
505.000534591473297	3.045524e+02
506.001509888547616	3.045526e+02
507.002099204861224	3.045529e+02
508.001952459607026	3.045532e+02
509.000755663345956	3.045535e+02
510.001486862218997	3.045537e+02
511.001232487120603	3.045539e+02
512.000177563831585	3.045540e+02
513.001789287909901	3.045540e+02
514.00046415512486	3.045538e+02
514.99955479442508	3.045535e+02
515.999219044049141	3.045531e+02
516.999511772298206	3.045525e+02
518.000472374905598	3.045517e+02
519.002131619636771	3.045509e+02
520.001384632439681	3.045500e+02
521.001150454765366	3.045491e+02
522.001295794907037	3.045483e+02
523.001754521802923	3.045476e+02
523.999434406018167	3.045471e+02
525.000470145184181	3.045467e+02
526.001803413179573	3.045464e+02
527.000354396031071	3.045462e+02
527.99915328792224	3.045462e+02
529.001163035952914	3.045461e+02
529.999964345861144	3.045462e+02
531.0012454994461	3.045462e+02
532.001321133686361	3.045463e+02
532.999861796665527	3.045463e+02
534.000023953975301	3.045463e+02
535.001875234300201	3.045462e+02
535.99940115798131	3.045461e+02
536.99917090518386	3.045459e+02
538.001702907333424	3.045455e+02
539.001307213403038	3.045450e+02
540.001295571197147	3.045444e+02
541.001852747266639	3.045435e+02
542.000113862146009	3.045425e+02
542.99925261236649	3.045414e+02
543.999244945956434	3.045402e+02
544.999955860121077	3.045390e+02
546.001297232400361	3.045378e+02
547.000192963765812	3.045367e+02
547.999705276214399	3.045357e+02
548.9999173700038	3.045349e+02
550.000837994252493	3.045342e+02
550.999345650914734	3.045336e+02
552.001515635922487	3.045332e+02
553.001105488295934	3.045328e+02
554.00082469309541	3.045325e+02
555.000167760328509	3.045323e+02
556.001365889407907	3.045321e+02
557.000740602278597	3.045318e+02
558.001320209851997	3.045316e+02
559.000110213892867	3.045313e+02
560.000262559516386	3.045309e+02
560.99926184051003	3.045305e+02
562.0006160463181	3.045300e+02
563.00174009765351	3.045293e+02
564.00014104622926	3.045285e+02
564.999154569082179	3.045276e+02
566.001965079634488	3.045265e+02
566.999655573543009	3.045252e+02
568.001384470371249	3.045238e+02
569.000945280324004	3.045225e+02
570.001321185949223	3.045211e+02
570.999458110319438	3.045198e+02
572.001425298497111	3.045185e+02
573.001173122025079	3.045175e+02
574.001841467247459	3.045165e+02
575.000341047316283	3.045157e+02
575.999699363241348	3.045150e+02
576.999717356763654	3.045144e+02
577.999989358568769	3.045139e+02
578.999885849153543	3.045135e+02
580.001639232646653	3.045130e+02
581.001398899649303	3.045125e+02
582.001953020691985	3.045120e+02
583.000404394710699	3.045116e+02
584.000040789207219	3.045110e+02
585.000977102296929	3.045105e+02
586.000530345756715	3.045098e+02
586.999390607787518	3.045090e+02
588.001144122878259	3.045081e+02
589.000134475393111	3.045071e+02
589.999604690043157	3.045058e+02
590.999772563084207	3.045045e+02
592.000714664528573	3.045030e+02
592.999309139145566	3.045014e+02
594.001520821552276	3.044998e+02
595.001288064761411	3.044982e+02
596.001723137116073	3.044967e+02
596.999821477810087	3.044952e+02
598.00163901190831	3.044938e+02
599.001081933450678	3.044926e+02
600.001234037939525	3.044914e+02
601.001940910154531	3.044903e+02
601.999837888485331	3.044894e+02
603.00074770668266	3.044885e+02
604.001417181059651	3.044876e+02
605.001687215290872	3.044869e+02
606.001423520980666	3.044861e+02
607.000513557763156	3.044853e+02
608.00201169442164	3.044845e+02
609.000056043756331	3.044837e+02
610.001065509754426	3.044827e+02
610.999322067287608	3.044817e+02
612.001290099475682	3.044805e+02
613.00120910368264	3.044792e+02
613.999153626805764	3.044778e+02
615.001215520064648	3.044764e+02
616.001098613251429	3.044749e+02
617.001642391969199	3.044735e+02
617.999697263319149	3.044723e+02
619.001421452946829	3.044711e+02
620.000708426598749	3.044700e+02
621.000582813967867	3.044691e+02
622.001112512948225	3.044682e+02
622.999333074703259	3.044674e+02
624.001526337826249	3.044666e+02
625.001797992750539	3.044659e+02
626.00046178708601	3.044653e+02
627.000823918297669	3.044646e+02
627.99971611159765	3.044640e+02
629.000134610487748	3.044633e+02
630.001969376633838	3.044627e+02
631.002048189577636	3.044621e+02
632.0004285707289	3.044615e+02
633.000140181323104	3.044609e+02
634.000770489483443	3.044602e+02
635.001598749550453	3.044595e+02
636.002066656809347	3.044588e+02
637.001786905906442	3.044581e+02
637.999504703499269	3.044574e+02
639.000633690830796	3.044568e+02
639.99918786834246	3.044562e+02
641.001685653684603	3.044556e+02
641.999542269594372	3.044551e+02
642.999953332245013	3.044546e+02
644.000576416523131	3.044541e+02
645.001570642922729	3.044536e+02
645.999643539166868	3.044530e+02
647.000897338513028	3.044523e+02
647.999393108298932	3.044515e+02
649.001851529181295	3.044508e+02
649.999539178774853	3.044502e+02
651.001794109835942	3.044496e+02
651.999859218567849	3.044488e+02
652.999544433281699	3.044480e+02
653.999801568561224	3.044469e+02
654.999489441358605	3.044458e+02
656.000943333250348	3.044446e+02
657.000535376491371	3.044435e+02
658.000870871285201	3.044425e+02
659.001878863745446	3.044415e+02
660.001233104330709	3.044407e+02
661.000437464629726	3.044399e+02
662.001318534737948	3.044391e+02
662.9991663123335	3.044383e+02
664.000285830275857	3.044375e+02
665.000884472697294	3.044366e+02
666.000710235087126	3.044357e+02
667.000122997112726	3.044348e+02
668.001635112096551	3.044339e+02
669.000913257929483	3.044330e+02
669.999420760518205	3.044319e+02
670.999287944031153	3.044307e+02
672.002072327780297	3.044295e+02
673.000725547593561	3.044284e+02
674.001820541744451	3.044274e+02
675.000683714600314	3.044266e+02
675.999399580010731	3.044260e+02
677.002156536049142	3.044255e+02
678.000592297521962	3.044252e+02
679.002148617484863	3.044250e+02
680.001784788341638	3.044249e+02
680.999746126992932	3.044249e+02
682.001551099061089	3.044250e+02
683.001957194035526	3.044251e+02
683.99943363886166	3.044251e+02
684.999119040938353	3.044250e+02
686.000169280818113	3.044248e+02
687.000927326243527	3.044243e+02
688.001734230271609	3.044236e+02
689.000385540699199	3.044229e+02
690.000102986032516	3.044223e+02
691.000584174011692	3.044216e+02
692.001278119513586	3.044214e+02
692.998810184072113	3.044214e+02
694.000540359068509	3.044216e+02
694.999010773474538	3.044220e+02
695.999565635484373	3.044225e+02
697.001150977339762	3.044230e+02
698.001398222010494	3.044235e+02
698.999725805045159	3.044240e+02
700.001498724736734	3.044244e+02
700.999760782747671	3.044249e+02
702.00030560611242	3.044252e+02
703.001545842853716	3.044251e+02
703.998546867952086	3.044247e+02
705.000921811799685	3.044240e+02
705.99962011738819	3.044234e+02
706.999650543847679	3.044229e+02
708.000666672426519	3.044228e+02
708.999237894717226	3.044228e+02
710.001269207781093	3.044232e+02
711.00068407292008	3.044236e+02
711.999619119693762	3.044243e+02
713.000526590509253	3.044250e+02
713.998803280099537	3.044257e+02
715.000794775426357	3.044265e+02
715.999806607808409	3.044274e+02
717.001147277659015	3.044282e+02
717.999618727621851	3.044290e+02
719.001377582509349	3.044294e+02
719.999845347823111	3.044294e+02
721.000439443962705	3.044292e+02
721.998876129608675	3.044290e+02
722.998944888288406	3.044290e+02
724.00114311208813	3.044291e+02
724.998866032413844	3.044296e+02
726.001106170699586	3.044302e+02
727.001242939658482	3.044311e+02
727.999926591871031	3.044321e+02
728.998559988906209	3.044332e+02
730.001622066776122	3.044344e+02
731.000663074018917	3.044356e+02
731.999073254380278	3.044368e+02
732.999937744622798	3.044381e+02
733.999652488256629	3.044392e+02
735.000101756232084	3.044402e+02
735.999935767415082	3.044408e+02
737.001555677275633	3.044411e+02
737.998609831378303	3.044414e+02
739.000917515005426	3.044419e+02
739.999579389089149	3.044425e+02
741.000865824989205	3.044434e+02
742.001221721286811	3.044445e+02
742.9998251475198	3.044458e+02
743.999381362686222	3.044472e+02
745.000661640020667	3.044487e+02
745.999052092078955	3.044502e+02
746.999024049784566	3.044518e+02
748.001289256029395	3.044535e+02
748.99998594164947	3.044551e+02
750.000493470887022	3.044565e+02
751.00118734312548	3.044578e+02
752.000933119647812	3.044588e+02
752.998936581822591	3.044597e+02
754.001276251013905	3.044605e+02
754.999151737409875	3.044615e+02
755.999553005113967	3.044627e+02
756.999766152413599	3.044640e+02
757.999815231926959	3.044654e+02
758.999249365374908	3.044670e+02
760.00074675962378	3.044687e+02
761.001075912032888	3.044704e+02
762.000603060413027	3.044722e+02
763.000135315137868	3.044740e+02
764.000348738217554	3.044758e+02
765.001515277069643	3.044776e+02
766.000180917357966	3.044793e+02
766.998575464161149	3.044808e+02
767.998928480878021	3.044824e+02
769.0008602609538	3.044839e+02
770.001352425349751	3.044855e+02
771.000882636136907	3.044871e+02
771.999918369505622	3.044888e+02
772.998806968452868	3.044906e+02
774.000941714459373	3.044924e+02
775.000334162326453	3.044943e+02
776.000158078921004	3.044963e+02
777.000362560647091	3.044982e+02
778.000837514654791	3.045002e+02
779.001444253866225	3.045021e+02
779.998932096626277	3.045041e+02
780.999294900777159	3.045061e+02
781.999342827852388	3.045080e+02
782.999108211269913	3.045101e+02
783.998685302788545	3.045122e+02
785.001268894906502	3.045144e+02
786.000626433951197	3.045166e+02
786.999811633585182	3.045189e+02
787.998820800601152	3.045213e+02
789.000829230188174	3.045238e+02
789.999847145920967	3.045263e+02
790.999171168364683	3.045288e+02
791.99902125678841	3.045314e+02
792.999571968755276	3.045340e+02
794.000942685735822	3.045367e+02
795.000039267211605	3.045394e+02
795.999824847008995	3.045421e+02
797.00004227907823	3.045449e+02
798.000352229098212	3.045478e+02
799.000463290113203	3.045506e+02
800.000268040779247	3.045535e+02
800.999871383825734	3.045565e+02
801.999438918668716	3.045594e+02
802.999162635716857	3.045624e+02
803.999150184644463	3.045655e+02
804.999489574434278	3.045685e+02
806.000217659127884	3.045716e+02
807.001365643889585	3.045747e+02
807.99976032352879	3.045779e+02
809.001484647565803	3.045810e+02
810.000193134515371	3.045842e+02
810.998851293064718	3.045874e+02
812.000488119036959	3.045906e+02
812.998858862165093	3.045939e+02
814.000173863743385	3.045972e+02
815.001341913480928	3.046005e+02
815.999389005496141	3.046038e+02
817.000736505305099	3.046072e+02
817.999345361780456	3.046106e+02
819.001619323223736	3.046140e+02
820.001459451422306	3.046175e+02
820.998791650032786	3.046210e+02
821.999835648828935	3.046245e+02
823.001443597258117	3.046281e+02
824.000479166678019	3.046316e+02
825.000061539974695	3.046352e+02
826.000154788647023	3.046386e+02
827.000746153186583	3.046422e+02
827.998702254763771	3.046458e+02
829.000257981022514	3.046495e+02
829.999128928896084	3.046531e+02
831.001489294805879	3.046568e+02
832.000998249167878	3.046605e+02
833.00071269008447	3.046641e+02
834.000566630974504	3.046678e+02
835.000478943295093	3.046715e+02
836.000322319766724	3.046752e+02
836.999960958526117	3.046789e+02
837.999563778135894	3.046825e+02
838.999168539985249	3.046862e+02
839.998830256297879	3.046898e+02
840.998615871871266	3.046934e+02
842.00153524296104	3.046970e+02
843.001203686922736	3.047006e+02
844.000720130980653	3.047041e+02
845.000127664575871	3.047077e+02
845.999454980046153	3.047112e+02
846.998688989041057	3.047147e+02
848.000944380996543	3.047182e+02
848.999961869892672	3.047217e+02
849.998889864095986	3.047251e+02
851.000849864152087	3.047286e+02
851.999601594189471	3.047321e+02
853.001515988440019	3.047356e+02
854.000482909667198	3.047391e+02
854.999656519237647	3.047426e+02
855.99893769661162	3.047461e+02
857.001409319402342	3.047496e+02
858.000850150787869	3.047532e+02
859.00046238222626	3.047567e+02
860.000338609620371	3.047603e+02
861.00055942064489	3.047639e+02
862.00111120017948	3.047676e+02
862.998744885252336	3.047713e+02
863.999562963220342	3.047751e+02
865.000333438597977	3.047789e+02
866.000718484703725	3.047827e+02
867.000381215335096	3.047866e+02
867.999326859724874	3.047905e+02
869.000831713809248	3.047945e+02
869.998731560339024	3.047984e+02
870.99914408124846	3.048023e+02
871.998948856785773	3.048062e+02
873.001251550978509	3.048100e+02
873.999438886644043	3.048139e+02
874.999250714949312	3.048179e+02
876.000331079936132	3.048219e+02
876.999152904660036	3.048261e+02
877.999109606079287	3.048303e+02
879.001226105603337	3.048347e+02
880.000590679232914	3.048391e+02
881.001133877869847	3.048435e+02
882.000326707818431	3.048479e+02
882.998714442753908	3.048524e+02
883.999566477270491	3.048568e+02
884.999493633542215	3.048612e+02
886.001481871908709	3.048655e+02
886.999074026412359	3.048698e+02
888.001361691307693	3.048740e+02
888.998687333536395	3.048781e+02
889.999823340214903	3.048822e+02
891.000206741294278	3.048862e+02
892.001524768773493	3.048902e+02
892.999632733533304	3.048942e+02
893.998726334299249	3.048983e+02
895.001251636017628	3.049023e+02
895.99966766697446	3.049064e+02
897.000914273651915	3.049104e+02
897.99999523874294	3.049145e+02
899.0009590909807	3.049182e+02
900.002533407159831	3.049223e+02
901.001649579413879	3.049264e+02
902.002471845652622	3.049305e+02
903.00037772942153	3.049347e+02
904.002809723267433	3.049388e+02
904.999844958107929	3.049429e+02
905.999949295843749	3.049470e+02
907.000155261807322	3.049510e+02
908.000934451877697	3.049550e+02
909.002379459235726	3.049589e+02
910.001638080394969	3.049628e+02
911.001827591161145	3.049667e+02
912.002161111704822	3.049706e+02
913.000765935814343	3.049745e+02
914.00165379520945	3.049783e+02
915.000358634693953	3.049822e+02
916.000415810124309	3.049860e+02
917.000395916998968	3.049897e+02
918.002309347195592	3.049935e+02
919.001983037054401	3.049974e+02
920.000819481782173	3.050012e+02
921.002363494914448	3.050051e+02
922.000424353145945	3.050090e+02
923.000934642643074	3.050129e+02
923.999918588887567	3.050168e+02
925.002704718492851	3.050206e+02
926.002696914486023	3.050243e+02
927.000086321054596	3.050279e+02
928.001570287640334	3.050314e+02
929.001356130118779	3.050349e+02
930.002757190745569	3.050382e+02
931.001760013499052	3.050415e+02
932.002496640296386	3.050447e+02
933.002770722993091	3.050480e+02
934.001672547361977	3.050512e+02
935.002710266781264	3.050544e+02
936.00106170196193	3.050576e+02
937.001629816131526	3.050607e+02
938.000011724101114	3.050639e+02
939.000753615218969	3.050670e+02
940.001324817527461	3.050701e+02
941.001376824560111	3.050731e+02
942.000125615014554	3.050761e+02
943.000197233623226	3.050791e+02
944.001130840733822	3.050820e+02
945.002318494277233	3.050849e+02
946.000805384652267	3.050877e+02
946.999714333007546	3.050906e+02
948.002760436780932	3.050934e+02
949.000758457107054	3.050963e+02
950.00223440455909	3.050991e+02
950.999915305136028	3.051019e+02
952.002573059240035	3.051047e+02
953.00053643081435	3.051075e+02
953.999817725775301	3.051103e+02
955.000153551236735	3.051131e+02
956.001840701625952	3.051159e+02
957.002536753901836	3.051186e+02
958.002165369327372	3.051213e+02
959.000503621906432	3.051239e+02
960.001241601802349	3.051264e+02
961.00182415570373	3.051288e+02
962.002592048212477	3.051311e+02
963.000411513570498	3.051334e+02
964.001559919866963	3.051355e+02
964.999976972483296	3.051377e+02
966.001702405227775	3.051397e+02
967.000423207178301	3.051418e+02
968.002449167759096	3.051438e+02
969.001325984307641	3.051458e+02
970.002787921842923	3.051478e+02
971.000498195595242	3.051498e+02
972.000557081489774	3.051518e+02
973.002773597749297	3.051539e+02
974.000960477842796	3.051560e+02
975.001521410670648	3.051581e+02
976.001501783840467	3.051603e+02
977.001246241214403	3.051624e+02
978.001257707352806	3.051645e+02
979.001443710795343	3.051666e+02
980.001400281347969	3.051687e+02
981.000942252669802	3.051708e+02
982.000325255523308	3.051727e+02
983.002051484773006	3.051746e+02
984.002475988165884	3.051765e+02
985.002399010116505	3.051782e+02
986.001696966776649	3.051799e+02
986.999810322073017	3.051815e+02
988.00028649169144	3.051831e+02
989.000575804539949	3.051845e+02
990.000659609601257	3.051859e+02
991.000399298362254	3.051873e+02
991.999760921102165	3.051886e+02
993.001898745707194	3.051899e+02
994.000751777808432	3.051912e+02
995.002420509873673	3.051925e+02
996.000894017395353	3.051937e+02
997.002382656525015	3.051950e+02
998.000783479693723	3.051963e+02
999.0022674974648	3.051976e+02
1000.00085560744344	3.051989e+02
1001.00269509692077	3.052001e+02
1002.00166098345005	3.052014e+02
1003.00085863865502	3.052026e+02
1004.0003809664006	3.052038e+02
1005.00023397706707	3.052050e+02
1006.00038472691654	3.052062e+02
1007.00089075079302	3.052073e+02
1008.00176095633424	3.052084e+02
1008.99992234894955	3.052095e+02
1010.00150286438907	3.052105e+02
1011.00038192940849	3.052116e+02
1012.00263615528706	3.052127e+02
1013.00207769701899	3.052138e+02
1014.00173122067895	3.052150e+02
1015.00156740682974	3.052162e+02
1016.00158130024272	3.052176e+02
1017.00179324869418	3.052190e+02
1018.00220893405492	3.052204e+02
1018.99974171588326	3.052220e+02
1020.00057108310989	3.052236e+02
1021.00167020718982	3.052253e+02
1022.00001975314728	3.052270e+02
1023.00181891413922	3.052287e+02
1024.00096705349142	3.052304e+02
1025.00056589157703	3.052322e+02
1026.00061973882362	3.052339e+02
1027.00108111665872	3.052356e+02
1028.00189527269936	3.052373e+02
1028.99992399226335	3.052389e+02
1030.00124467002433	3.052405e+02
1031.00267731200938	3.052420e+02
1032.00105218086173	3.052434e+02
1033.00243969772782	3.052448e+02
1034.00061470947526	3.052461e+02
1035.00168359888221	3.052474e+02
1036.00249860069925	3.052486e+02
1036.99987937622768	3.052498e+02
1037.99987311999075	3.052510e+02
1039.0024032708186	3.052523e+02
1040.00135392480797	3.052535e+02
1040.999878712493	3.052548e+02
1042.00111745941422	3.052562e+02
1043.00206369308444	3.052577e+02
1044.00276709446734	3.052592e+02
1045.00018848085483	3.052607e+02
1046.00048858662194	3.052623e+02
1047.00049681895553	3.052639e+02
1048.00020112822381	3.052654e+02
1049.00268013289315	3.052668e+02
1050.00182109680622	3.052682e+02
1051.00087224398112	3.052695e+02
1051.99989462314875	3.052707e+02
1053.00187506253587	3.052718e+02
1054.00076610413726	3.052727e+02
1054.99973184103737	3.052736e+02
1056.00183053408614	3.052743e+02
1057.00089182120632	3.052749e+02
1057.99995816247588	3.052755e+02
1059.00213397608672	3.052761e+02
1060.00138246242204	3.052767e+02
1061.00080597989427	3.052774e+02
1062.00038595797014	3.052782e+02
1063.00010507932257	3.052791e+02
1063.99993240368121	3.052801e+02
1064.99983997466506	3.052812e+02
1065.99983784852839	3.052824e+02
1066.99997036446234	3.052835e+02
1068.00031321539632	3.052847e+02
1069.00093802167976	3.052858e+02
1070.00186504118665	3.052869e+02
1070.99999787082515	3.052879e+02
1072.00142011894172	3.052889e+02
1072.99992293207129	3.052898e+02
1074.00156718991116	3.052907e+02
1075.00010908368677	3.052915e+02
1076.00164440833282	3.052922e+02
1077.00001577052399	3.052929e+02
1078.00134937508915	3.052935e+02
1079.00261422088397	3.052940e+02
1080.0008004579272	3.052945e+02
1081.00203806036188	3.052950e+02
1082.0000936859808	3.052955e+02
1083.00099232441335	3.052959e+02
1084.00158448389084	3.052965e+02
1085.00184763915036	3.052971e+02
1086.00181224374819	3.052978e+02
1087.00150893746581	3.052985e+02
1088.00097722084752	3.052994e+02
1089.00023644996122	3.053002e+02
1090.00237091644681	3.053012e+02
1091.00128031511258	3.053021e+02
1092.00008777840162	3.053030e+02
1093.00193747221329	3.053040e+02
1094.00075467239367	3.053049e+02
1095.00269191563029	3.053057e+02
1096.00163632915996	3.053065e+02
1097.00066233535199	3.053072e+02
1097.99975699959123	3.053078e+02
1099.00197569590205	3.053084e+02
1100.00121817382069	3.053088e+02
1101.00051497928393	3.053090e+02
1101.99984050122021	3.053092e+02
1103.00230950820651	3.053093e+02
1104.00190742267068	3.053093e+02
1105.00168456578876	3.053093e+02
1106.00158856940266	3.053093e+02
1107.00157376966081	3.053093e+02
1108.00160616706557	3.053095e+02
1109.00165423799626	3.053098e+02
1110.00168722541184	3.053103e+02
1111.00167666294078	3.053108e+02
1112.00164100901338	3.053114e+02
1113.0016082368893	3.053121e+02
1114.0015811704302	3.053128e+02
1115.00158614022598	3.053135e+02
1116.00168214937594	3.053143e+02
1117.00178709406805	3.053150e+02
1118.00170395871783	3.053156e+02
1119.00131608142442	3.053163e+02
1120.00053988737955	3.053168e+02
1121.00244780601156	3.053173e+02
1122.00117117810055	3.053177e+02
1122.99996831972635	3.053180e+02
1124.00184955443547	3.053182e+02
1125.0008117509874	3.053182e+02
1126.00002150219325	3.053181e+02
1127.00255074076676	3.053180e+02
1128.00223106746057	3.053177e+02
1129.00200920869338	3.053174e+02
1130.00177712908544	3.053172e+02
1131.00147374108451	3.053170e+02
1132.00101893863257	3.053169e+02
1133.00041017420335	3.053170e+02
1134.00278128124137	3.053171e+02
1135.00207804170077	3.053174e+02
1136.00142492683199	3.053178e+02
1137.00087033014893	3.053183e+02
1138.00028922801084	3.053187e+02
1139.00244747980901	3.053193e+02
1140.0012223033134	3.053198e+02
1141.00237404415998	3.053202e+02
1142.00238371320052	3.053207e+02
1143.00166866327754	3.053211e+02
1144.00045207131211	3.053214e+02
1145.00140896645394	3.053217e+02
1146.00193472379215	3.053218e+02
1147.0024819924347	3.053218e+02
1148.0000594589801	3.053217e+02
1149.0007810781276	3.053213e+02
1150.00177227282438	3.053209e+02
1151.00016715046763	3.053203e+02
1152.00213740417257	3.053196e+02
1153.0015451623583	3.053188e+02
1154.00134472899663	3.053181e+02
1155.00153888477121	3.053174e+02
1156.00213266585183	3.053168e+02
1157.00006491856539	3.053164e+02
1158.00144956452573	3.053161e+02
1159.00018702758234	3.053160e+02
1160.00243290755111	3.053159e+02
1161.00199624302377	3.053159e+02
1162.00182318344082	3.053161e+02
1163.00178616921221	3.053162e+02
1164.00159441893129	3.053164e+02
1165.00091842607435	3.053166e+02
1166.00231310010463	3.053168e+02
1167.00246377691292	3.053169e+02
1168.00145692360547	3.053174e+02
1168.99942723795084	3.053175e+02
1169.99979268127572	3.053174e+02
1170.9998482534013	3.053172e+02
1171.99977573618571	3.053169e+02
1172.99970711423748	3.053165e+02
1173.99984895071702	3.053159e+02
1175.00048398354443	3.053151e+02
1176.0017852294759	3.053143e+02
1177.00067111765429	3.053134e+02
1178.00000052079463	3.053125e+02
1178.99964776748902	3.053116e+02
1179.9996500149507	3.053108e+02
1181.00011751790998	3.053101e+02
1182.00109274378019	3.053096e+02
1182.99953844046445	3.053091e+02
1184.00161975154674	3.053088e+02
1185.0010952845264	3.053086e+02
1186.00082077057436	3.053084e+02
1187.00052259694871	3.053084e+02
1187.99981967165877	3.053083e+02
1189.00100104239505	3.053083e+02
1190.00075818430082	3.053083e+02
1191.00229925142048	3.053082e+02
1192.00238138700774	3.053081e+02
1193.00115142059485	3.053079e+02
1194.00229233991195	3.053077e+02
1194.99991325910969	3.053073e+02
1196.00023564771027	3.053068e+02
1197.00049059507842	3.053062e+02
1198.00096832561576	3.053054e+02
1199.00196906711221	3.053044e+02
1200.00072330591365	3.053034e+02
1201.00032337418634	3.053023e+02
1202.00070921642305	3.053011e+02
1203.00178901727554	3.053000e+02
1204.00053344729099	3.052989e+02
1205.00006089014664	3.052980e+02
1206.00039809618579	3.052971e+02
1207.00151598089246	3.052964e+02
1208.00035781096744	3.052958e+02
1208.99987153087022	3.052953e+02
1209.99979481689934	3.052949e+02
1210.99990631732817	3.052946e+02
1211.99983363515344	3.052944e+02
1213.0017097821742	3.052942e+02
1214.0021506782607	3.052940e+02
1215.00116107686085	3.052937e+02
1216.00141195242895	3.052934e+02
1217.00038530247593	3.052931e+02
1218.00163738450669	3.052927e+02
1219.00191638025217	3.052923e+02
1220.00175449950575	3.052917e+02
1221.00164270278879	3.052910e+02
1222.00177634713282	3.052901e+02
1223.00238456964007	3.052892e+02
1224.00073988087343	3.052881e+02
1224.99994067277544	3.052869e+02
1225.99988755455593	3.052857e+02
1227.00052770662251	3.052845e+02
1228.00185086165811	3.052834e+02
1229.00085501987633	3.052823e+02
1230.00063862211573	3.052813e+02
1231.00120464337965	3.052805e+02
1231.99946905427805	3.052797e+02
1233.00143015099479	3.052790e+02
1234.00073198825248	3.052785e+02
1235.00016940806972	3.052780e+02
1236.00243736717289	3.052775e+02
1237.00067041578154	3.052771e+02
1238.00048635038979	3.052766e+02
1239.00190729616907	3.052762e+02
1240.00200350179421	3.052757e+02
1241.00072930942611	3.052752e+02
1242.00120417448375	3.052747e+02
1243.00079487614312	3.052740e+02
1244.00003539312388	3.052733e+02
1245.00239127967575	3.052725e+02
1246.00203964125558	3.052715e+02
1247.00225056698514	3.052704e+02
1248.00021967876341	3.052692e+02
1249.00209280594663	3.052680e+02
1250.0017432442155	3.052667e+02
1251.00223105776399	3.052654e+02
1252.00042478383716	3.052641e+02
1253.00236105416661	3.052629e+02
1254.00199279181561	3.052617e+02
1255.00239793528704	3.052607e+02
1256.0004753739197	3.052597e+02
1257.00226193670846	3.052589e+02
1258.00142996505519	3.052581e+02
1259.00078220803221	3.052574e+02
1259.99991128766237	3.052567e+02
1261.00125664209122	3.052561e+02
1262.00120878328926	3.052554e+02
1262.99986208942869	3.052548e+02
1264.00044668269834	3.052542e+02
1264.99972316733647	3.052535e+02
1266.0003879788535	3.052528e+02
1267.00033864845113	3.052520e+02
1267.99998568574119	3.052512e+02
1269.00241130910103	3.052502e+02
1270.00212418921797	3.052492e+02
1270.99949781502346	3.052481e+02
1272.00069961486156	3.052468e+02
1272.99960364584672	3.052455e+02
1274.00234622308585	3.052441e+02
1274.99986669649093	3.052427e+02
1276.00123938136585	3.052414e+02
1277.000207835541	3.052400e+02
1277.99978615834652	3.052388e+02
1278.99999296406304	3.052376e+02
1280.00078588853944	3.052365e+02
1281.00218925132981	3.052354e+02
1282.001000308627	3.052345e+02
1282.99989982189345	3.052336e+02
1284.00160128966195	3.052327e+02
1284.99949913572163	3.052319e+02
1285.99948525349669	3.052310e+02
1287.00143195195619	3.052302e+02
1288.0022296618929	3.052294e+02
1289.00193007721691	3.052285e+02
1290.00039502276127	3.052277e+02
1291.00113276644925	3.052267e+02
1292.00123467932281	3.052258e+02
1293.00090210048734	3.052247e+02
1294.00087284951906	3.052236e+02
1295.00153186770967	3.052223e+02
1295.99987680909931	3.052210e+02
1297.00202598392593	3.052196e+02
1298.00198132145988	3.052182e+02
1298.99978490434228	3.052167e+02
1300.00148177374126	3.052153e+02
1301.00084461737083	3.052138e+02
1302.0007922119737	3.052124e+02
1303.00126152487223	3.052111e+02
1304.00222154247763	3.052098e+02
1305.00055956380015	3.052086e+02
1306.00236143979669	3.052075e+02
1307.00113861308932	3.052064e+02
1307.99970352336413	3.052053e+02
1309.00082301903626	3.052043e+02
1310.00105060529063	3.052033e+02
1311.0001943644661	3.052023e+02
1312.00149514521718	3.052013e+02
1313.00181865880609	3.052003e+02
1314.00101850295437	3.051992e+02
1314.99966948671727	3.051982e+02
1316.00094251422252	3.051971e+02
1317.00175474054163	3.051959e+02
1317.99973445341038	3.051947e+02
1319.0011838583041	3.051933e+02
1320.00006145143266	3.051920e+02
1320.9998786588244	3.051905e+02
1322.00059475559601	3.051890e+02
1323.00210252745683	3.051875e+02
1324.00150249071521	3.051859e+02
1325.001828280268	3.051844e+02
1325.99982418465379	3.051829e+02
1327.00134061151948	3.051814e+02
1327.99995232619585	3.051800e+02
1329.00180752360143	3.051787e+02
1330.00047049555064	3.051773e+02
1331.00202380001542	3.051760e+02
1332.00022600971192	3.051748e+02
1333.00110556656159	3.051736e+02
1334.00157945354044	3.051724e+02
1335.00132119213072	3.051712e+02
1336.00020147994837	3.051700e+02
1337.00144249976211	3.051688e+02
1338.00187539297303	3.051677e+02
1339.00179980415351	3.051664e+02
1340.0016842205041	3.051652e+02
1341.00129452928695	3.051639e+02
1342.00090668375151	3.051626e+02
1343.00106692536019	3.051612e+02
1344.00164754809566	3.051597e+02
1344.9995518319779	3.051582e+02
1346.00117803193439	3.051567e+02
1347.00058294570135	3.051551e+02
1348.00065221684781	3.051536e+02
1349.00136195362552	3.051520e+02
1349.99964389572051	3.051504e+02
1351.00132676663816	3.051488e+02
1352.00010720266232	3.051473e+02
1353.00215635971608	3.051458e+02
1354.00093085089838	3.051443e+02
1355.00229045060428	3.051428e+02
1356.00039744744981	3.051414e+02
1357.00151050956129	3.051399e+02
1358.00223619059966	3.051385e+02
1358.99939708340594	3.051372e+02
1359.99940372392257	3.051358e+02
1361.00212330046543	3.051344e+02
1362.00134583883619	3.051330e+02
1363.00052368254137	3.051317e+02
1363.99970074483099	3.051303e+02
1365.00189773459147	3.051289e+02
1366.00131001497152	3.051274e+02
1367.00107700075932	3.051259e+02
1368.0010993491303	3.051244e+02
1369.00152064225426	3.051229e+02
1370.00242757796013	3.051214e+02
1371.00061275779763	3.051198e+02
1372.00225436233609	3.051182e+02
1373.00132172492476	3.051165e+02
1374.00072976524916	3.051149e+02
1375.00047486011385	3.051133e+02
1376.00057610548834	3.051116e+02
1377.00094119779419	3.051100e+02
1378.00147969323575	3.051084e+02
1379.00206281419082	3.051068e+02
1379.99960835852539	3.051052e+02
1381.00035315717696	3.051036e+02
1382.00117982417487	3.051021e+02
1383.00188842857392	3.051005e+02
1384.00238074751178	3.050989e+02
1384.99956844715962	3.050974e+02
1385.9995144857171	3.050958e+02
1387.00206609297879	3.050943e+02
1388.00113261640308	3.050927e+02
1388.99979272700102	3.050912e+02
1390.00100797844289	3.050896e+02
1391.00175440717067	3.050880e+02
1392.00207531668116	3.050864e+02
1393.00194194733967	3.050848e+02
1394.00136542118298	3.050832e+02
1395.00040574753643	3.050815e+02
1396.00215173643983	3.050798e+02
1397.00054185882527	3.050781e+02
1398.0017606700294	3.050764e+02
1398.99976246545953	3.050747e+02
1400.00067484689248	3.050729e+02
1401.00147965706424	3.050712e+02
1402.00219265735041	3.050694e+02
1402.99974176259661	3.050676e+02
1404.00022969408224	3.050657e+02
1405.00059873208011	3.050639e+02
1406.00078672673521	3.050620e+02
1407.0007648413191	3.050601e+02
1408.00052971976174	3.050583e+02
1409.00002698930848	3.050564e+02
1410.00228156024286	3.050545e+02
1411.00118097564541	3.050526e+02
1411.99975509059163	3.050507e+02
1413.00107292269581	3.050488e+02
1414.00213952720424	3.050469e+02
1414.99992407696914	3.050449e+02
1416.00048167130171	3.050430e+02
1417.00075655608157	3.050411e+02
1418.00076763720131	3.050392e+02
1419.000554672622	3.050372e+02
1420.00014793516266	3.050353e+02
1420.99955837955667	3.050333e+02
1422.00182019670569	3.050313e+02
1423.00086064730885	3.050294e+02
1423.99974808299248	3.050274e+02
1425.00155270657524	3.050254e+02
1426.00021303310587	3.050234e+02
1427.00180606315939	3.050214e+02
1428.00027117868967	3.050195e+02
1429.0017150724359	3.050175e+02
1430.00009498698455	3.050155e+02
1431.00148637769485	3.050136e+02
1431.99983459352961	3.050116e+02
1433.00122372700935	3.050097e+02
1433.99958504823076	3.050078e+02
1435.00099013086469	3.050059e+02
1436.00243049145433	3.050040e+02
1437.00092542327593	3.050022e+02
1437.99958640234604	3.050005e+02
1439.00155438035927	3.049987e+02
1440.0008606903175	3.049970e+02
1441.00067439768281	3.049954e+02
1442.00115921649444	3.049938e+02
1442.9994869696277	3.049923e+02
1444.00200200168956	3.049908e+02
1444.99983316629164	3.049894e+02
1446.00244001918691	3.049880e+02
1447.0009158599828	3.049867e+02
1448.00162168231577	3.049854e+02
1449.00147096406477	3.049841e+02
1450.00031629733826	3.049828e+02
1451.00110556522736	3.049815e+02
1452.00062725779549	3.049802e+02
1453.00189060908019	3.049789e+02
1454.00168470785093	3.049775e+02
1454.99982438806978	3.049762e+02
1456.00234023965163	3.049748e+02
1457.00247151166786	3.049734e+02
1457.99978250547156	3.049720e+02
1459.0000124022597	3.049707e+02
1459.9995264321692	3.049695e+02
1461.0012289927638	3.049684e+02
1462.00232118737358	3.049673e+02
1463.00029809577313	3.049662e+02
1464.00179723596398	3.049652e+02
1465.00072702734246	3.049642e+02
1466.00032453342374	3.049632e+02
1467.0007842909647	3.049622e+02
1468.00233265395582	3.049612e+02
1469.0024429164198	3.049600e+02
1470.00076987063153	3.049588e+02
1471.0020755894061	3.049574e+02
1472.00185651071888	3.049560e+02
1473.0019727176757	3.049546e+02
1474.0018970851163	3.049532e+02
1475.00196698163882	3.049518e+02
1476.00021590997676	3.049505e+02
1477.0006522291103	3.049493e+02
1478.00060194689854	3.049481e+02
1479.00007764097563	3.049470e+02
1479.99938356386815	3.049459e+02
1480.99952132620911	3.049448e+02
1482.00159064828904	3.049436e+02
1483.00023121288996	3.049423e+02
1483.99944084453546	3.049410e+02
1485.00228560442292	3.049395e+02
1486.00048169832712	3.049380e+02
1487.00101512764513	3.049363e+02
1487.99948263876536	3.049346e+02
1489.00164878039186	3.049327e+02
1490.00120211845046	3.049308e+02
1491.00149582673566	3.049289e+02
1491.99957597045659	3.049272e+02
1493.00217855849564	3.049255e+02
1494.00152038810575	3.049240e+02
1495.00232985045204	3.049225e+02
1495.99957868875367	3.049212e+02
1497.00041299866211	3.049199e+02
1498.00228026435752	3.049186e+02
1499.0019717056748	3.049172e+02
1499.99944198550452	3.049159e+02
1501.00197434916413	3.049146e+02
1502.00097798465208	3.049132e+02
1503.00095592908497	3.049116e+02
1504.00100045218869	3.049100e+02
1505.00138450374584	3.049082e+02
1505.99963133765618	3.049066e+02
1507.00218859816141	3.049051e+02
1508.00215459009792	3.049039e+02
1509.00145067798485	3.049029e+02
1510.0004111013784	3.049022e+02
1511.00043633165319	3.049016e+02
1512.00090013349381	3.049012e+02
1513.00150129576082	3.049008e+02
1514.00045613390421	3.049004e+02
1515.0004895439115	3.049000e+02
1516.00064640102619	3.048997e+02
1517.00025946888468	3.048994e+02
1518.00180260865295	3.048991e+02
1519.00094428725606	3.048985e+02
1519.99947743220218	3.048976e+02
1520.99967138157922	3.048965e+02
1522.00110347006535	3.048952e+02
1523.00085806139145	3.048940e+02
1524.00227354593676	3.048930e+02
1525.00214313299193	3.048922e+02
1526.00015786992503	3.048916e+02
1527.00225177713651	3.048912e+02
1528.0001851478421	3.048910e+02
1529.00168708036381	3.048909e+02
1530.00184077485028	3.048909e+02
1531.00138248521512	3.048910e+02
1532.00054613347834	3.048911e+02
1532.99935756371656	3.048912e+02
1534.00080229890591	3.048912e+02
1535.00063800180737	3.048911e+02
1536.00044809441829	3.048906e+02
1537.0024513020403	3.048897e+02
1538.00021715961134	3.048887e+02
1539.00022536233246	3.048878e+02
1539.99965146088675	3.048870e+02
1541.00160632775419	3.048866e+02
1542.00242846992796	3.048864e+02
1543.00146703839664	3.048864e+02
1544.00122770013149	3.048866e+02
1545.00229609782764	3.048870e+02
1546.00005043585611	3.048875e+02
1547.00231625834817	3.048880e+02
1548.00075620504799	3.048886e+02
1549.0018650204122	3.048892e+02
1550.00243819486718	3.048898e+02
1551.0020190543928	3.048903e+02
1552.00188377580912	3.048905e+02
1553.00061469208367	3.048904e+02
1554.00061680319368	3.048902e+02
1555.00160644996754	3.048899e+02
1556.00103445746504	3.048898e+02
1556.9994068021947	3.048898e+02
1558.00018298727855	3.048900e+02
1559.00006911144374	3.048904e+02
1560.00154254704034	3.048910e+02
1561.00136399896451	3.048916e+02
1562.00043796229738	3.048924e+02
1563.00021025949127	3.048932e+02
1564.0019983830025	3.048940e+02
1565.00040247734796	3.048949e+02
1566.00159256775419	3.048957e+02
1567.00076829848354	3.048964e+02
1567.99969698232621	3.048970e+02
1569.00080821864981	3.048973e+02
1570.00041200809414	3.048975e+02
1571.0017829885478	3.048978e+02
1572.00230063813865	3.048982e+02
1572.9994080157328	3.048988e+02
1573.99991457438978	3.048994e+02
1575.00099178592723	3.049002e+02
1575.99936336314477	3.049010e+02
1577.00090348195931	3.049020e+02
1578.0023832285392	3.049030e+02
1579.0006851629214	3.049040e+02
1580.00212364575168	3.049051e+02
1581.00060599417634	3.049062e+02
1582.0022305594332	3.049072e+02
1583.00067724483029	3.049082e+02
1584.00192758469302	3.049091e+02
1585.00235790405236	3.049100e+02
1586.00149275982881	3.049109e+02
1587.00222385816323	3.049119e+02
1588.00146541143567	3.049129e+02
1588.99958546689709	3.049139e+02
1590.00006341164863	3.049150e+02
1591.00005538963728	3.049162e+02
1591.99975114748372	3.049174e+02
1593.00243515408761	3.049187e+02
1594.00204142697703	3.049199e+02
1595.00164709542446	3.049213e+02
1596.00119063272928	3.049226e+02
1597.00052817956089	3.049240e+02
1597.99952182841821	3.049255e+02
1599.00130684936221	3.049269e+02
1599.99981535713846	3.049285e+02
1601.00145051019399	3.049300e+02
1602.00010329296651	3.049317e+02
1603.00191414534584	3.049334e+02
1604.00051873423399	3.049352e+02
1605.00191450489137	3.049370e+02
1605.99975262272596	3.049389e+02
1607.00023190400702	3.049409e+02
1608.00043648950623	3.049429e+02
1609.00055999963502	3.049449e+02
1610.0009170024116	3.049470e+02
1611.001741257418	3.049492e+02
1612.0001706721118	3.049514e+02
1612.999404804264	3.049536e+02
1613.9995002829116	3.049560e+02
1615.0003973314017	3.049583e+02
1616.00190457780104	3.049607e+02
1617.00081760004173	3.049631e+02
1618.00021618120877	3.049655e+02
1619.00012759630522	3.049680e+02
1620.00058389813239	3.049705e+02
1621.00153054397197	3.049730e+02
1621.99990632452636	3.049755e+02
1623.00186297378309	3.049780e+02
1624.00109695929541	3.049806e+02
1625.00060884548589	3.049832e+02
1626.00037577899548	3.049857e+02
1627.00034948603729	3.049883e+02
1628.00057745026311	3.049909e+02
1629.00102148624933	3.049935e+02
1630.00169563352665	3.049962e+02
1630.99943060590749	3.049988e+02
1632.00040985007013	3.050015e+02
1633.00151218209294	3.050042e+02
1633.99962168989737	3.050069e+02
1635.00099494452138	3.050097e+02
1635.99951230194438	3.050124e+02
1637.0015764402583	3.050152e+02
1638.00095035058303	3.050180e+02
1639.00084290852033	3.050208e+02
1640.00127968392349	3.050236e+02
1641.00231041250436	3.050265e+02
1642.00085439373447	3.050294e+02
1643.00006424387175	3.050322e+02
1643.99993741584012	3.050351e+02
1645.00046120292927	3.050381e+02
1646.00154547154466	3.050410e+02
1646.99998948904863	3.050439e+02
1648.0019560656674	3.050468e+02
1649.00108395298275	3.050497e+02
1650.00040923495135	3.050527e+02
1650.9998145295267	3.050556e+02
1652.00228328488492	3.050585e+02
1653.00135786075043	3.050613e+02
1653.99990519593848	3.050642e+02
1655.00094263863707	3.050670e+02
1656.00144990515332	3.050698e+02
1657.001486180342	3.050726e+02
1658.00114828848768	3.050754e+02
1659.00056125673336	3.050781e+02
1659.99983203648662	3.050808e+02
1661.00217269050086	3.050836e+02
1662.00136381713992	3.050863e+02
1663.00060897905269	3.050891e+02
1664.00000080221275	3.050919e+02
1664.99961876574889	3.050947e+02
1665.9994337060391	3.050976e+02
1666.99945094847817	3.051004e+02
1667.99969823608831	3.051033e+02
1669.0002503347398	3.051063e+02
1670.00112697989584	3.051093e+02
1671.00223801401739	3.051123e+02
1672.00029298165714	3.051154e+02
1673.00147125443232	3.051186e+02
1674.0024235614801	3.051218e+02
1674.99991810012102	3.051251e+02
1676.00018549485685	3.051284e+02
1677.00034258195728	3.051318e+02
1678.0006078432657	3.051352e+02
1679.00074318016118	3.051386e+02
1680.00061815672484	3.051420e+02
1680.99996409869118	3.051453e+02
1682.00176703641841	3.051486e+02
1682.9994812510713	3.051519e+02
1684.00210582807949	3.051553e+02
1684.9997232986882	3.051588e+02
1686.00162352087023	3.051624e+02
1686.99928511856547	3.051660e+02
1688.00013261928802	3.051698e+02
1689.00208923491664	3.051735e+02
1689.99973834586353	3.051773e+02
1690.99948128723213	3.051811e+02
1692.00121101059153	3.051849e+02
1693.00136240399593	3.051886e+02
1693.99957141443906	3.051923e+02
1695.00190741234201	3.051960e+02
1696.00013208434189	3.051996e+02
1697.00077737072206	3.052031e+02
1698.00160860480719	3.052065e+02
1699.00195378476951	3.052100e+02
1700.00183178807356	3.052134e+02
1701.00212652200298	3.052168e+02
1702.00197227292597	3.052203e+02
1702.99924638317179	3.052237e+02
1704.00077320654168	3.052271e+02
1704.99997854296589	3.052306e+02
1706.00161548434903	3.052340e+02
1707.00146394703415	3.052375e+02
1707.99926734734345	3.052410e+02
1709.00170158088281	3.052445e+02
1710.00025709872853	3.052480e+02
1711.00200663532223	3.052515e+02
1712.00099446604986	3.052551e+02
1713.00023424793358	3.052586e+02
1713.99943710887783	3.052620e+02
1715.00202866329209	3.052655e+02
1716.00197178756753	3.052689e+02
1716.99942580786842	3.052723e+02
1718.00083168834226	3.052756e+02
1718.99953573065409	3.052789e+02
1720.00078094724836	3.052822e+02
1721.00014633540104	3.052855e+02
1721.99924175523415	3.052888e+02
1723.00042829580616	3.052918e+02
1724.00113965048058	3.052950e+02
1724.99954316198364	3.052982e+02
1726.0002667158908	3.053015e+02
1727.00192361754353	3.053047e+02
1727.99944069978505	3.053079e+02
1728.99928636835784	3.053112e+02
1730.00114352220453	3.053144e+02
1731.00170482415865	3.053176e+02
1732.00057964351049	3.053208e+02
1733.00037499755285	3.053239e+02
1734.00094982649284	3.053269e+02
1734.99938763210798	3.053297e+02
1736.00232569371678	3.053325e+02
1737.00073653296545	3.053352e+02
1738.0009665585801	3.053378e+02
1739.00225875173533	3.053404e+02
1739.99989089831297	3.053429e+02
1741.00141984554466	3.053454e+02
1741.99934770596747	3.053480e+02
1742.99990019412962	3.053505e+02
1744.00091572768224	3.053530e+02
1745.00068450912227	3.053556e+02
1746.00062133516371	3.053582e+02
1747.00198500961801	3.053607e+02
1748.00224695144425	3.053632e+02
1749.00126858479257	3.053657e+02
1750.00161968650377	3.053682e+02
1750.9997092020028	3.053706e+02
1752.00144777802461	3.053730e+02
1753.00026170735805	3.053754e+02
1754.00218669342166	3.053777e+02
1755.00139858895091	3.053800e+02
1756.00128267370133	3.053823e+02
1757.00205770201205	3.053845e+02
1758.00002264717455	3.053868e+02
1759.00062327042133	3.053891e+02
1760.00025216299309	3.053913e+02
1761.00187348628788	3.053936e+02
1762.00212852821619	3.053958e+02
1763.00081485484156	3.053981e+02
1764.00107686984484	3.054003e+02
1764.9998568213789	3.054025e+02
1766.00019417094722	3.054047e+02
1767.0017915733315	3.054068e+02
1768.00125262652091	3.054089e+02
1768.99937462505045	3.054108e+02
1769.99997874569317	3.054127e+02
1771.00060046397971	3.054146e+02
1772.00124592962334	3.054163e+02
1773.00211127545663	3.054180e+02
1774.00011331133851	3.054195e+02
1775.00109214504914	3.054211e+02
1776.00195505511169	3.054225e+02
1776.99985129126799	3.054240e+02
1778.00076166344184	3.054254e+02
1779.00138012028287	3.054267e+02
1780.00177172110102	3.054281e+02
1781.00190062878801	3.054294e+02
1782.00144119139713	3.054307e+02
1783.00066928198794	3.054321e+02
1783.99998476426481	3.054334e+02
1785.00226558580243	3.054348e+02
1786.00144910440167	3.054361e+02
1787.00124547982864	3.054374e+02
1788.00168827893708	3.054388e+02
1789.0022080209028	3.054401e+02
1789.9995911069966	3.054414e+02
1791.00010002287286	3.054427e+02
1792.00026048073732	3.054439e+02
1792.99940565161046	3.054451e+02
1794.00095048029311	3.054463e+02
1795.0022039799876	3.054474e+02
1796.0023919818257	3.054481e+02
1797.0014321338056	3.054491e+02
1798.0031820424424	3.054501e+02
1799.00156390193	3.054510e+02
1800.00253116195722	3.054519e+02
1801.00297931816453	3.054528e+02
1802.00299992428063	3.054537e+02
1803.0026530194275	3.054545e+02
1804.00192578488122	3.054553e+02
1805.000839223203	3.054562e+02
1806.00251118268443	3.054570e+02
1807.00089268304328	3.054578e+02
1808.00212839875189	3.054586e+02
1809.00322868427702	3.054594e+02
1810.00123368741583	3.054603e+02
1811.00235695240326	3.054611e+02
1812.00364398830607	3.054618e+02
1813.00213186630731	3.054626e+02
1814.00095316821785	3.054634e+02
1815.00329309993526	3.054641e+02
1816.00313267045703	3.054648e+02
1817.00359492397411	3.054655e+02
1818.00164024281912	3.054663e+02
1819.00338250235836	3.054670e+02
1820.0026825321338	3.054677e+02
1821.00259879485566	3.054685e+02
1822.00308566601916	3.054693e+02
1823.0010054460347	3.054702e+02
1824.00245336836861	3.054710e+02
1825.00125472971558	3.054720e+02
1826.00354656955096	3.054730e+02
1827.00317555549532	3.054741e+02
1828.00316531953194	3.054752e+02
1829.00344495855757	3.054764e+02
1830.00091375567354	3.054776e+02
1831.00170963893424	3.054789e+02
1832.00275104385969	3.054802e+02
1833.00099577118704	3.054815e+02
1834.00262212345956	3.054828e+02
1835.00145909217144	3.054841e+02
1836.00363627737488	3.054854e+02
1837.00284107066341	3.054867e+02
1838.0020743905136	3.054880e+02
1839.00126184375517	3.054892e+02
1840.00347155332656	3.054903e+02
1841.0025508381018	3.054914e+02
1842.00155061300438	3.054924e+02
1843.00350071229127	3.054934e+02
1844.00220903286663	3.054944e+02
1845.00068662928334	3.054952e+02
1846.00192323909232	3.054961e+02
1847.00263463570627	3.054969e+02
1848.00268451952502	3.054976e+02
1849.00213299693814	3.054983e+02
1850.00100608008006	3.054991e+02
1851.0022153825455	3.054998e+02
1852.00270173464378	3.055006e+02
1853.00272756874369	3.055014e+02
1854.00229258205809	3.055022e+02
1855.0012055603006	3.055030e+02
1856.00257166980896	3.055039e+02
1857.00343100416558	3.055048e+02
1858.00078343365203	3.055057e+02
1859.00083484139236	3.055066e+02
1860.00369642245778	3.055074e+02
1861.00354752279736	3.055082e+02
1862.00350560142761	3.055089e+02
1863.0035626065021	3.055094e+02
1864.00370203119996	3.055099e+02
1865.00088835834981	3.055103e+02
1866.00129610488921	3.055106e+02
1867.0019502342202	3.055109e+02
1868.00292411733312	3.055111e+02
1869.00119235790589	3.055113e+02
1870.00291698685533	3.055115e+02
1871.00203684173857	3.055118e+02
1872.00166842417707	3.055121e+02
1873.00183204891277	3.055126e+02
1874.00253244347687	3.055131e+02
1875.00067797616498	3.055136e+02
1876.00235570301584	3.055142e+02
1877.00134049012922	3.055148e+02
1878.00370017286377	3.055153e+02
1879.00323184173499	3.055159e+02
1880.00296275255596	3.055165e+02
1881.00285955580875	3.055170e+02
1882.00289861750957	3.055175e+02
1883.00301181904797	3.055181e+02
1884.00309687418894	3.055186e+02
1885.00306864686081	3.055191e+02
1886.00284294952485	3.055195e+02
1887.00234465961034	3.055200e+02
1888.00154075534124	3.055204e+02
1889.00351601047259	3.055208e+02
1890.00211980521772	3.055212e+02
1891.00345882449597	3.055216e+02
1892.00132752346803	3.055219e+02
1893.00179110609611	3.055223e+02
1894.00172549117133	3.055227e+02
1895.00114435379396	3.055230e+02
1896.00317729971152	3.055234e+02
1897.00176541026667	3.055238e+02
1898.00310227232353	3.055242e+02
1899.00112432637047	3.055246e+02
1900.00199415479256	3.055250e+02
1901.00268508550562	3.055254e+02
1902.00324489102627	3.055258e+02
1903.00067780807171	3.055262e+02
1904.00116893688096	3.055265e+02
1905.00172753394645	3.055268e+02
1906.00243050581662	3.055271e+02
1907.00331604072176	3.055273e+02
1908.00133635087923	3.055275e+02
1909.00263672734468	3.055276e+02
1910.00112222546841	3.055276e+02
1911.00296088655296	3.055276e+02
1912.00207679922892	3.055275e+02
1913.00157131657738	3.055274e+02
1914.0014659620997	3.055273e+02
1915.00176211387065	3.055271e+02
1916.00241713867035	3.055270e+02
1917.00337970135502	3.055270e+02
1918.00152410672695	3.055270e+02
1919.00295446820815	3.055270e+02
1920.00147821812379	3.055271e+02
1921.00319250787675	3.055273e+02
1922.00190018356329	3.055275e+02
1923.00367667732939	3.055277e+02
1924.00231320394983	3.055280e+02
1925.00085054596752	3.055283e+02
1926.00234658928684	3.055286e+02
1927.00066827513706	3.055289e+02
1928.00197339102033	3.055291e+02
1929.00317185618997	3.055294e+02
1930.00115662418966	3.055296e+02
1931.0020289618908	3.055298e+02
1932.00266997339349	3.055300e+02
1933.00304026816934	3.055300e+02
1934.00312706944919	3.055300e+02
1935.00293311370251	3.055300e+02
1936.00249483846096	3.055299e+02
1937.00187742966887	3.055297e+02
1938.00107481601731	3.055294e+02
1939.00308913791719	3.055291e+02
1940.00173789337691	3.055287e+02
1941.00314031610674	3.055283e+02
1942.00119715363758	3.055280e+02
1943.00207359093361	3.055277e+02
1944.00276290757347	3.055275e+02
1945.00332228851448	3.055273e+02
1946.00069841411573	3.055273e+02
1947.00100086764428	3.055272e+02
1948.00112948035917	3.055273e+02
1949.00105557928305	3.055273e+02
1950.00082971662141	3.055274e+02
1951.00361115546343	3.055274e+02
1952.00337636038716	3.055274e+02
1953.00321626309483	3.055273e+02
1954.00312215679037	3.055272e+02
1955.00307609289462	3.055271e+02
1956.00305144581966	3.055268e+02
1957.00301968329859	3.055265e+02
1958.00297924992606	3.055260e+02
1959.00297882971608	3.055255e+02
1960.00312658187727	3.055249e+02
1961.00358033289103	3.055242e+02
1962.00136260513614	3.055234e+02
1963.00265034820723	3.055227e+02
1964.00129665287682	3.055219e+02
1965.0033080088167	3.055212e+02
1966.00242611211615	3.055206e+02
1967.00166093293751	3.055200e+02
1968.00098542149908	3.055196e+02
1969.003452924155	3.055193e+02
1970.00293097017425	3.055190e+02
1971.00246494421754	3.055188e+02
1972.00199676307739	3.055186e+02
1973.00145048211289	3.055185e+02
1974.00077325672851	3.055184e+02
1975.00299685821983	3.055183e+02
1976.00181342653332	3.055182e+02
1977.00312543315886	3.055180e+02
1978.00365643496116	3.055179e+02
1979.00344036292677	3.055176e+02
1980.0026816542811	3.055173e+02
1981.00158498880023	3.055170e+02
1982.00346116157039	3.055165e+02
1983.002419493557	3.055159e+02
1984.00170847316303	3.055152e+02
1985.00132753220259	3.055144e+02
1986.00126051317852	3.055134e+02
1987.00152162155882	3.055124e+02
1988.00204114705662	3.055114e+02
1989.00275316103739	3.055103e+02
1990.00360847035699	3.055093e+02
1991.00149199161046	3.055084e+02
1992.00253880279774	3.055076e+02
1993.00068093046866	3.055069e+02
1994.00206961461663	3.055063e+02
1995.00364827253907	3.055058e+02
1996.0023038099821	3.055054e+02
1997.00096741491438	3.055050e+02
1998.0024228172017	3.055046e+02
1999.00350276918516	3.055043e+02
2000.00075446259234	3.055039e+02
2001.00296706496329	3.055035e+02
2002.0012220535034	3.055031e+02
2003.00192095665057	3.055027e+02
2004.00176193355696	3.055021e+02
2005.00108269350926	3.055015e+02
2006.00338639999222	3.055007e+02
2007.0027700639771	3.054998e+02
2008.00233465768588	3.054988e+02
2009.00225032238359	3.054976e+02
2010.00273508872078	3.054963e+02
2011.00083002076485	3.054950e+02
2012.00260824764155	3.054935e+02
2013.00191475351971	3.054921e+02
2014.00177235648471	3.054907e+02
2015.00216108675841	3.054893e+02
2016.00306214790498	3.054882e+02
2017.00143718481513	3.054871e+02
2018.00339522475929	3.054862e+02
2019.00281029238272	3.054853e+02
2020.00267571088489	3.054846e+02
2021.00281098375672	3.054840e+02
2022.00296304469157	3.054834e+02
2023.00271257443978	3.054828e+02
2024.00124321984322	3.054823e+02
2025.00122630078977	3.054817e+02
2026.00286915903871	3.054811e+02
2027.00303655528046	3.054805e+02
2028.00179934005905	3.054798e+02
2029.00278567070768	3.054791e+02
2030.00323845515754	3.054782e+02
2031.00350808922417	3.054772e+02
2032.00084460318817	3.054761e+02
2033.0015562340775	3.054749e+02
2034.00281575636041	3.054735e+02
2035.00179230511208	3.054720e+02
2036.0015614141937	3.054704e+02
2037.00202313901968	3.054688e+02
2038.00318164159421	3.054672e+02
2039.00196530910466	3.054657e+02
2040.00143296293118	3.054643e+02
2041.00161664371512	3.054629e+02
2042.00252340873794	3.054618e+02
2043.00111591430982	3.054607e+02
2044.00342272583976	3.054597e+02
2045.00301109498173	3.054588e+02
2046.00267185356074	3.054580e+02
2047.00202035945949	3.054572e+02
2048.00326126993423	3.054565e+02
2049.00286771681613	3.054557e+02
2050.00098288773688	3.054549e+02
2051.00356602766078	3.054541e+02
2052.00170870704915	3.054533e+02
2053.00194536252684	3.054523e+02
2054.00136057740929	3.054513e+02
2055.00356838141215	3.054502e+02
2056.00292317413505	3.054490e+02
2057.00267008224546	3.054476e+02
2058.00304079799389	3.054461e+02
2059.00126023695793	3.054445e+02
2060.00344594271428	3.054428e+02
2061.00341804538948	3.054410e+02
2062.00119629217079	3.054393e+02
2063.0028516889297	3.054377e+02
2064.00222567329592	3.054361e+02
2065.00239829428983	3.054346e+02
2066.00341150416216	3.054332e+02
2067.00219639353782	3.054320e+02
2068.00171200319846	3.054308e+02
2069.0016618419404	3.054297e+02
2070.00171616364332	3.054287e+02
2071.0015048238688	3.054278e+02
2072.00334501653242	3.054268e+02
2073.00342561357093	3.054259e+02
2074.0019323071092	3.054249e+02
2075.00222941611082	3.054240e+02
2076.00096495335811	3.054230e+02
2077.00115350474061	3.054219e+02
2078.00372173416645	3.054208e+02
2079.00288396348196	3.054196e+02
2080.00198859696138	3.054183e+02
2081.00155863485861	3.054169e+02
2082.00185503933471	3.054154e+02
2083.00295785878325	3.054137e+02
2084.00184358332945	3.054120e+02
2085.00162963801267	3.054103e+02
2086.00239181526513	3.054085e+02
2087.00097364334943	3.054068e+02
2088.00332476475933	3.054051e+02
2089.00330772718553	3.054035e+02
2090.0009166415839	3.054020e+02
2091.00225344570572	3.054006e+02
2092.0012445459829	3.053993e+02
2093.0006934425769	3.053980e+02
2094.0032326763012	3.053968e+02
2095.0025080074879	3.053957e+02
2096.00101780323212	3.053945e+02
2097.00124825450257	3.053934e+02
2098.0032595536909	3.053923e+02
2099.00129492441147	3.053911e+02
2100.00075973148159	3.053900e+02
2101.00185287318254	3.053888e+02
2102.00249111287667	3.053876e+02
2103.00240377888713	3.053863e+02
2104.00202410932661	3.053849e+02
2105.00223081911054	3.053834e+02
2106.00310211248643	3.053818e+02
2107.00164171949382	3.053802e+02
2108.00104572009877	3.053785e+02
2109.00142436276656	3.053767e+02
2110.00277566998011	3.053750e+02
2111.00196703177608	3.053732e+02
2112.00191128419783	3.053715e+02
2113.00244528067424	3.053698e+02
2114.003485032551	3.053682e+02
2115.0019373895957	3.053666e+02
2116.00083694385967	3.053652e+02
2117.00311810845051	3.053638e+02
2118.00229165387236	3.053624e+02
2119.0012222957198	3.053611e+02
2120.00269066419878	3.053598e+02
2121.003144314981	3.053585e+02
2122.0024150366994	3.053572e+02
2123.00092105317572	3.053560e+02
2124.00145393584626	3.053547e+02
2125.00094681794053	3.053534e+02
2126.00310919082358	3.053520e+02
2127.00171237041377	3.053506e+02
2128.00296901846423	3.053492e+02
2129.0014414031516	3.053477e+02
2130.00337991044671	3.053461e+02
2131.00294446678481	3.053444e+02
2132.00335781073318	3.053427e+02
2133.00151957377284	3.053410e+02
2134.00361650851119	3.053392e+02
2135.00358297861021	3.053374e+02
2136.00128483326444	3.053356e+02
2137.00275044738373	3.053339e+02
2138.00152180095256	3.053321e+02
2139.00354819323184	3.053305e+02
2140.00265016500089	3.053288e+02
2141.00146836417889	3.053273e+02
2142.00318211652984	3.053257e+02
2143.00171898960298	3.053242e+02
2144.00293483093992	3.053228e+02
2145.00370166064613	3.053213e+02
2146.00083282030437	3.053199e+02
2147.00336573237473	3.053184e+02
2148.00218501494828	3.053170e+02
2149.00370381196899	3.053156e+02
2150.00185310760025	3.053141e+02
2151.00267934925841	3.053126e+02
2152.00352558224495	3.053111e+02
2153.00156079542103	3.053095e+02
2154.00277182069476	3.053080e+02
2155.00126391157755	3.053063e+02
2156.00337579065899	3.053046e+02
2157.00295903740016	3.053029e+02
2158.0031103561796	3.053012e+02
2159.00089488253207	3.052994e+02
2160.00224171053605	3.052976e+02
2161.00088277653049	3.052959e+02
2162.00295674707922	3.052941e+02
2163.0022145830485	3.052923e+02
2164.00151641944831	3.052906e+02
2165.0037007761407	3.052889e+02
2166.0026573043883	3.052873e+02
2167.0046533909699	3.052856e+02
2168.003601550879	3.052840e+02
2169.0024720152578	3.052823e+02
2170.00427070776459	3.052807e+02
2171.00291971750903	3.052791e+02
2172.00451722358275	3.052775e+02
2173.00293606658306	3.052759e+02
2174.00440079226973	3.052742e+02
2175.00287674348783	3.052726e+02
2176.00445491961227	3.052710e+02
2177.00306363457867	3.052694e+02
2178.00493823364604	3.052677e+02
2179.00393298125437	3.052660e+02
2180.00316521739842	3.052643e+02
2181.00270729721115	3.052626e+02
2182.00255340593776	3.052609e+02
2183.0027612512522	3.052592e+02
2184.00343312634368	3.052574e+02
2185.00455711753602	3.052556e+02
2186.00304032911936	3.052538e+02
2187.0050750398068	3.052520e+02
2188.0045447959078	3.052502e+02
2189.00446784087035	3.052484e+02
2190.00478689352713	3.052465e+02
2191.00233478928112	3.052447e+02
2192.00317310535047	3.052429e+02
2193.00414791706407	3.052410e+02
2194.00520597156537	3.052392e+02
2195.00315193152665	3.052373e+02
2196.00401482119923	3.052355e+02
2197.00462871744367	3.052336e+02
2198.00485833761195	3.052317e+02
2199.00465061427531	3.052299e+02
2200.0039397326027	3.052280e+02
2201.00269980830899	3.052261e+02
2202.0039898191972	3.052243e+02
2203.0047052543105	3.052224e+02
