# Region type : patch node2U_7_Inlet_0
#   Faces  : 184
#   Area   : 1.734693e-02
#        Time	areaAverage(T)
     0.999427	3.031500e+02
      2.00049	3.031500e+02
      3.00031	3.031500e+02
      3.99973	3.031500e+02
      4.99982	3.031500e+02
      6.00096	3.031500e+02
      7.00036	3.031500e+02
      8.00025	3.031500e+02
      8.99988	3.031499e+02
    10.001085	3.031472e+02
    11.000692	3.031281e+02
    12.001192	3.030772e+02
    12.999654	3.030403e+02
    14.001553	3.030575e+02
  15.00191378	3.030747e+02
  15.99990726	3.030664e+02
  17.00021302	3.030468e+02
  18.00201162	3.030295e+02
    19.001665	3.029980e+02
 20.001063064	3.029341e+02
 21.000223408	3.028599e+02
 22.000868674	3.028057e+02
 22.999568146	3.027914e+02
  24.00203262	3.028277e+02
25.00206209729	3.028979e+02
25.9997240433	3.029719e+02
27.00155800819	3.030302e+02
28.00198841907	3.030678e+02
29.00100132413	3.030884e+02
30.0012255059946	3.030960e+02
31.0020125996283	3.030936e+02
31.9997203434261	3.030816e+02
33.0000159367413	3.030596e+02
33.9999993471484	3.030306e+02
35.0001409482367123	3.030025e+02
36.0010399662744121	3.029836e+02
37.000256075600312	3.029790e+02
38.0011334139074748	3.029879e+02
39.0001093232681626	3.030058e+02
39.9994296677075454	3.030274e+02
41.001577972869228	3.030481e+02
42.000199945820512	3.030643e+02
43.0015357555295594	3.030738e+02
44.0000908474563985	3.030762e+02
44.999720034311153	3.030728e+02
46.0011036185372717	3.030655e+02
47.0017015365830488	3.030556e+02
48.001828578469862	3.030434e+02
49.0009987208578792	3.030292e+02
50.001646775172766	3.030153e+02
51.0004873107095733	3.030062e+02
52.0004965650810149	3.030060e+02
53.0016782245142934	3.030164e+02
54.0010911490910033	3.030366e+02
55.0018322131206503	3.030642e+02
56.0008311045826801	3.030972e+02
57.0009505745707656	3.031337e+02
58.0018173874204663	3.031723e+02
58.9998754286462415	3.032114e+02
60.0007253884735974	3.032502e+02
61.000729949421661	3.032879e+02
61.9994469747591523	3.033240e+02
62.9997307278246481	3.033584e+02
64.0016132336676264	3.033909e+02
65.0021195847200062	3.034216e+02
66.0013755148593475	3.034502e+02
66.9994618408717173	3.034769e+02
67.9995567282688285	3.035017e+02
69.0018710907051513	3.035247e+02
70.0005020403649496	3.035459e+02
71.0017759000867983	3.035658e+02
71.9997917061677697	3.035843e+02
73.0007626398363385	3.036020e+02
74.0017781164737585	3.036190e+02
74.9999419786135348	3.036355e+02
76.0015844890211554	3.036516e+02
77.00072239299773	3.036672e+02
78.0004746440082357	3.036827e+02
79.0007523688503994	3.036979e+02
80.0017080025030367	3.037132e+02
81.0004119802447349	3.037286e+02
81.9999292237897635	3.037445e+02
83.0001885797195058	3.037607e+02
84.0008505180802274	3.037773e+02
85.0015387397775584	3.037938e+02
86.0016440249805925	3.038096e+02
87.0005454702849761	3.038242e+02
88.0008545399135187	3.038376e+02
89.0021930695815655	3.038506e+02
90.0016302263138357	3.038642e+02
91.002174366868033	3.038785e+02
92.0010182300664496	3.038926e+02
93.0013450760332745	3.039058e+02
94.0003161743501465	3.039175e+02
95.0010570184568053	3.039279e+02
96.0007746328522842	3.039367e+02
96.9996630297850828	3.039443e+02
98.0009484938242394	3.039506e+02
99.0017864968606887	3.039559e+02
99.9993158549129504	3.039603e+02
100.999686726631666	3.039639e+02
101.999978489330886	3.039672e+02
103.000261993464633	3.039703e+02
104.000541499501338	3.039735e+02
105.000800443492778	3.039767e+02
106.001026051885219	3.039799e+02
107.001221026466325	3.039833e+02
108.001370521164162	3.039868e+02
109.001483834954172	3.039902e+02
110.001570880767829	3.039937e+02
111.001639397267027	3.039971e+02
112.001691850402395	3.040005e+02
113.001723550038278	3.040036e+02
114.001722531996805	3.040064e+02
115.001688189451627	3.040088e+02
116.001613455088133	3.040109e+02
117.001515885901682	3.040124e+02
118.001399825818325	3.040133e+02
119.00127979677535	3.040135e+02
120.001166177764588	3.040128e+02
121.001081732862403	3.040113e+02
122.001048584949245	3.040090e+02
123.001071870744425	3.040059e+02
124.001154706657402	3.040021e+02
125.001275712311497	3.039975e+02
126.001409099885151	3.039919e+02
127.001505571405914	3.039855e+02
128.001520918692876	3.039778e+02
129.001402911285169	3.039687e+02
130.001116511936488	3.039579e+02
131.000614246332248	3.039452e+02
131.999921018561707	3.039305e+02
133.002057892161417	3.039142e+02
134.001047481116501	3.038973e+02
134.999918542921648	3.038801e+02
136.001802808679997	3.038627e+02
137.000722192789738	3.038446e+02
137.999722857611772	3.038249e+02
139.001822047630924	3.038027e+02
140.001006477596889	3.037780e+02
141.000279937221819	3.037509e+02
141.999610839514531	3.037214e+02
143.002000997207233	3.036893e+02
144.001416430672435	3.036539e+02
145.000845281827281	3.036136e+02
146.000219852035571	3.035678e+02
146.999516132038053	3.035177e+02
148.001580804985281	3.034644e+02
149.00037623196738	3.034103e+02
150.002041994228136	3.033582e+02
151.000659972712299	3.033090e+02
151.999442445215436	3.032632e+02
153.001677289877819	3.032204e+02
154.00172177073722	3.031842e+02
154.999891828328799	3.031601e+02
155.999586603544287	3.031474e+02
157.001135382558516	3.031449e+02
158.001515024317882	3.031493e+02
159.000452904609233	3.031561e+02
160.000936841011566	3.031610e+02
160.999840760413548	3.031609e+02
162.000128449045548	3.031546e+02
163.001721118222179	3.031438e+02
164.001466615174991	3.031331e+02
164.999469516720637	3.031277e+02
166.001895769050151	3.031306e+02
166.999623230678878	3.031427e+02
168.001980176455106	3.031632e+02
168.999797111832464	3.031902e+02
169.999327931056797	3.032211e+02
171.000741704657912	3.032527e+02
172.000933317836058	3.032829e+02
172.999858258248878	3.033106e+02
174.000459309810481	3.033360e+02
174.999230964081022	3.033601e+02
176.001823974840363	3.033853e+02
177.001677528293413	3.034133e+02
178.001897432278639	3.034451e+02
178.999477284530741	3.034796e+02
180.000876929608779	3.035139e+02
181.000129702013908	3.035438e+02
182.000620718633769	3.035664e+02
182.999341833524653	3.035814e+02
183.999269602900625	3.035904e+02
185.000290159403136	3.035953e+02
185.999138254646653	3.035971e+02
187.00192819901423	3.035957e+02
188.002100753132737	3.035908e+02
188.999401948011354	3.035826e+02
190.000009576696584	3.035716e+02
191.000602512052552	3.035588e+02
192.000903248552049	3.035448e+02
193.000646632122681	3.035302e+02
193.999514181629451	3.035170e+02
195.000731162499932	3.035086e+02
196.001754937982156	3.035073e+02
197.000071045045672	3.035078e+02
198.002007170686312	3.035019e+02
199.000916881997426	3.034896e+02
199.999612353780066	3.034769e+02
201.001058917549273	3.034632e+02
202.002077889812654	3.034437e+02
202.99938204591723	3.034192e+02
204.002095543813795	3.033923e+02
205.000992474260471	3.033616e+02
205.999660504312885	3.033261e+02
207.001238886837569	3.032878e+02
207.999298004801517	3.032499e+02
208.999745348981605	3.032132e+02
210.001458903139991	3.031778e+02
211.000242198910087	3.031439e+02
212.001905389240108	3.031120e+02
213.000223120931452	3.030838e+02
214.001889103766104	3.030609e+02
215.001311938262972	3.030435e+02
216.001580318367957	3.030311e+02
217.001009526045266	3.030228e+02
218.001233887792552	3.030175e+02
219.000201883343749	3.030140e+02
220.000910902737701	3.030112e+02
220.999826318389324	3.030066e+02
221.999484042010948	3.029980e+02
222.999573556478197	3.029836e+02
223.999571260102471	3.029619e+02
224.999167544001807	3.029317e+02
226.001862355567113	3.028937e+02
227.00167849316307	3.028495e+02
228.001230841940497	3.027992e+02
229.000424212989913	3.027438e+02
229.99931272453972	3.026880e+02
231.00035149821332	3.026335e+02
232.000417678477731	3.025803e+02
232.999637483021473	3.025313e+02
234.000027860813049	3.024888e+02
235.001748350051628	3.024507e+02
235.999212579281817	3.024168e+02
237.000768684014673	3.023884e+02
238.000500060854421	3.023665e+02
238.999379413751882	3.023495e+02
240.000061065156473	3.023372e+02
240.999783874352488	3.023290e+02
241.999217412811873	3.023234e+02
243.001333347997786	3.023192e+02
244.000329816981377	3.023156e+02
244.999756118580478	3.023118e+02
245.999764393046519	3.023067e+02
247.000524241728925	3.023003e+02
247.999354188237049	3.022928e+02
248.999494081416515	3.022843e+02
250.001110696175971	3.022752e+02
251.001532993736845	3.022662e+02
252.000921614597075	3.022577e+02
252.999282849031687	3.022501e+02
253.999850497343544	3.022437e+02
255.00004543105274	3.022381e+02
256.000365920649983	3.022327e+02
257.001261638921392	3.022271e+02
257.999548103657958	3.022214e+02
258.99971364117971	3.022159e+02
260.002149025808819	3.022110e+02
261.000921947821837	3.022070e+02
261.99950686948381	3.022038e+02
263.001191272204949	3.022012e+02
263.999778419957408	3.021988e+02
265.00119059435292	3.021961e+02
265.999549940802126	3.021923e+02
267.000749356106553	3.021864e+02
268.000742203287302	3.021773e+02
269.00002621556996	3.021639e+02
270.002192130799926	3.021472e+02
271.001116008764257	3.021306e+02
271.999828284674436	3.021164e+02
273.001202936759398	3.021062e+02
274.001992594249884	3.021002e+02
274.999358152233697	3.020969e+02
276.000078489080693	3.020955e+02
277.001423281625193	3.020962e+02
277.999774269456566	3.020984e+02
279.000338809060509	3.021012e+02
279.999803239072378	3.021039e+02
281.00199923250301	3.021064e+02
282.001237742896592	3.021089e+02
283.000845865006283	3.021125e+02
284.000919283847736	3.021176e+02
285.001505169815289	3.021234e+02
286.001983379887918	3.021276e+02
287.000860649189406	3.021276e+02
287.99976925718363	3.021219e+02
289.001216652992298	3.021107e+02
289.999289276536729	3.020955e+02
291.001202684429529	3.020788e+02
292.001880769330967	3.020638e+02
293.001939873465119	3.020518e+02
294.001406762787269	3.020428e+02
294.999860841462578	3.020357e+02
296.00082332633508	3.020297e+02
296.999440942767023	3.020241e+02
297.999750996092871	3.020183e+02
299.001606963360757	3.020119e+02
300.00096349475109	3.020038e+02
300.999913314513492	3.019929e+02
302.001050523417859	3.019789e+02
303.001211162612037	3.019626e+02
304.000530831946662	3.019454e+02
304.999600659278087	3.019285e+02
306.001009509919697	3.019123e+02
307.001474429075984	3.018968e+02
308.001896955747839	3.018816e+02
309.00215953038952	3.018667e+02
310.002016522719316	3.018530e+02
311.002156067684552	3.018421e+02
312.000057874843549	3.018349e+02
313.001700906769599	3.018309e+02
314.000664442998186	3.018270e+02
314.99977162945703	3.018212e+02
316.001939997220234	3.018130e+02
317.000997667292268	3.018029e+02
317.999963426011846	3.017925e+02
319.001791186184562	3.017827e+02
320.000219021556404	3.017740e+02
321.001332443899855	3.017664e+02
322.002120766446581	3.017596e+02
322.999613956139115	3.017535e+02
324.000053809379779	3.017484e+02
325.000468122121561	3.017448e+02
326.000890696256192	3.017433e+02
327.001340404046516	3.017438e+02
328.00182603880279	3.017455e+02
328.999278542550144	3.017471e+02
329.999826816678308	3.017482e+02
331.000443477589613	3.017489e+02
332.001169817488744	3.017492e+02
333.002032037401875	3.017490e+02
333.999965515217639	3.017480e+02
335.001063632408773	3.017462e+02
335.999158109576854	3.017436e+02
337.000345463513611	3.017406e+02
338.001581848732201	3.017378e+02
338.999866861473265	3.017357e+02
340.001419974520957	3.017349e+02
341.000218753709873	3.017351e+02
341.99940043036537	3.017366e+02
343.002081691835315	3.017392e+02
344.002165716201716	3.017423e+02
344.999681204456522	3.017455e+02
346.000781392031456	3.017483e+02
346.999334514526993	3.017506e+02
348.001509094679818	3.017524e+02
349.001161782293025	3.017536e+02
350.001326394200078	3.017540e+02
351.001923782794222	3.017532e+02
351.999787371269576	3.017509e+02
353.00099769186096	3.017467e+02
353.999316873669443	3.017406e+02
355.00082920103489	3.017327e+02
355.999300697844262	3.017234e+02
357.000823793166319	3.017130e+02
357.999158030478213	3.017019e+02
359.00039992939594	3.016902e+02
360.001480671131844	3.016781e+02
360.9992815597804	3.016661e+02
361.999832472127878	3.016545e+02
362.999959745167416	3.016438e+02
363.999605892666068	3.016341e+02
365.001835951716942	3.016254e+02
366.000550017272076	3.016175e+02
367.0018850279655	3.016101e+02
367.999670433758126	3.016030e+02
369.000128039733795	3.015960e+02
370.000214705158442	3.015889e+02
370.999868519623192	3.015813e+02
371.999156450469172	3.015733e+02
373.001216022510619	3.015647e+02
373.999974084365817	3.015555e+02
375.001560862041572	3.015455e+02
375.999861740929703	3.015353e+02
377.000967028724972	3.015250e+02
378.001810983407267	3.015150e+02
378.999377343020058	3.015053e+02
379.999844133061458	3.014961e+02
381.000195256176255	3.014878e+02
382.000470770755555	3.014805e+02
383.000719578955398	3.014745e+02
384.000990581364249	3.014696e+02
385.001323372423997	3.014658e+02
386.001754888625783	3.014630e+02
386.999259078537648	3.014612e+02
387.999985820435654	3.014601e+02
389.000904470221769	3.014598e+02
390.002048686420665	3.014602e+02
391.000391269022714	3.014614e+02
392.002080357299462	3.014632e+02
393.001021889200786	3.014655e+02
394.000313761127586	3.014684e+02
394.999966805718827	3.014718e+02
396.000000737495156	3.014756e+02
397.000431194506007	3.014791e+02
398.001243466568894	3.014819e+02
398.999326681304808	3.014833e+02
400.000751341692762	3.014834e+02
400.999281060359692	3.014822e+02
402.000994149161556	3.014799e+02
402.999669211328353	3.014762e+02
404.001383904857562	3.014712e+02
404.999927130870162	3.014647e+02
406.001391002587809	3.014569e+02
406.999601684736604	3.014482e+02
408.000681472226745	3.014391e+02
409.001550340285974	3.014298e+02
410.002200812724368	3.014209e+02
410.999564337494576	3.014127e+02
411.999771379263905	3.014054e+02
412.999742635731366	3.013990e+02
413.999472666726717	3.013935e+02
415.002027021528761	3.013886e+02
416.001265735712195	3.013841e+02
417.00027961065382	3.013796e+02
418.002168361128668	3.013746e+02
419.000830570643586	3.013691e+02
419.999348062550951	3.013627e+02
421.000807412155893	3.013552e+02
422.002161809745814	3.013466e+02
423.000363478224813	3.013370e+02
424.001518449690877	3.013266e+02
424.999464893304832	3.013160e+02
426.00030369292142	3.013054e+02
427.00099127452637	3.012955e+02
428.001568160606212	3.012871e+02
429.002064812169294	3.012805e+02
429.99944102865561	3.012755e+02
430.999824061049083	3.012710e+02
432.000154087404724	3.012665e+02
433.000424325204449	3.012616e+02
434.00062092770537	3.012567e+02
435.000747573658373	3.012522e+02
436.00084101232062	3.012485e+02
437.000947099993482	3.012456e+02
438.001104957034727	3.012438e+02
439.001372516108916	3.012430e+02
440.001793093184403	3.012432e+02
440.999341095092859	3.012440e+02
442.000174895068085	3.012453e+02
443.001292886892941	3.012467e+02
443.999676892359332	3.012478e+02
445.001468249921118	3.012485e+02
446.0005412841561	3.012482e+02
446.999933551698859	3.012464e+02
447.99957269268856	3.012429e+02
448.99935313418041	3.012376e+02
449.99913949586778	3.012310e+02
451.001905425055099	3.012235e+02
452.001449724326449	3.012155e+02
453.000827018742655	3.012070e+02
454.000060016313171	3.011981e+02
455.002198157437931	3.011888e+02
456.001073655338701	3.011794e+02
456.999732738333421	3.011698e+02
458.00123783219243	3.011605e+02
458.999413706459279	3.011519e+02
460.000163836696743	3.011445e+02
461.000336822645636	3.011388e+02
462.000008779407551	3.011350e+02
462.999244201045997	3.011333e+02
464.001249828436698	3.011329e+02
465.000203846986892	3.011334e+02
465.999385247298903	3.011340e+02
467.001996124994605	3.011338e+02
468.001911059253757	3.011320e+02
469.002115217306198	3.011285e+02
469.999556206629677	3.011235e+02
471.000370882605068	3.011177e+02
472.001484397526838	3.011105e+02
472.999698394739198	3.011019e+02
474.000987097669451	3.010917e+02
475.002187011345541	3.010802e+02
476.000185397848838	3.010691e+02
477.001116975836737	3.010591e+02
478.001946023577034	3.010501e+02
478.999609814288533	3.010410e+02
480.000200582974514	3.010305e+02
481.000640765223636	3.010187e+02
482.000880314070741	3.010062e+02
483.000829945069484	3.009941e+02
484.000391984001851	3.009834e+02
484.999473983508892	3.009748e+02
486.001053223926704	3.009688e+02
487.002066538891711	3.009658e+02
487.999538386941651	3.009659e+02
488.999719400701622	3.009687e+02
489.999787496733063	3.009734e+02
490.999996222002039	3.009791e+02
492.000537937488446	3.009847e+02
493.001528185545851	3.009893e+02
494.000043348333691	3.009916e+02
494.999208302570253	3.009910e+02
496.002054096217819	3.009874e+02
496.999285033710748	3.009815e+02
497.999897188854902	3.009740e+02
499.000681167292043	3.009656e+02
500.001558474786805	3.009568e+02
500.999446010016641	3.009482e+02
502.000461577364092	3.009397e+02
503.001519412383175	3.009303e+02
503.999515874213841	3.009187e+02
505.000534591473297	3.009047e+02
506.001509888547616	3.008888e+02
507.002099204861224	3.008728e+02
508.001952459607026	3.008584e+02
509.000755663345956	3.008475e+02
510.001486862218997	3.008407e+02
511.001232487120603	3.008378e+02
512.000177563831585	3.008384e+02
513.001789287909901	3.008419e+02
514.00046415512486	3.008472e+02
514.99955479442508	3.008531e+02
515.999219044049141	3.008587e+02
516.999511772298206	3.008635e+02
518.000472374905598	3.008667e+02
519.002131619636771	3.008672e+02
520.001384632439681	3.008646e+02
521.001150454765366	3.008588e+02
522.001295794907037	3.008506e+02
523.001754521802923	3.008412e+02
523.999434406018167	3.008315e+02
525.000470145184181	3.008224e+02
526.001803413179573	3.008130e+02
527.000354396031071	3.008012e+02
527.99915328792224	3.007852e+02
529.001163035952914	3.007648e+02
529.999964345861144	3.007418e+02
531.0012454994461	3.007190e+02
532.001321133686361	3.006993e+02
532.999861796665527	3.006844e+02
534.000023953975301	3.006745e+02
535.001875234300201	3.006695e+02
535.99940115798131	3.006691e+02
536.99917090518386	3.006724e+02
538.001702907333424	3.006784e+02
539.001307213403038	3.006860e+02
540.001295571197147	3.006950e+02
541.001852747266639	3.007044e+02
542.000113862146009	3.007126e+02
542.99925261236649	3.007182e+02
543.999244945956434	3.007205e+02
544.999955860121077	3.007191e+02
546.001297232400361	3.007148e+02
547.000192963765812	3.007086e+02
547.999705276214399	3.007018e+02
548.9999173700038	3.006947e+02
550.000837994252493	3.006862e+02
550.999345650914734	3.006736e+02
552.001515635922487	3.006547e+02
553.001105488295934	3.006296e+02
554.00082469309541	3.006006e+02
555.000167760328509	3.005717e+02
556.001365889407907	3.005468e+02
557.000740602278597	3.005281e+02
558.001320209851997	3.005157e+02
559.000110213892867	3.005096e+02
560.000262559516386	3.005091e+02
560.99926184051003	3.005130e+02
562.0006160463181	3.005202e+02
563.00174009765351	3.005298e+02
564.00014104622926	3.005411e+02
564.999154569082179	3.005532e+02
566.001965079634488	3.005647e+02
566.999655573543009	3.005742e+02
568.001384470371249	3.005804e+02
569.000945280324004	3.005831e+02
570.001321185949223	3.005823e+02
570.999458110319438	3.005786e+02
572.001425298497111	3.005729e+02
573.001173122025079	3.005654e+02
574.001841467247459	3.005547e+02
575.000341047316283	3.005386e+02
575.999699363241348	3.005152e+02
576.999717356763654	3.004857e+02
577.999989358568769	3.004524e+02
578.999885849153543	3.004196e+02
580.001639232646653	3.003915e+02
581.001398899649303	3.003709e+02
582.001953020691985	3.003583e+02
583.000404394710699	3.003529e+02
584.000040789207219	3.003531e+02
585.000977102296929	3.003582e+02
586.000530345756715	3.003675e+02
586.999390607787518	3.003795e+02
588.001144122878259	3.003937e+02
589.000134475393111	3.004090e+02
589.999604690043157	3.004244e+02
590.999772563084207	3.004387e+02
592.000714664528573	3.004509e+02
592.999309139145566	3.004600e+02
594.001520821552276	3.004658e+02
595.001288064761411	3.004684e+02
596.001723137116073	3.004685e+02
596.999821477810087	3.004670e+02
598.00163901190831	3.004641e+02
599.001081933450678	3.004588e+02
600.001234037939525	3.004500e+02
601.001940910154531	3.004376e+02
601.999837888485331	3.004232e+02
603.00074770668266	3.004093e+02
604.001417181059651	3.003976e+02
605.001687215290872	3.003894e+02
606.001423520980666	3.003869e+02
607.000513557763156	3.003915e+02
608.00201169442164	3.004021e+02
609.000056043756331	3.004170e+02
610.001065509754426	3.004347e+02
610.999322067287608	3.004550e+02
612.001290099475682	3.004768e+02
613.00120910368264	3.004984e+02
613.999153626805764	3.005186e+02
615.001215520064648	3.005370e+02
616.001098613251429	3.005533e+02
617.001642391969199	3.005679e+02
617.999697263319149	3.005814e+02
619.001421452946829	3.005945e+02
620.000708426598749	3.006076e+02
621.000582813967867	3.006210e+02
622.001112512948225	3.006351e+02
622.999333074703259	3.006488e+02
624.001526337826249	3.006612e+02
625.001797992750539	3.006720e+02
626.00046178708601	3.006820e+02
627.000823918297669	3.006929e+02
627.99971611159765	3.007077e+02
629.000134610487748	3.007288e+02
630.001969376633838	3.007574e+02
631.002048189577636	3.007921e+02
632.0004285707289	3.008302e+02
633.000140181323104	3.008695e+02
634.000770489483443	3.009082e+02
635.001598749550453	3.009441e+02
636.002066656809347	3.009750e+02
637.001786905906442	3.009983e+02
637.999504703499269	3.010122e+02
639.000633690830796	3.010154e+02
639.99918786834246	3.010080e+02
641.001685653684603	3.009906e+02
641.999542269594372	3.009664e+02
642.999953332245013	3.009405e+02
644.000576416523131	3.009190e+02
645.001570642922729	3.009063e+02
645.999643539166868	3.009042e+02
647.000897338513028	3.009136e+02
647.999393108298932	3.009349e+02
649.001851529181295	3.009667e+02
649.999539178774853	3.010057e+02
651.001794109835942	3.010496e+02
651.999859218567849	3.010962e+02
652.999544433281699	3.011443e+02
653.999801568561224	3.011915e+02
654.999489441358605	3.012341e+02
656.000943333250348	3.012682e+02
657.000535376491371	3.012906e+02
658.000870871285201	3.013013e+02
659.001878863745446	3.013016e+02
660.001233104330709	3.012937e+02
661.000437464629726	3.012785e+02
662.001318534737948	3.012570e+02
662.9991663123335	3.012338e+02
664.000285830275857	3.012149e+02
665.000884472697294	3.012069e+02
666.000710235087126	3.012156e+02
667.000122997112726	3.012455e+02
668.001635112096551	3.012970e+02
669.000913257929483	3.013635e+02
669.999420760518205	3.014322e+02
670.999287944031153	3.014915e+02
672.002072327780297	3.015348e+02
673.000725547593561	3.015638e+02
674.001820541744451	3.015837e+02
675.000683714600314	3.015943e+02
675.999399580010731	3.015882e+02
677.002156536049142	3.015690e+02
678.000592297521962	3.015493e+02
679.002148617484863	3.015333e+02
680.001784788341638	3.015179e+02
680.999746126992932	3.015060e+02
682.001551099061089	3.015058e+02
683.001957194035526	3.015202e+02
683.99943363886166	3.015440e+02
684.999119040938353	3.015690e+02
686.000169280818113	3.015902e+02
687.000927326243527	3.016068e+02
688.001734230271609	3.016199e+02
689.000385540699199	3.016313e+02
690.000102986032516	3.016433e+02
691.000584174011692	3.016579e+02
692.001278119513586	3.016762e+02
692.998810184072113	3.016963e+02
694.000540359068509	3.017149e+02
694.999010773474538	3.017290e+02
695.999565635484373	3.017332e+02
697.001150977339762	3.017292e+02
698.001398222010494	3.017286e+02
698.999725805045159	3.017443e+02
700.001498724736734	3.017784e+02
700.999760782747671	3.018233e+02
702.00030560611242	3.018688e+02
703.001545842853716	3.019009e+02
703.998546867952086	3.019112e+02
705.000921811799685	3.019079e+02
705.99962011738819	3.019041e+02
706.999650543847679	3.019051e+02
708.000666672426519	3.019118e+02
708.999237894717226	3.019273e+02
710.001269207781093	3.019482e+02
711.00068407292008	3.019668e+02
711.999619119693762	3.019852e+02
713.000526590509253	3.020028e+02
713.998803280099537	3.020181e+02
715.000794775426357	3.020383e+02
715.999806607808409	3.020673e+02
717.001147277659015	3.021006e+02
717.999618727621851	3.021300e+02
719.001377582509349	3.021473e+02
719.999845347823111	3.021513e+02
721.000439443962705	3.021482e+02
721.998876129608675	3.021463e+02
722.998944888288406	3.021521e+02
724.00114311208813	3.021675e+02
724.998866032413844	3.021923e+02
726.001106170699586	3.022294e+02
727.001242939658482	3.022770e+02
727.999926591871031	3.023165e+02
728.998559988906209	3.023429e+02
730.001622066776122	3.023593e+02
731.000663074018917	3.023657e+02
731.999073254380278	3.023673e+02
732.999937744622798	3.023679e+02
733.999652488256629	3.023684e+02
735.000101756232084	3.023686e+02
735.999935767415082	3.023701e+02
737.001555677275633	3.023742e+02
737.998609831378303	3.023823e+02
739.000917515005426	3.023984e+02
739.999579389089149	3.024225e+02
741.000865824989205	3.024519e+02
742.001221721286811	3.024870e+02
742.9998251475198	3.025299e+02
743.999381362686222	3.025763e+02
745.000661640020667	3.026183e+02
745.999052092078955	3.026520e+02
746.999024049784566	3.026708e+02
748.001289256029395	3.026713e+02
748.99998594164947	3.026595e+02
750.000493470887022	3.026458e+02
751.00118734312548	3.026382e+02
752.000933119647812	3.026401e+02
752.998936581822591	3.026504e+02
754.001276251013905	3.026652e+02
754.999151737409875	3.026809e+02
755.999553005113967	3.026957e+02
756.999766152413599	3.027104e+02
757.999815231926959	3.027270e+02
758.999249365374908	3.027469e+02
760.00074675962378	3.027714e+02
761.001075912032888	3.028004e+02
762.000603060413027	3.028305e+02
763.000135315137868	3.028562e+02
764.000348738217554	3.028734e+02
765.001515277069643	3.028819e+02
766.000180917357966	3.028852e+02
766.998575464161149	3.028867e+02
767.998928480878021	3.028859e+02
769.0008602609538	3.028787e+02
770.001352425349751	3.028639e+02
771.000882636136907	3.028478e+02
771.999918369505622	3.028378e+02
772.998806968452868	3.028354e+02
774.000941714459373	3.028391e+02
775.000334162326453	3.028485e+02
776.000158078921004	3.028648e+02
777.000362560647091	3.028881e+02
778.000837514654791	3.029160e+02
779.001444253866225	3.029441e+02
779.998932096626277	3.029674e+02
780.999294900777159	3.029814e+02
781.999342827852388	3.029830e+02
782.999108211269913	3.029724e+02
783.998685302788545	3.029559e+02
785.001268894906502	3.029445e+02
786.000626433951197	3.029490e+02
786.999811633585182	3.029720e+02
787.998820800601152	3.030092e+02
789.000829230188174	3.030536e+02
789.999847145920967	3.030991e+02
790.999171168364683	3.031417e+02
791.99902125678841	3.031791e+02
792.999571968755276	3.032089e+02
794.000942685735822	3.032288e+02
795.000039267211605	3.032359e+02
795.999824847008995	3.032290e+02
797.00004227907823	3.032132e+02
798.000352229098212	3.032008e+02
799.000463290113203	3.032032e+02
800.000268040779247	3.032226e+02
800.999871383825734	3.032535e+02
801.999438918668716	3.032886e+02
802.999162635716857	3.033225e+02
803.999150184644463	3.033518e+02
804.999489574434278	3.033753e+02
806.000217659127884	3.033931e+02
807.001365643889585	3.034062e+02
807.99976032352879	3.034157e+02
809.001484647565803	3.034234e+02
810.000193134515371	3.034311e+02
810.998851293064718	3.034403e+02
812.000488119036959	3.034524e+02
812.998858862165093	3.034681e+02
814.000173863743385	3.034878e+02
815.001341913480928	3.035106e+02
815.999389005496141	3.035358e+02
817.000736505305099	3.035626e+02
817.999345361780456	3.035905e+02
819.001619323223736	3.036192e+02
820.001459451422306	3.036483e+02
820.998791650032786	3.036771e+02
821.999835648828935	3.037059e+02
823.001443597258117	3.037348e+02
824.000479166678019	3.037647e+02
825.000061539974695	3.037965e+02
826.000154788647023	3.038306e+02
827.000746153186583	3.038668e+02
827.998702254763771	3.039045e+02
829.000257981022514	3.039429e+02
829.999128928896084	3.039806e+02
831.001489294805879	3.040166e+02
832.000998249167878	3.040499e+02
833.00071269008447	3.040802e+02
834.000566630974504	3.041072e+02
835.000478943295093	3.041312e+02
836.000322319766724	3.041526e+02
836.999960958526117	3.041717e+02
837.999563778135894	3.041891e+02
838.999168539985249	3.042053e+02
839.998830256297879	3.042209e+02
840.998615871871266	3.042360e+02
842.00153524296104	3.042508e+02
843.001203686922736	3.042654e+02
844.000720130980653	3.042796e+02
845.000127664575871	3.042930e+02
845.999454980046153	3.043050e+02
846.998688989041057	3.043154e+02
848.000944380996543	3.043240e+02
848.999961869892672	3.043310e+02
849.998889864095986	3.043362e+02
851.000849864152087	3.043398e+02
851.999601594189471	3.043418e+02
853.001515988440019	3.043426e+02
854.000482909667198	3.043430e+02
854.999656519237647	3.043436e+02
855.99893769661162	3.043444e+02
857.001409319402342	3.043450e+02
858.000850150787869	3.043454e+02
859.00046238222626	3.043457e+02
860.000338609620371	3.043462e+02
861.00055942064489	3.043473e+02
862.00111120017948	3.043497e+02
862.998744885252336	3.043534e+02
863.999562963220342	3.043578e+02
865.000333438597977	3.043619e+02
866.000718484703725	3.043649e+02
867.000381215335096	3.043653e+02
867.999326859724874	3.043600e+02
869.000831713809248	3.043460e+02
869.998731560339024	3.043236e+02
870.99914408124846	3.042955e+02
871.998948856785773	3.042649e+02
873.001251550978509	3.042343e+02
873.999438886644043	3.042060e+02
874.999250714949312	3.041804e+02
876.000331079936132	3.041571e+02
876.999152904660036	3.041351e+02
877.999109606079287	3.041137e+02
879.001226105603337	3.040926e+02
880.000590679232914	3.040697e+02
881.001133877869847	3.040379e+02
882.000326707818431	3.039960e+02
882.998714442753908	3.039529e+02
883.999566477270491	3.039132e+02
884.999493633542215	3.038774e+02
886.001481871908709	3.038461e+02
886.999074026412359	3.038185e+02
888.001361691307693	3.037915e+02
888.998687333536395	3.037631e+02
889.999823340214903	3.037325e+02
891.000206741294278	3.037013e+02
892.001524768773493	3.036709e+02
892.999632733533304	3.036413e+02
893.998726334299249	3.036124e+02
895.001251636017628	3.035828e+02
895.99966766697446	3.035538e+02
897.000914273651915	3.035276e+02
897.99999523874294	3.035069e+02
899.0009590909807	3.034922e+02
900.002533407159831	3.034809e+02
901.001649579413879	3.034704e+02
902.002471845652622	3.034591e+02
903.00037772942153	3.034459e+02
904.002809723267433	3.034300e+02
904.999844958107929	3.034103e+02
905.999949295843749	3.033860e+02
907.000155261807322	3.033563e+02
908.000934451877697	3.033208e+02
909.002379459235726	3.032826e+02
910.001638080394969	3.032498e+02
911.001827591161145	3.032267e+02
912.002161111704822	3.032119e+02
913.000765935814343	3.032018e+02
914.00165379520945	3.031926e+02
915.000358634693953	3.031823e+02
916.000415810124309	3.031697e+02
917.000395916998968	3.031545e+02
918.002309347195592	3.031364e+02
919.001983037054401	3.031180e+02
920.000819481782173	3.031013e+02
921.002363494914448	3.030864e+02
922.000424353145945	3.030727e+02
923.000934642643074	3.030595e+02
923.999918588887567	3.030468e+02
925.002704718492851	3.030336e+02
926.002696914486023	3.030200e+02
927.000086321054596	3.030064e+02
928.001570287640334	3.029947e+02
929.001356130118779	3.029871e+02
930.002757190745569	3.029844e+02
931.001760013499052	3.029855e+02
932.002496640296386	3.029888e+02
933.002770722993091	3.029925e+02
934.001672547361977	3.029952e+02
935.002710266781264	3.029958e+02
936.00106170196193	3.029940e+02
937.001629816131526	3.029896e+02
938.000011724101114	3.029830e+02
939.000753615218969	3.029744e+02
940.001324817527461	3.029647e+02
941.001376824560111	3.029545e+02
942.000125615014554	3.029440e+02
943.000197233623226	3.029336e+02
944.001130840733822	3.029239e+02
945.002318494277233	3.029156e+02
946.000805384652267	3.029089e+02
946.999714333007546	3.029036e+02
948.002760436780932	3.028998e+02
949.000758457107054	3.028969e+02
950.00223440455909	3.028936e+02
950.999915305136028	3.028890e+02
952.002573059240035	3.028825e+02
953.00053643081435	3.028748e+02
953.999817725775301	3.028663e+02
955.000153551236735	3.028572e+02
956.001840701625952	3.028481e+02
957.002536753901836	3.028393e+02
958.002165369327372	3.028307e+02
959.000503621906432	3.028226e+02
960.001241601802349	3.028150e+02
961.00182415570373	3.028083e+02
962.002592048212477	3.028024e+02
963.000411513570498	3.027970e+02
964.001559919866963	3.027920e+02
964.999976972483296	3.027872e+02
966.001702405227775	3.027822e+02
967.000423207178301	3.027768e+02
968.002449167759096	3.027704e+02
969.001325984307641	3.027629e+02
970.002787921842923	3.027542e+02
971.000498195595242	3.027443e+02
972.000557081489774	3.027330e+02
973.002773597749297	3.027204e+02
974.000960477842796	3.027064e+02
975.001521410670648	3.026909e+02
976.001501783840467	3.026746e+02
977.001246241214403	3.026581e+02
978.001257707352806	3.026416e+02
979.001443710795343	3.026253e+02
980.001400281347969	3.026095e+02
981.000942252669802	3.025950e+02
982.000325255523308	3.025818e+02
983.002051484773006	3.025702e+02
984.002475988165884	3.025605e+02
985.002399010116505	3.025532e+02
986.001696966776649	3.025479e+02
986.999810322073017	3.025442e+02
988.00028649169144	3.025414e+02
989.000575804539949	3.025394e+02
990.000659609601257	3.025377e+02
991.000399298362254	3.025362e+02
991.999760921102165	3.025342e+02
993.001898745707194	3.025310e+02
994.000751777808432	3.025260e+02
995.002420509873673	3.025186e+02
996.000894017395353	3.025086e+02
997.002382656525015	3.024963e+02
998.000783479693723	3.024824e+02
999.0022674974648	3.024678e+02
1000.00085560744344	3.024535e+02
1001.00269509692077	3.024400e+02
1002.00166098345005	3.024277e+02
1003.00085863865502	3.024169e+02
1004.0003809664006	3.024077e+02
1005.00023397706707	3.024007e+02
1006.00038472691654	3.023956e+02
1007.00089075079302	3.023926e+02
1008.00176095633424	3.023916e+02
1008.99992234894955	3.023920e+02
1010.00150286438907	3.023932e+02
1011.00038192940849	3.023948e+02
1012.00263615528706	3.023965e+02
1013.00207769701899	3.023978e+02
1014.00173122067895	3.023985e+02
1015.00156740682974	3.023984e+02
1016.00158130024272	3.023974e+02
1017.00179324869418	3.023957e+02
1018.00220893405492	3.023934e+02
1018.99974171588326	3.023906e+02
1020.00057108310989	3.023872e+02
1021.00167020718982	3.023834e+02
1022.00001975314728	3.023797e+02
1023.00181891413922	3.023765e+02
1024.00096705349142	3.023742e+02
1025.00056589157703	3.023729e+02
1026.00061973882362	3.023728e+02
1027.00108111665872	3.023739e+02
1028.00189527269936	3.023758e+02
1028.99992399226335	3.023784e+02
1030.00124467002433	3.023812e+02
1031.00267731200938	3.023836e+02
1032.00105218086173	3.023850e+02
1033.00243969772782	3.023846e+02
1034.00061470947526	3.023815e+02
1035.00168359888221	3.023751e+02
1036.00249860069925	3.023653e+02
1036.99987937622768	3.023526e+02
1037.99987311999075	3.023374e+02
1039.0024032708186	3.023205e+02
1040.00135392480797	3.023030e+02
1040.999878712493	3.022861e+02
1042.00111745941422	3.022710e+02
1043.00206369308444	3.022586e+02
1044.00276709446734	3.022491e+02
1045.00018848085483	3.022419e+02
1046.00048858662194	3.022366e+02
1047.00049681895553	3.022327e+02
1048.00020112822381	3.022304e+02
1049.00268013289315	3.022294e+02
1050.00182109680622	3.022294e+02
1051.00087224398112	3.022302e+02
1051.99989462314875	3.022311e+02
1053.00187506253587	3.022314e+02
1054.00076610413726	3.022305e+02
1054.99973184103737	3.022283e+02
1056.00183053408614	3.022248e+02
1057.00089182120632	3.022202e+02
1057.99995816247588	3.022149e+02
1059.00213397608672	3.022094e+02
1060.00138246242204	3.022037e+02
1061.00080597989427	3.021984e+02
1062.00038595797014	3.021936e+02
1063.00010507932257	3.021901e+02
1063.99993240368121	3.021878e+02
1064.99983997466506	3.021858e+02
1065.99983784852839	3.021835e+02
1066.99997036446234	3.021808e+02
1068.00031321539632	3.021780e+02
1069.00093802167976	3.021750e+02
1070.00186504118665	3.021722e+02
1070.99999787082515	3.021695e+02
1072.00142011894172	3.021668e+02
1072.99992293207129	3.021642e+02
1074.00156718991116	3.021619e+02
1075.00010908368677	3.021600e+02
1076.00164440833282	3.021584e+02
1077.00001577052399	3.021570e+02
1078.00134937508915	3.021555e+02
1079.00261422088397	3.021536e+02
1080.0008004579272	3.021508e+02
1081.00203806036188	3.021467e+02
1082.0000936859808	3.021410e+02
1083.00099232441335	3.021336e+02
1084.00158448389084	3.021247e+02
1085.00184763915036	3.021148e+02
1086.00181224374819	3.021046e+02
1087.00150893746581	3.020948e+02
1088.00097722084752	3.020859e+02
1089.00023644996122	3.020773e+02
1090.00237091644681	3.020685e+02
1091.00128031511258	3.020596e+02
1092.00008777840162	3.020509e+02
1093.00193747221329	3.020430e+02
1094.00075467239367	3.020364e+02
1095.00269191563029	3.020314e+02
1096.00163632915996	3.020281e+02
1097.00066233535199	3.020264e+02
1097.99975699959123	3.020262e+02
1099.00197569590205	3.020273e+02
1100.00121817382069	3.020289e+02
1101.00051497928393	3.020303e+02
1101.99984050122021	3.020308e+02
1103.00230950820651	3.020298e+02
1104.00190742267068	3.020269e+02
1105.00168456578876	3.020221e+02
1106.00158856940266	3.020159e+02
1107.00157376966081	3.020088e+02
1108.00160616706557	3.020013e+02
1109.00165423799626	3.019941e+02
1110.00168722541184	3.019881e+02
1111.00167666294078	3.019836e+02
1112.00164100901338	3.019795e+02
1113.0016082368893	3.019745e+02
1114.0015811704302	3.019678e+02
1115.00158614022598	3.019596e+02
1116.00168214937594	3.019504e+02
1117.00178709406805	3.019412e+02
1118.00170395871783	3.019329e+02
1119.00131608142442	3.019262e+02
1120.00053988737955	3.019215e+02
1121.00244780601156	3.019194e+02
1122.00117117810055	3.019192e+02
1122.99996831972635	3.019201e+02
1124.00184955443547	3.019214e+02
1125.0008117509874	3.019226e+02
1126.00002150219325	3.019228e+02
1127.00255074076676	3.019216e+02
1128.00223106746057	3.019191e+02
1129.00200920869338	3.019149e+02
1130.00177712908544	3.019089e+02
1131.00147374108451	3.019010e+02
1132.00101893863257	3.018917e+02
1133.00041017420335	3.018821e+02
1134.00278128124137	3.018730e+02
1135.00207804170077	3.018640e+02
1136.00142492683199	3.018539e+02
1137.00087033014893	3.018411e+02
1138.00028922801084	3.018259e+02
1139.00244747980901	3.018089e+02
1140.0012223033134	3.017915e+02
1141.00237404415998	3.017756e+02
1142.00238371320052	3.017626e+02
1143.00166866327754	3.017522e+02
1144.00045207131211	3.017440e+02
1145.00140896645394	3.017386e+02
1146.00193472379215	3.017365e+02
1147.0024819924347	3.017367e+02
1148.0000594589801	3.017387e+02
1149.0007810781276	3.017420e+02
1150.00177227282438	3.017456e+02
1151.00016715046763	3.017491e+02
1152.00213740417257	3.017521e+02
1153.0015451623583	3.017532e+02
1154.00134472899663	3.017519e+02
1155.00153888477121	3.017490e+02
1156.00213266585183	3.017453e+02
1157.00006491856539	3.017420e+02
1158.00144956452573	3.017392e+02
1159.00018702758234	3.017361e+02
1160.00243290755111	3.017300e+02
1161.00199624302377	3.017190e+02
1162.00182318344082	3.017028e+02
1163.00178616921221	3.016829e+02
1164.00159441893129	3.016614e+02
1165.00091842607435	3.016404e+02
1166.00231310010463	3.016217e+02
1167.00246377691292	3.016069e+02
1168.00145692360547	3.015966e+02
1168.99942723795084	3.015906e+02
1169.99979268127572	3.015882e+02
1170.9998482534013	3.015888e+02
1171.99977573618571	3.015921e+02
1172.99970711423748	3.015971e+02
1173.99984895071702	3.016031e+02
1175.00048398354443	3.016095e+02
1176.0017852294759	3.016156e+02
1177.00067111765429	3.016199e+02
1178.00000052079463	3.016218e+02
1178.99964776748902	3.016216e+02
1179.9996500149507	3.016195e+02
1181.00011751790998	3.016160e+02
1182.00109274378019	3.016114e+02
1182.99953844046445	3.016043e+02
1184.00161975154674	3.015924e+02
1185.0010952845264	3.015746e+02
1186.00082077057436	3.015517e+02
1187.00052259694871	3.015258e+02
1187.99981967165877	3.014998e+02
1189.00100104239505	3.014763e+02
1190.00075818430082	3.014567e+02
1191.00229925142048	3.014414e+02
1192.00238138700774	3.014312e+02
1193.00115142059485	3.014256e+02
1194.00229233991195	3.014238e+02
1194.99991325910969	3.014253e+02
1196.00023564771027	3.014296e+02
1197.00049059507842	3.014357e+02
1198.00096832561576	3.014432e+02
1199.00196906711221	3.014519e+02
1200.00072330591365	3.014609e+02
1201.00032337418634	3.014688e+02
1202.00070921642305	3.014748e+02
1203.00178901727554	3.014788e+02
1204.00053344729099	3.014806e+02
1205.00006089014664	3.014806e+02
1206.00039809618579	3.014788e+02
1207.00151598089246	3.014736e+02
1208.00035781096744	3.014629e+02
1208.99987153087022	3.014455e+02
1209.99979481689934	3.014221e+02
1210.99990631732817	3.013946e+02
1211.99983363515344	3.013665e+02
1213.0017097821742	3.013407e+02
1214.0021506782607	3.013190e+02
1215.00116107686085	3.013025e+02
1216.00141195242895	3.012921e+02
1217.00038530247593	3.012868e+02
1218.00163738450669	3.012851e+02
1219.00191638025217	3.012872e+02
1220.00175449950575	3.012924e+02
1221.00164270278879	3.012996e+02
1222.00177634713282	3.013091e+02
1223.00238456964007	3.013201e+02
1224.00073988087343	3.013319e+02
1224.99994067277544	3.013428e+02
1225.99988755455593	3.013516e+02
1227.00052770662251	3.013576e+02
1228.00185086165811	3.013606e+02
1229.00085501987633	3.013608e+02
1230.00063862211573	3.013580e+02
1231.00120464337965	3.013507e+02
1231.99946905427805	3.013377e+02
1233.00143015099479	3.013181e+02
1234.00073198825248	3.012932e+02
1235.00016940806972	3.012651e+02
1236.00243736717289	3.012364e+02
1237.00067041578154	3.012100e+02
1238.00048635038979	3.011878e+02
1239.00190729616907	3.011703e+02
1240.00200350179421	3.011579e+02
1241.00072930942611	3.011505e+02
1242.00120417448375	3.011481e+02
1243.00079487614312	3.011500e+02
1244.00003539312388	3.011552e+02
1245.00239127967575	3.011630e+02
1246.00203964125558	3.011732e+02
1247.00225056698514	3.011850e+02
1248.00021967876341	3.011977e+02
1249.00209280594663	3.012099e+02
1250.0017432442155	3.012200e+02
1251.00223105776399	3.012275e+02
1252.00042478383716	3.012321e+02
1253.00236105416661	3.012340e+02
1254.00199279181561	3.012326e+02
1255.00239793528704	3.012264e+02
1256.0004753739197	3.012144e+02
1257.00226193670846	3.011958e+02
1258.00142996505519	3.011717e+02
1259.00078220803221	3.011438e+02
1259.99991128766237	3.011150e+02
1261.00125664209122	3.010882e+02
1262.00120878328926	3.010656e+02
1262.99986208942869	3.010476e+02
1264.00044668269834	3.010339e+02
1264.99972316733647	3.010248e+02
1266.0003879788535	3.010209e+02
1267.00033864845113	3.010218e+02
1267.99998568574119	3.010265e+02
1269.00241130910103	3.010341e+02
1270.00212418921797	3.010445e+02
1270.99949781502346	3.010564e+02
1272.00069961486156	3.010687e+02
1272.99960364584672	3.010805e+02
1274.00234622308585	3.010908e+02
1274.99986669649093	3.010988e+02
1276.00123938136585	3.011043e+02
1277.000207835541	3.011069e+02
1277.99978615834652	3.011057e+02
1278.99999296406304	3.010994e+02
1280.00078588853944	3.010874e+02
1281.00218925132981	3.010694e+02
1282.001000308627	3.010470e+02
1282.99989982189345	3.010212e+02
1284.00160128966195	3.009936e+02
1284.99949913572163	3.009675e+02
1285.99948525349669	3.009448e+02
1287.00143195195619	3.009261e+02
1288.0022296618929	3.009116e+02
1289.00193007721691	3.009014e+02
1290.00039502276127	3.008957e+02
1291.00113276644925	3.008943e+02
1292.00123467932281	3.008966e+02
1293.00090210048734	3.009024e+02
1294.00087284951906	3.009112e+02
1295.00153186770967	3.009219e+02
1295.99987680909931	3.009324e+02
1297.00202598392593	3.009419e+02
1298.00198132145988	3.009504e+02
1298.99978490434228	3.009579e+02
1300.00148177374126	3.009642e+02
1301.00084461737083	3.009684e+02
1302.0007922119737	3.009690e+02
1303.00126152487223	3.009640e+02
1304.00222154247763	3.009535e+02
1305.00055956380015	3.009373e+02
1306.00236143979669	3.009169e+02
1307.00113861308932	3.008938e+02
1307.99970352336413	3.008689e+02
1309.00082301903626	3.008436e+02
1310.00105060529063	3.008200e+02
1311.0001943644661	3.007995e+02
1312.00149514521718	3.007831e+02
1313.00181865880609	3.007714e+02
1314.00101850295437	3.007644e+02
1314.99966948671727	3.007610e+02
1316.00094251422252	3.007608e+02
1317.00175474054163	3.007641e+02
1317.99973445341038	3.007704e+02
1319.0011838583041	3.007783e+02
1320.00006145143266	3.007874e+02
1320.9998786588244	3.007960e+02
1322.00059475559601	3.008036e+02
1323.00210252745683	3.008105e+02
1324.00150249071521	3.008161e+02
1325.001828280268	3.008200e+02
1325.99982418465379	3.008207e+02
1327.00134061151948	3.008170e+02
1327.99995232619585	3.008089e+02
1329.00180752360143	3.007966e+02
1330.00047049555064	3.007816e+02
1331.00202380001542	3.007644e+02
1332.00022600971192	3.007449e+02
1333.00110556656159	3.007231e+02
1334.00157945354044	3.007003e+02
1335.00132119213072	3.006782e+02
1336.00020147994837	3.006587e+02
1337.00144249976211	3.006433e+02
1338.00187539297303	3.006329e+02
1339.00179980415351	3.006270e+02
1340.0016842205041	3.006241e+02
1341.00129452928695	3.006238e+02
1342.00090668375151	3.006256e+02
1343.00106692536019	3.006292e+02
1344.00164754809566	3.006341e+02
1344.9995518319779	3.006401e+02
1346.00117803193439	3.006475e+02
1347.00058294570135	3.006544e+02
1348.00065221684781	3.006594e+02
1349.00136195362552	3.006620e+02
1349.99964389572051	3.006612e+02
1351.00132676663816	3.006565e+02
1352.00010720266232	3.006484e+02
1353.00215635971608	3.006371e+02
1354.00093085089838	3.006228e+02
1355.00229045060428	3.006067e+02
1356.00039744744981	3.005886e+02
1357.00151050956129	3.005683e+02
1358.00223619059966	3.005473e+02
1358.99939708340594	3.005272e+02
1359.99940372392257	3.005088e+02
1361.00212330046543	3.004933e+02
1362.00134583883619	3.004815e+02
1363.00052368254137	3.004731e+02
1363.99970074483099	3.004673e+02
1365.00189773459147	3.004638e+02
1366.00131001497152	3.004623e+02
1367.00107700075932	3.004621e+02
1368.0010993491303	3.004634e+02
1369.00152064225426	3.004657e+02
1370.00242757796013	3.004684e+02
1371.00061275779763	3.004709e+02
1372.00225436233609	3.004723e+02
1373.00132172492476	3.004721e+02
1374.00072976524916	3.004697e+02
1375.00047486011385	3.004649e+02
1376.00057610548834	3.004576e+02
1377.00094119779419	3.004480e+02
1378.00147969323575	3.004365e+02
1379.00206281419082	3.004236e+02
1379.99960835852539	3.004088e+02
1381.00035315717696	3.003917e+02
1382.00117982417487	3.003726e+02
1383.00188842857392	3.003533e+02
1384.00238074751178	3.003354e+02
1384.99956844715962	3.003197e+02
1385.9995144857171	3.003062e+02
1387.00206609297879	3.002950e+02
1388.00113261640308	3.002856e+02
1388.99979272700102	3.002773e+02
1390.00100797844289	3.002701e+02
1391.00175440717067	3.002642e+02
1392.00207531668116	3.002594e+02
1393.00194194733967	3.002557e+02
1394.00136542118298	3.002529e+02
1395.00040574753643	3.002506e+02
1396.00215173643983	3.002486e+02
1397.00054185882527	3.002466e+02
1398.0017606700294	3.002442e+02
1398.99976246545953	3.002414e+02
1400.00067484689248	3.002379e+02
1401.00147965706424	3.002338e+02
1402.00219265735041	3.002291e+02
1402.99974176259661	3.002242e+02
1404.00022969408224	3.002191e+02
1405.00059873208011	3.002141e+02
1406.00078672673521	3.002096e+02
1407.0007648413191	3.002059e+02
1408.00052971976174	3.002032e+02
1409.00002698930848	3.002019e+02
1410.00228156024286	3.002020e+02
1411.00118097564541	3.002036e+02
1411.99975509059163	3.002064e+02
1413.00107292269581	3.002105e+02
1414.00213952720424	3.002157e+02
1414.99992407696914	3.002220e+02
1416.00048167130171	3.002298e+02
1417.00075655608157	3.002387e+02
1418.00076763720131	3.002478e+02
1419.000554672622	3.002567e+02
1420.00014793516266	3.002652e+02
1420.99955837955667	3.002734e+02
1422.00182019670569	3.002820e+02
1423.00086064730885	3.002909e+02
1423.99974808299248	3.003003e+02
1425.00155270657524	3.003100e+02
1426.00021303310587	3.003202e+02
1427.00180606315939	3.003310e+02
1428.00027117868967	3.003423e+02
1429.0017150724359	3.003540e+02
1430.00009498698455	3.003659e+02
1431.00148637769485	3.003783e+02
1431.99983459352961	3.003909e+02
1433.00122372700935	3.004038e+02
1433.99958504823076	3.004169e+02
1435.00099013086469	3.004305e+02
1436.00243049145433	3.004446e+02
1437.00092542327593	3.004595e+02
1437.99958640234604	3.004753e+02
1439.00155438035927	3.004919e+02
1440.0008606903175	3.005093e+02
1441.00067439768281	3.005278e+02
1442.00115921649444	3.005475e+02
1442.9994869696277	3.005686e+02
1444.00200200168956	3.005915e+02
1444.99983316629164	3.006163e+02
1446.00244001918691	3.006435e+02
1447.0009158599828	3.006727e+02
1448.00162168231577	3.007041e+02
1449.00147096406477	3.007372e+02
1450.00031629733826	3.007722e+02
1451.00110556522736	3.008088e+02
1452.00062725779549	3.008462e+02
1453.00189060908019	3.008839e+02
1454.00168470785093	3.009207e+02
1454.99982438806978	3.009556e+02
1456.00234023965163	3.009881e+02
1457.00247151166786	3.010169e+02
1457.99978250547156	3.010414e+02
1459.0000124022597	3.010613e+02
1459.9995264321692	3.010764e+02
1461.0012289927638	3.010868e+02
1462.00232118737358	3.010932e+02
1463.00029809577313	3.010972e+02
1464.00179723596398	3.011000e+02
1465.00072702734246	3.011034e+02
1466.00032453342374	3.011085e+02
1467.0007842909647	3.011165e+02
1468.00233265395582	3.011287e+02
1469.0024429164198	3.011463e+02
1470.00076987063153	3.011695e+02
1471.0020755894061	3.011977e+02
1472.00185651071888	3.012297e+02
1473.0019727176757	3.012640e+02
1474.0018970851163	3.012985e+02
1475.00196698163882	3.013305e+02
1476.00021590997676	3.013572e+02
1477.0006522291103	3.013764e+02
1478.00060194689854	3.013869e+02
1479.00007764097563	3.013896e+02
1479.99938356386815	3.013869e+02
1480.99952132620911	3.013826e+02
1482.00159064828904	3.013794e+02
1483.00023121288996	3.013790e+02
1483.99944084453546	3.013833e+02
1485.00228560442292	3.013944e+02
1486.00048169832712	3.014141e+02
1487.00101512764513	3.014431e+02
1487.99948263876536	3.014802e+02
1489.00164878039186	3.015227e+02
1490.00120211845046	3.015663e+02
1491.00149582673566	3.016084e+02
1491.99957597045659	3.016469e+02
1493.00217855849564	3.016814e+02
1494.00152038810575	3.017098e+02
1495.00232985045204	3.017307e+02
1495.99957868875367	3.017430e+02
1497.00041299866211	3.017478e+02
1498.00228026435752	3.017486e+02
1499.0019717056748	3.017489e+02
1499.99944198550452	3.017505e+02
1501.00197434916413	3.017530e+02
1502.00097798465208	3.017529e+02
1503.00095592908497	3.017448e+02
1504.00100045218869	3.017306e+02
1505.00138450374584	3.017204e+02
1505.99963133765618	3.017221e+02
1507.00218859816141	3.017355e+02
1508.00215459009792	3.017562e+02
1509.00145067798485	3.017842e+02
1510.0004111013784	3.018110e+02
1511.00043633165319	3.018203e+02
1512.00090013349381	3.018265e+02
1513.00150129576082	3.018489e+02
1514.00045613390421	3.018795e+02
1515.0004895439115	3.019047e+02
1516.00064640102619	3.019229e+02
1517.00025946888468	3.019401e+02
1518.00180260865295	3.019573e+02
1519.00094428725606	3.019682e+02
1519.99947743220218	3.019704e+02
1520.99967138157922	3.019673e+02
1522.00110347006535	3.019669e+02
1523.00085806139145	3.019753e+02
1524.00227354593676	3.019926e+02
1525.00214313299193	3.020150e+02
1526.00015786992503	3.020419e+02
1527.00225177713651	3.020778e+02
1528.0001851478421	3.021186e+02
1529.00168708036381	3.021507e+02
1530.00184077485028	3.021673e+02
1531.00138248521512	3.021707e+02
1532.00054613347834	3.021715e+02
1532.99935756371656	3.021737e+02
1534.00080229890591	3.021736e+02
1535.00063800180737	3.021709e+02
1536.00044809441829	3.021709e+02
1537.0024513020403	3.021779e+02
1538.00021715961134	3.021920e+02
1539.00022536233246	3.022138e+02
1539.99965146088675	3.022442e+02
1541.00160632775419	3.022815e+02
1542.00242846992796	3.023237e+02
1543.00146703839664	3.023708e+02
1544.00122770013149	3.024196e+02
1545.00229609782764	3.024642e+02
1546.00005043585611	3.025005e+02
1547.00231625834817	3.025215e+02
1548.00075620504799	3.025283e+02
1549.0018650204122	3.025253e+02
1550.00243819486718	3.025151e+02
1551.0020190543928	3.025013e+02
1552.00188377580912	3.024896e+02
1553.00061469208367	3.024851e+02
1554.00061680319368	3.024894e+02
1555.00160644996754	3.025017e+02
1556.00103445746504	3.025210e+02
1556.9994068021947	3.025459e+02
1558.00018298727855	3.025749e+02
1559.00006911144374	3.026077e+02
1560.00154254704034	3.026461e+02
1561.00136399896451	3.026910e+02
1562.00043796229738	3.027399e+02
1563.00021025949127	3.027855e+02
1564.0019983830025	3.028173e+02
1565.00040247734796	3.028303e+02
1566.00159256775419	3.028313e+02
1567.00076829848354	3.028313e+02
1567.99969698232621	3.028358e+02
1569.00080821864981	3.028441e+02
1570.00041200809414	3.028530e+02
1571.0017829885478	3.028604e+02
1572.00230063813865	3.028666e+02
1572.9994080157328	3.028746e+02
1573.99991457438978	3.028861e+02
1575.00099178592723	3.028986e+02
1575.99936336314477	3.029101e+02
1577.00090348195931	3.029221e+02
1578.0023832285392	3.029382e+02
1579.0006851629214	3.029599e+02
1580.00212364575168	3.029845e+02
1581.00060599417634	3.030070e+02
1582.0022305594332	3.030230e+02
1583.00067724483029	3.030307e+02
1584.00192758469302	3.030303e+02
1585.00235790405236	3.030220e+02
1586.00149275982881	3.030044e+02
1587.00222385816323	3.029768e+02
1588.00146541143567	3.029454e+02
1588.99958546689709	3.029190e+02
1590.00006341164863	3.029037e+02
1591.00005538963728	3.029022e+02
1591.99975114748372	3.029150e+02
1593.00243515408761	3.029400e+02
1594.00204142697703	3.029725e+02
1595.00164709542446	3.030062e+02
1596.00119063272928	3.030352e+02
1597.00052817956089	3.030558e+02
1597.99952182841821	3.030664e+02
1599.00130684936221	3.030674e+02
1599.99981535713846	3.030617e+02
1601.00145051019399	3.030537e+02
1602.00010329296651	3.030486e+02
1603.00191414534584	3.030495e+02
1604.00051873423399	3.030588e+02
1605.00191450489137	3.030771e+02
1605.99975262272596	3.031028e+02
1607.00023190400702	3.031327e+02
1608.00043648950623	3.031632e+02
1609.00055999963502	3.031926e+02
1610.0009170024116	3.032209e+02
1611.001741257418	3.032475e+02
1612.0001706721118	3.032708e+02
1612.999404804264	3.032901e+02
1613.9995002829116	3.033069e+02
1615.0003973314017	3.033250e+02
1616.00190457780104	3.033486e+02
1617.00081760004173	3.033786e+02
1618.00021618120877	3.034131e+02
1619.00012759630522	3.034492e+02
1620.00058389813239	3.034841e+02
1621.00153054397197	3.035161e+02
1621.99990632452636	3.035447e+02
1623.00186297378309	3.035697e+02
1624.00109695929541	3.035911e+02
1625.00060884548589	3.036093e+02
1626.00037577899548	3.036248e+02
1627.00034948603729	3.036385e+02
1628.00057745026311	3.036515e+02
1629.00102148624933	3.036646e+02
1630.00169563352665	3.036785e+02
1630.99943060590749	3.036933e+02
1632.00040985007013	3.037090e+02
1633.00151218209294	3.037251e+02
1633.99962168989737	3.037413e+02
1635.00099494452138	3.037571e+02
1635.99951230194438	3.037727e+02
1637.0015764402583	3.037892e+02
1638.00095035058303	3.038081e+02
1639.00084290852033	3.038305e+02
1640.00127968392349	3.038566e+02
1641.00231041250436	3.038857e+02
1642.00085439373447	3.039171e+02
1643.00006424387175	3.039500e+02
1643.99993741584012	3.039833e+02
1645.00046120292927	3.040162e+02
1646.00154547154466	3.040480e+02
1646.99998948904863	3.040784e+02
1648.0019560656674	3.041070e+02
1649.00108395298275	3.041337e+02
1650.00040923495135	3.041586e+02
1650.9998145295267	3.041820e+02
1652.00228328488492	3.042041e+02
1653.00135786075043	3.042249e+02
1653.99990519593848	3.042441e+02
1655.00094263863707	3.042615e+02
1656.00144990515332	3.042768e+02
1657.001486180342	3.042899e+02
1658.00114828848768	3.043010e+02
1659.00056125673336	3.043101e+02
1659.99983203648662	3.043178e+02
1661.00217269050086	3.043240e+02
1662.00136381713992	3.043288e+02
1663.00060897905269	3.043319e+02
1664.00000080221275	3.043336e+02
1664.99961876574889	3.043343e+02
1665.9994337060391	3.043350e+02
1666.99945094847817	3.043365e+02
1667.99969823608831	3.043389e+02
1669.0002503347398	3.043421e+02
1670.00112697989584	3.043457e+02
1671.00223801401739	3.043499e+02
1672.00029298165714	3.043550e+02
1673.00147125443232	3.043599e+02
1674.0024235614801	3.043627e+02
1674.99991810012102	3.043612e+02
1676.00018549485685	3.043529e+02
1677.00034258195728	3.043367e+02
1678.0006078432657	3.043141e+02
1679.00074318016118	3.042875e+02
1680.00061815672484	3.042593e+02
1680.99996409869118	3.042315e+02
1682.00176703641841	3.042053e+02
1682.9994812510713	3.041811e+02
1684.00210582807949	3.041582e+02
1684.9997232986882	3.041365e+02
1686.00162352087023	3.041161e+02
1686.99928511856547	3.040973e+02
1688.00013261928802	3.040745e+02
1689.00208923491664	3.040407e+02
1689.99973834586353	3.039988e+02
1690.99948128723213	3.039543e+02
1692.00121101059153	3.039110e+02
1693.00136240399593	3.038719e+02
1693.99957141443906	3.038373e+02
1695.00190741234201	3.038057e+02
1696.00013208434189	3.037761e+02
1697.00077737072206	3.037491e+02
1698.00160860480719	3.037266e+02
1699.00195378476951	3.037094e+02
1700.00183178807356	3.036963e+02
1701.00212652200298	3.036848e+02
1702.00197227292597	3.036717e+02
1702.99924638317179	3.036545e+02
1704.00077320654168	3.036325e+02
1704.99997854296589	3.036061e+02
1706.00161548434903	3.035775e+02
1707.00146394703415	3.035496e+02
1707.99926734734345	3.035242e+02
1709.00170158088281	3.035012e+02
1710.00025709872853	3.034799e+02
1711.00200663532223	3.034592e+02
1712.00099446604986	3.034378e+02
1713.00023424793358	3.034140e+02
1713.99943710887783	3.033876e+02
1715.00202866329209	3.033590e+02
1716.00197178756753	3.033302e+02
1716.99942580786842	3.033038e+02
1718.00083168834226	3.032818e+02
1718.99953573065409	3.032654e+02
1720.00078094724836	3.032538e+02
1721.00014633540104	3.032445e+02
1721.99924175523415	3.032347e+02
1723.00042829580616	3.032230e+02
1724.00113965048058	3.032092e+02
1724.99954316198364	3.031933e+02
1726.0002667158908	3.031757e+02
1727.00192361754353	3.031579e+02
1727.99944069978505	3.031416e+02
1728.99928636835784	3.031273e+02
1730.00114352220453	3.031141e+02
1731.00170482415865	3.031013e+02
1732.00057964351049	3.030883e+02
1733.00037499755285	3.030753e+02
1734.00094982649284	3.030623e+02
1734.99938763210798	3.030499e+02
1736.00232569371678	3.030392e+02
1737.00073653296545	3.030314e+02
1738.0009665585801	3.030269e+02
1739.00225875173533	3.030251e+02
1739.99989089831297	3.030254e+02
1741.00141984554466	3.030263e+02
1741.99934770596747	3.030261e+02
1742.99990019412962	3.030236e+02
1744.00091572768224	3.030182e+02
1745.00068450912227	3.030100e+02
1746.00062133516371	3.029999e+02
1747.00198500961801	3.029885e+02
1748.00224695144425	3.029773e+02
1749.00126858479257	3.029670e+02
1750.00161968650377	3.029575e+02
1750.9997092020028	3.029490e+02
1752.00144777802461	3.029415e+02
1753.00026170735805	3.029345e+02
1754.00218669342166	3.029285e+02
1755.00139858895091	3.029232e+02
1756.00128267370133	3.029187e+02
1757.00205770201205	3.029151e+02
1758.00002264717455	3.029118e+02
1759.00062327042133	3.029081e+02
1760.00025216299309	3.029038e+02
1761.00187348628788	3.028990e+02
1762.00212852821619	3.028934e+02
1763.00081485484156	3.028865e+02
1764.00107686984484	3.028784e+02
1764.9998568213789	3.028694e+02
1766.00019417094722	3.028599e+02
1767.0017915733315	3.028504e+02
1768.00125262652091	3.028412e+02
1768.99937462505045	3.028327e+02
1769.99997874569317	3.028247e+02
1771.00060046397971	3.028169e+02
1772.00124592962334	3.028095e+02
1773.00211127545663	3.028024e+02
1774.00011331133851	3.027956e+02
1775.00109214504914	3.027890e+02
1776.00195505511169	3.027824e+02
1776.99985129126799	3.027757e+02
1778.00076166344184	3.027687e+02
1779.00138012028287	3.027613e+02
1780.00177172110102	3.027534e+02
1781.00190062878801	3.027449e+02
1782.00144119139713	3.027357e+02
1783.00066928198794	3.027259e+02
1783.99998476426481	3.027156e+02
1785.00226558580243	3.027047e+02
1786.00144910440167	3.026936e+02
1787.00124547982864	3.026822e+02
1788.00168827893708	3.026703e+02
1789.0022080209028	3.026577e+02
1789.9995911069966	3.026446e+02
1791.00010002287286	3.026309e+02
1792.00026048073732	3.026167e+02
1792.99940565161046	3.026028e+02
1794.00095048029311	3.025903e+02
1795.0022039799876	3.025795e+02
1796.0023919818257	3.025702e+02
1797.0014321338056	3.025621e+02
1798.0031820424424	3.025550e+02
1799.00156390193	3.025484e+02
1800.00253116195722	3.025422e+02
1801.00297931816453	3.025364e+02
1802.00299992428063	3.025308e+02
1803.0026530194275	3.025249e+02
1804.00192578488122	3.025180e+02
1805.000839223203	3.025099e+02
1806.00251118268443	3.025005e+02
1807.00089268304328	3.024900e+02
1808.00212839875189	3.024790e+02
1809.00322868427702	3.024680e+02
1810.00123368741583	3.024576e+02
1811.00235695240326	3.024478e+02
1812.00364398830607	3.024389e+02
1813.00213186630731	3.024311e+02
1814.00095316821785	3.024248e+02
1815.00329309993526	3.024205e+02
1816.00313267045703	3.024181e+02
1817.00359492397411	3.024173e+02
1818.00164024281912	3.024181e+02
1819.00338250235836	3.024201e+02
1820.0026825321338	3.024229e+02
1821.00259879485566	3.024260e+02
1822.00308566601916	3.024287e+02
1823.0010054460347	3.024306e+02
1824.00245336836861	3.024315e+02
1825.00125472971558	3.024316e+02
1826.00354656955096	3.024308e+02
1827.00317555549532	3.024294e+02
1828.00316531953194	3.024274e+02
1829.00344495855757	3.024248e+02
1830.00091375567354	3.024215e+02
1831.00170963893424	3.024179e+02
1832.00275104385969	3.024143e+02
1833.00099577118704	3.024111e+02
1834.00262212345956	3.024089e+02
1835.00145909217144	3.024076e+02
1836.00363627737488	3.024072e+02
1837.00284107066341	3.024076e+02
1838.0020743905136	3.024085e+02
1839.00126184375517	3.024097e+02
1840.00347155332656	3.024108e+02
1841.0025508381018	3.024113e+02
1842.00155061300438	3.024105e+02
1843.00350071229127	3.024079e+02
1844.00220903286663	3.024032e+02
1845.00068662928334	3.023959e+02
1846.00192323909232	3.023860e+02
1847.00263463570627	3.023736e+02
1848.00268451952502	3.023591e+02
1849.00213299693814	3.023429e+02
1850.00100608008006	3.023258e+02
1851.0022153825455	3.023086e+02
1852.00270173464378	3.022925e+02
1853.00272756874369	3.022783e+02
1854.00229258205809	3.022661e+02
1855.0012055603006	3.022558e+02
1856.00257166980896	3.022469e+02
1857.00343100416558	3.022394e+02
1858.00078343365203	3.022333e+02
1859.00083484139236	3.022290e+02
1860.00369642245778	3.022268e+02
1861.00354752279736	3.022263e+02
1862.00350560142761	3.022266e+02
1863.0035626065021	3.022267e+02
1864.00370203119996	3.022262e+02
1865.00088835834981	3.022252e+02
1866.00129610488921	3.022240e+02
1867.0019502342202	3.022228e+02
1868.00292411733312	3.022215e+02
1869.00119235790589	3.022201e+02
1870.00291698685533	3.022185e+02
1871.00203684173857	3.022173e+02
1872.00166842417707	3.022167e+02
1873.00183204891277	3.022169e+02
1874.00253244347687	3.022179e+02
1875.00067797616498	3.022194e+02
1876.00235570301584	3.022207e+02
1877.00134049012922	3.022214e+02
1878.00370017286377	3.022212e+02
1879.00323184173499	3.022199e+02
1880.00296275255596	3.022176e+02
1881.00285955580875	3.022142e+02
1882.00289861750957	3.022103e+02
1883.00301181904797	3.022060e+02
1884.00309687418894	3.022015e+02
1885.00306864686081	3.021967e+02
1886.00284294952485	3.021915e+02
1887.00234465961034	3.021860e+02
1888.00154075534124	3.021801e+02
1889.00351601047259	3.021739e+02
1890.00211980521772	3.021675e+02
1891.00345882449597	3.021606e+02
1892.00132752346803	3.021530e+02
1893.00179110609611	3.021445e+02
1894.00172549117133	3.021351e+02
1895.00114435379396	3.021250e+02
1896.00317729971152	3.021148e+02
1897.00176541026667	3.021051e+02
1898.00310227232353	3.020961e+02
1899.00112432637047	3.020878e+02
1900.00199415479256	3.020801e+02
1901.00268508550562	3.020729e+02
1902.00324489102627	3.020662e+02
1903.00067780807171	3.020602e+02
1904.00116893688096	3.020550e+02
1905.00172753394645	3.020507e+02
1906.00243050581662	3.020472e+02
1907.00331604072176	3.020444e+02
1908.00133635087923	3.020423e+02
1909.00263672734468	3.020406e+02
1910.00112222546841	3.020393e+02
1911.00296088655296	3.020383e+02
1912.00207679922892	3.020376e+02
1913.00157131657738	3.020370e+02
1914.0014659620997	3.020366e+02
1915.00176211387065	3.020361e+02
1916.00241713867035	3.020355e+02
1917.00337970135502	3.020347e+02
1918.00152410672695	3.020335e+02
1919.00295446820815	3.020320e+02
1920.00147821812379	3.020305e+02
1921.00319250787675	3.020288e+02
1922.00190018356329	3.020266e+02
1923.00367667732939	3.020231e+02
1924.00231320394983	3.020181e+02
1925.00085054596752	3.020116e+02
1926.00234658928684	3.020041e+02
1927.00066827513706	3.019961e+02
1928.00197339102033	3.019881e+02
1929.00317185618997	3.019807e+02
1930.00115662418966	3.019740e+02
1931.0020289618908	3.019680e+02
1932.00266997339349	3.019627e+02
1933.00304026816934	3.019579e+02
1934.00312706944919	3.019534e+02
1935.00293311370251	3.019491e+02
1936.00249483846096	3.019447e+02
1937.00187742966887	3.019400e+02
1938.00107481601731	3.019345e+02
1939.00308913791719	3.019278e+02
1940.00173789337691	3.019197e+02
1941.00314031610674	3.019103e+02
1942.00119715363758	3.019001e+02
1943.00207359093361	3.018901e+02
1944.00276290757347	3.018810e+02
1945.00332228851448	3.018733e+02
1946.00069841411573	3.018662e+02
1947.00100086764428	3.018589e+02
1948.00112948035917	3.018507e+02
1949.00105557928305	3.018415e+02
1950.00082971662141	3.018318e+02
1951.00361115546343	3.018225e+02
1952.00337636038716	3.018145e+02
1953.00321626309483	3.018082e+02
1954.00312215679037	3.018033e+02
1955.00307609289462	3.017993e+02
1956.00305144581966	3.017959e+02
1957.00301968329859	3.017930e+02
1958.00297924992606	3.017911e+02
1959.00297882971608	3.017901e+02
1960.00312658187727	3.017899e+02
1961.00358033289103	3.017900e+02
1962.00136260513614	3.017901e+02
1963.00265034820723	3.017898e+02
1964.00129665287682	3.017886e+02
1965.0033080088167	3.017862e+02
1966.00242611211615	3.017826e+02
1967.00166093293751	3.017781e+02
1968.00098542149908	3.017737e+02
1969.003452924155	3.017699e+02
1970.00293097017425	3.017661e+02
1971.00246494421754	3.017608e+02
1972.00199676307739	3.017526e+02
1973.00145048211289	3.017413e+02
1974.00077325672851	3.017275e+02
1975.00299685821983	3.017124e+02
1976.00181342653332	3.016978e+02
1977.00312543315886	3.016851e+02
1978.00365643496116	3.016754e+02
1979.00344036292677	3.016689e+02
1980.0026816542811	3.016651e+02
1981.00158498880023	3.016637e+02
1982.00346116157039	3.016642e+02
1983.002419493557	3.016656e+02
1984.00170847316303	3.016672e+02
1985.00132753220259	3.016685e+02
1986.00126051317852	3.016695e+02
1987.00152162155882	3.016697e+02
1988.00204114705662	3.016683e+02
1989.00275316103739	3.016648e+02
1990.00360847035699	3.016594e+02
1991.00149199161046	3.016527e+02
1992.00253880279774	3.016460e+02
1993.00068093046866	3.016395e+02
1994.00206961461663	3.016323e+02
1995.00364827253907	3.016225e+02
1996.0023038099821	3.016094e+02
1997.00096741491438	3.015929e+02
1998.0024228172017	3.015740e+02
1999.00350276918516	3.015547e+02
2000.00075446259234	3.015372e+02
2001.00296706496329	3.015232e+02
2002.0012220535034	3.015130e+02
2003.00192095665057	3.015056e+02
2004.00176193355696	3.015010e+02
2005.00108269350926	3.014994e+02
2006.00338639999222	3.015001e+02
2007.0027700639771	3.015023e+02
2008.00233465768588	3.015057e+02
2009.00225032238359	3.015099e+02
2010.00273508872078	3.015148e+02
2011.00083002076485	3.015194e+02
2012.00260824764155	3.015224e+02
2013.00191475351971	3.015232e+02
2014.00177235648471	3.015218e+02
2015.00216108675841	3.015193e+02
2016.00306214790498	3.015165e+02
2017.00143718481513	3.015132e+02
2018.00339522475929	3.015077e+02
2019.00281029238272	3.014975e+02
2020.00267571088489	3.014812e+02
2021.00281098375672	3.014591e+02
2022.00296304469157	3.014329e+02
2023.00271257443978	3.014056e+02
2024.00124321984322	3.013806e+02
2025.00122630078977	3.013597e+02
2026.00286915903871	3.013435e+02
2027.00303655528046	3.013323e+02
2028.00179934005905	3.013262e+02
2029.00278567070768	3.013244e+02
2030.00323845515754	3.013262e+02
2031.00350808922417	3.013309e+02
2032.00084460318817	3.013375e+02
2033.0015562340775	3.013459e+02
2034.00281575636041	3.013553e+02
2035.00179230511208	3.013646e+02
2036.0015614141937	3.013724e+02
2037.00202313901968	3.013777e+02
2038.00318164159421	3.013803e+02
2039.00196530910466	3.013807e+02
2040.00143296293118	3.013791e+02
2041.00161664371512	3.013751e+02
2042.00252340873794	3.013668e+02
2043.00111591430982	3.013526e+02
2044.00342272583976	3.013322e+02
2045.00301109498173	3.013065e+02
2046.00267185356074	3.012772e+02
2047.00202035945949	3.012476e+02
2048.00326126993423	3.012209e+02
2049.00286771681613	3.011990e+02
2050.00098288773688	3.011823e+02
2051.00356602766078	3.011712e+02
2052.00170870704915	3.011656e+02
2053.00194536252684	3.011645e+02
2054.00136057740929	3.011673e+02
2055.00356838141215	3.011732e+02
2056.00292317413505	3.011813e+02
2057.00267008224546	3.011916e+02
2058.00304079799389	3.012033e+02
2059.00126023695793	3.012153e+02
2060.00344594271428	3.012263e+02
2061.00341804538948	3.012349e+02
2062.00119629217079	3.012406e+02
2063.0028516889297	3.012436e+02
2064.00222567329592	3.012441e+02
2065.00239829428983	3.012412e+02
2066.00341150416216	3.012331e+02
2067.00219639353782	3.012184e+02
2068.00171200319846	3.011972e+02
2069.0016618419404	3.011705e+02
2070.00171616364332	3.011402e+02
2071.0015048238688	3.011094e+02
2072.00334501653242	3.010813e+02
2073.00342561357093	3.010585e+02
2074.0019323071092	3.010414e+02
2075.00222941611082	3.010294e+02
2076.00096495335811	3.010228e+02
2077.00115350474061	3.010214e+02
2078.00372173416645	3.010246e+02
2079.00288396348196	3.010310e+02
2080.00198859696138	3.010400e+02
2081.00155863485861	3.010513e+02
2082.00185503933471	3.010636e+02
2083.00295785878325	3.010762e+02
2084.00184358332945	3.010878e+02
2085.00162963801267	3.010975e+02
2086.00239181526513	3.011049e+02
2087.00097364334943	3.011098e+02
2088.00332476475933	3.011117e+02
2089.00330772718553	3.011094e+02
2090.0009166415839	3.011011e+02
2091.00225344570572	3.010864e+02
2092.0012445459829	3.010662e+02
2093.0006934425769	3.010423e+02
2094.0032326763012	3.010153e+02
2095.0025080074879	3.009866e+02
2096.00101780323212	3.009597e+02
2097.00124825450257	3.009370e+02
2098.0032595536909	3.009187e+02
2099.00129492441147	3.009047e+02
2100.00075973148159	3.008957e+02
2101.00185287318254	3.008923e+02
2102.00249111287667	3.008935e+02
2103.00240377888713	3.008984e+02
2104.00202410932661	3.009063e+02
2105.00223081911054	3.009168e+02
2106.00310211248643	3.009280e+02
2107.00164171949382	3.009386e+02
2108.00104572009877	3.009483e+02
2109.00142436276656	3.009571e+02
2110.00277566998011	3.009646e+02
2111.00196703177608	3.009708e+02
2112.00191128419783	3.009745e+02
2113.00244528067424	3.009735e+02
2114.003485032551	3.009663e+02
2115.0019373895957	3.009533e+02
2116.00083694385967	3.009353e+02
2117.00311810845051	3.009141e+02
2118.00229165387236	3.008909e+02
2119.0012222957198	3.008661e+02
2120.00269066419878	3.008408e+02
2121.003144314981	3.008174e+02
2122.0024150366994	3.007977e+02
2123.00092105317572	3.007824e+02
2124.00145393584626	3.007720e+02
2125.00094681794053	3.007664e+02
2126.00310919082358	3.007641e+02
2127.00171237041377	3.007651e+02
2128.00296901846423	3.007694e+02
2129.0014414031516	3.007763e+02
2130.00337991044671	3.007844e+02
2131.00294446678481	3.007933e+02
2132.00335781073318	3.008016e+02
2133.00151957377284	3.008091e+02
2134.00361650851119	3.008160e+02
2135.00358297861021	3.008215e+02
2136.00128483326444	3.008248e+02
2137.00275044738373	3.008248e+02
2138.00152180095256	3.008201e+02
2139.00354819323184	3.008111e+02
2140.00265016500089	3.007983e+02
2141.00146836417889	3.007831e+02
2142.00318211652984	3.007659e+02
2143.00171898960298	3.007462e+02
2144.00293483093992	3.007247e+02
2145.00370166064613	3.007025e+02
2146.00083282030437	3.006813e+02
2147.00336573237473	3.006629e+02
2148.00218501494828	3.006490e+02
2149.00370381196899	3.006394e+02
2150.00185310760025	3.006335e+02
2151.00267934925841	3.006305e+02
2152.00352558224495	3.006298e+02
2153.00156079542103	3.006308e+02
2154.00277182069476	3.006337e+02
2155.00126391157755	3.006380e+02
2156.00337579065899	3.006431e+02
2157.00295903740016	3.006489e+02
2158.0031103561796	3.006540e+02
2159.00089488253207	3.006575e+02
2160.00224171053605	3.006586e+02
2161.00088277653049	3.006570e+02
2162.00295674707922	3.006522e+02
2163.0022145830485	3.006443e+02
2164.00151641944831	3.006341e+02
2165.0037007761407	3.006218e+02
2166.0026573043883	3.006071e+02
2167.0046533909699	3.005890e+02
2168.003601550879	3.005693e+02
2169.0024720152578	3.005490e+02
2170.00427070776459	3.005294e+02
2171.00291971750903	3.005117e+02
2172.00451722358275	3.004965e+02
2173.00293606658306	3.004843e+02
2174.00440079226973	3.004747e+02
2175.00287674348783	3.004673e+02
2176.00445491961227	3.004619e+02
2177.00306363457867	3.004583e+02
2178.00493823364604	3.004560e+02
2179.00393298125437	3.004548e+02
2180.00316521739842	3.004546e+02
2181.00270729721115	3.004547e+02
2182.00255340593776	3.004545e+02
2183.0027612512522	3.004535e+02
2184.00343312634368	3.004509e+02
2185.00455711753602	3.004464e+02
2186.00304032911936	3.004398e+02
2187.0050750398068	3.004313e+02
2188.0045447959078	3.004213e+02
2189.00446784087035	3.004096e+02
2190.00478689352713	3.003963e+02
2191.00233478928112	3.003816e+02
2192.00317310535047	3.003658e+02
2193.00414791706407	3.003494e+02
2194.00520597156537	3.003333e+02
2195.00315193152665	3.003181e+02
2196.00401482119923	3.003045e+02
2197.00462871744367	3.002928e+02
2198.00485833761195	3.002828e+02
2199.00465061427531	3.002745e+02
2200.0039397326027	3.002672e+02
2201.00269980830899	3.002611e+02
2202.0039898191972	3.002564e+02
2203.0047052543105	3.002532e+02
