# Region type : patch node4U_1_Outlet_0
#   Faces  : 252
#   Area   : 3.469385e-02
#        Time	areaAverage(T)
     0.999427	2.971500e+02
      2.00049	2.971500e+02
      3.00031	2.971499e+02
      3.99974	2.971499e+02
     4.999852	2.971499e+02
     6.001051	2.971500e+02
     7.000531	2.971500e+02
     8.000508	2.971500e+02
     9.000207	2.971500e+02
   10.0013794	2.971500e+02
   11.0007486	2.972022e+02
   12.0009612	2.972540e+02
   13.0012826	2.973052e+02
   14.0004431	2.973560e+02
 15.000919704	2.974062e+02
 16.001134102	2.974559e+02
 17.000964066	2.975051e+02
 18.001437332	2.975537e+02
 19.000199323	2.976019e+02
20.00002609566	2.976497e+02
21.0005538983	2.976972e+02
22.0001516083	2.977442e+02
23.00171546342	2.977908e+02
24.00158629973	2.978370e+02
24.9992923468791	2.978826e+02
26.0007408332901	2.979280e+02
27.000127321636	2.979729e+02
28.0005920788103	2.980174e+02
29.0017240917936	2.980615e+02
29.9997920938323759	2.981050e+02
31.0002175478398492	2.981481e+02
31.9996891168724211	2.981908e+02
33.0014876982192291	2.982331e+02
34.0001772822966544	2.982748e+02
34.9994365335516946	2.983162e+02
35.9997900444985959	2.983572e+02
37.0015242626866723	2.983979e+02
38.0015591189283697	2.984383e+02
38.9994632840672892	2.984783e+02
40.0007574456951929	2.985182e+02
41.0021224612753414	2.985580e+02
42.0002872525634814	2.985975e+02
43.0012566304121364	2.986370e+02
44.0020467575723373	2.986763e+02
44.9999474219365112	2.987154e+02
46.0013565934288735	2.987544e+02
47.0003167083469933	2.987932e+02
47.9999449913441012	2.988317e+02
49.0004299422109781	2.988701e+02
50.0018024649949737	2.989084e+02
51.0009823404558276	2.989463e+02
52.0009844877071998	2.989840e+02
53.0017643910810605	2.990215e+02
54.0002351206742404	2.990587e+02
54.9993848868174098	2.990956e+02
56.0021814734975152	2.991323e+02
56.9993512698789999	2.991685e+02
57.9999264458105159	2.992045e+02
59.0007923745438418	2.992403e+02
60.0019425234990109	2.992757e+02
61.0003528657921592	2.993108e+02
61.9992021823811967	2.993456e+02
63.0016965212632414	2.993803e+02
64.0018160389436872	2.994147e+02
64.9996150087740006	2.994489e+02
66.0012484215040303	2.994829e+02
67.0005232908566057	2.995167e+02
68.0003944877985589	2.995503e+02
69.0007533914107256	2.995838e+02
70.0015603219173812	2.996171e+02
70.9997684691784627	2.996502e+02
72.0016025253438841	2.996832e+02
73.0009653857906784	2.997160e+02
74.0009923556114444	2.997486e+02
75.0017195732837507	2.997810e+02
75.9999581087556066	2.998133e+02
77.0017104911463264	2.998454e+02
78.0005896543658253	2.998773e+02
78.9993985451516778	2.999090e+02
80.0010209520131355	2.999407e+02
80.9991269425436258	2.999721e+02
81.99974614684497	3.000034e+02
82.9997173174550653	3.000346e+02
84.0020941085013391	3.000657e+02
85.0006823668008735	3.000966e+02
86.0016281094392525	3.001274e+02
87.001834392442106	3.001580e+02
88.0012234801301929	3.001884e+02
88.9998675660702361	3.002186e+02
90.0008787025826535	3.002487e+02
91.0012554686999948	3.002786e+02
92.0011025357617598	3.003083e+02
93.000402258883355	3.003378e+02
93.999363258351579	3.003670e+02
95.0011600540610175	3.003965e+02
95.9997851463064222	3.004254e+02
97.0014259130476262	3.004546e+02
97.999941160804994	3.004830e+02
99.0014269928212656	3.005113e+02
99.9997536230513759	3.005393e+02
101.001031993007544	3.005672e+02
102.002273183616225	3.005949e+02
103.00030896487965	3.006223e+02
104.001240166939084	3.006497e+02
105.001994492542238	3.006768e+02
106.002493253645454	3.007037e+02
106.999679236622228	3.007304e+02
108.00266338555538	3.007570e+02
109.002112539327754	3.007834e+02
110.001000540579781	3.008096e+02
111.002408319914792	3.008357e+02
112.000128955767693	3.008615e+02
113.000219367322458	3.008873e+02
114.00252857400389	3.009129e+02
115.000960042107437	3.009383e+02
116.001504451501489	3.009635e+02
117.001088593146392	3.009886e+02
118.002638565734458	3.010135e+02
118.999993107898078	3.010382e+02
120.002185069780396	3.010628e+02
121.000078758953904	3.010872e+02
122.002653422413488	3.011115e+02
123.000754340607472	3.011355e+02
124.000249782474413	3.011593e+02
125.001208079555653	3.011831e+02
126.000763042848732	3.012066e+02
127.002101925546427	3.012300e+02
128.002452714997276	3.012531e+02
129.002099405373343	3.012761e+02
130.001295117298724	3.012989e+02
131.000335333749604	3.013214e+02
132.002542878069534	3.013438e+02
133.002328883822429	3.013660e+02
134.000075407824681	3.013879e+02
135.002080006486324	3.014096e+02
136.002658325402734	3.014311e+02
137.002219736449121	3.014524e+02
138.001156890232608	3.014734e+02
139.002494820356389	3.014941e+02
139.999771603676663	3.015146e+02
141.002127671732893	3.015349e+02
142.000326828377013	3.015549e+02
143.000354093607029	3.015746e+02
144.002607726763785	3.015942e+02
145.0007989384643	3.016135e+02
146.001058924252675	3.016326e+02
147.000383868891788	3.016516e+02
148.001677150526746	3.016704e+02
149.001583692929302	3.016889e+02
149.999803572063087	3.017072e+02
151.002157085829225	3.017254e+02
152.002368954412987	3.017432e+02
153.000419600010275	3.017608e+02
154.002498633515074	3.017781e+02
155.002367165596809	3.017952e+02
155.999961652498769	3.018120e+02
157.001484117626262	3.018285e+02
158.000771297344329	3.018449e+02
159.001061283777062	3.018610e+02
160.002464068186157	3.018770e+02
161.001787296918621	3.018928e+02
162.001967396205629	3.019085e+02
162.99987013600321	3.019239e+02
164.00169494871875	3.019392e+02
165.001225376364033	3.019544e+02
166.001529530404497	3.019693e+02
167.002578845905987	3.019841e+02
168.001176238471515	3.019986e+02
169.000257904581105	3.020130e+02
170.002691244404929	3.020272e+02
171.001931665802317	3.020411e+02
172.000683988546285	3.020549e+02
173.001764767570933	3.020685e+02
174.001790581428764	3.020818e+02
175.000677962106806	3.020950e+02
176.001649220067776	3.021079e+02
177.001949240672559	3.021206e+02
178.002122222696244	3.021331e+02
179.002687168357028	3.021454e+02
180.000851221809285	3.021576e+02
180.999717822446172	3.021695e+02
182.002107335839327	3.021814e+02
183.001541721738874	3.021931e+02
184.00118027588951	3.022046e+02
185.001003280914091	3.022160e+02
186.000682123100347	3.022272e+02
187.002663329054656	3.022382e+02
188.000129186769328	3.022489e+02
189.002449520229902	3.022595e+02
190.000940841888308	3.022698e+02
191.002657389520721	3.022799e+02
192.00193207052601	3.022898e+02
193.002067741240126	3.022995e+02
194.000021655254614	3.023090e+02
195.002180064267947	3.023182e+02
196.002286473872317	3.023271e+02
197.000051748967081	3.023358e+02
198.001304877255649	3.023442e+02
199.002178816809533	3.023525e+02
200.002215502925168	3.023605e+02
201.001498532132615	3.023684e+02
201.999694163551595	3.023761e+02
203.001846437787179	3.023836e+02
204.000260420414349	3.023909e+02
205.00076131728639	3.023979e+02
206.002090419317909	3.024048e+02
207.000933874151769	3.024115e+02
208.002051103417983	3.024179e+02
208.999656559112651	3.024242e+02
210.002554894086018	3.024303e+02
211.002667236961031	3.024362e+02
212.001596726417318	3.024419e+02
213.001608092022508	3.024475e+02
214.002622446640459	3.024529e+02
215.001874005837209	3.024581e+02
215.999728612705354	3.024630e+02
216.999660290062565	3.024677e+02
218.001954924164266	3.024723e+02
219.000511816629086	3.024765e+02
220.001826431655815	3.024806e+02
221.000639544984523	3.024844e+02
222.002502294171933	3.024879e+02
223.000913212408875	3.024916e+02
224.002046212566881	3.024946e+02
225.003156607808734	3.024973e+02
226.001390350997411	3.024996e+02
227.002497212841774	3.025016e+02
228.002739898910363	3.025032e+02
229.001536327455568	3.025045e+02
230.001647404054182	3.025055e+02
231.00330061146002	3.025061e+02
232.000523516120211	3.025065e+02
233.002842430776326	3.025066e+02
234.001494645122733	3.025065e+02
235.002785069853047	3.025062e+02
236.000926294089766	3.025058e+02
237.002404068492893	3.025052e+02
238.00113538662697	3.025045e+02
239.003268786141433	3.025036e+02
240.002837271213338	3.025027e+02
241.002924640601435	3.025017e+02
242.000538849728684	3.025006e+02
243.001804112537513	3.024994e+02
244.000640700406763	3.024983e+02
245.003319865708534	3.024971e+02
246.000707285940621	3.024959e+02
247.002007858199192	3.024946e+02
248.001056509176266	3.024934e+02
249.000979686864213	3.024922e+02
250.001763504070198	3.024909e+02
251.003303069669386	3.024897e+02
252.002504112295213	3.024884e+02
253.002425917797012	3.024871e+02
254.00272094465015	3.024858e+02
255.000360008183009	3.024845e+02
256.001595315007876	3.024831e+02
257.003362294698888	3.024817e+02
258.00255842102257	3.024803e+02
259.002152677035099	3.024788e+02
260.001981664416917	3.024773e+02
261.001813615033029	3.024757e+02
262.00140485254326	3.024741e+02
263.000594512311977	3.024725e+02
264.002385110868943	3.024708e+02
265.000443256167102	3.024690e+02
266.00098100543147	3.024672e+02
267.000967536314135	3.024653e+02
268.003276483198704	3.024634e+02
269.001523373274665	3.024613e+02
270.001725671010206	3.024592e+02
271.000481539417819	3.024569e+02
272.000714420740564	3.024545e+02
273.00292130020199	3.024520e+02
274.000742213383489	3.024494e+02
275.003225097653171	3.024466e+02
276.002032194746505	3.024438e+02
277.000645892159866	3.024409e+02
278.001942131295436	3.024379e+02
279.002858147299435	3.024348e+02
280.000465239377263	3.024317e+02
281.00097370133733	3.024284e+02
282.001341653260511	3.024251e+02
283.001642410801367	3.024217e+02
284.002016096109742	3.024183e+02
285.002594573110798	3.024148e+02
286.000496967216804	3.024112e+02
287.002085942394046	3.024076e+02
288.001482882226242	3.024040e+02
289.001835081267131	3.024003e+02
290.003171985280858	3.023967e+02
291.002445487420459	3.023931e+02
292.00266059645827	3.023896e+02
293.000613069468443	3.023861e+02
294.002349181339184	3.023826e+02
295.00168572860008	3.023793e+02
296.001605090646819	3.023759e+02
297.002037684732386	3.023726e+02
298.002982875965245	3.023694e+02
299.001348785551954	3.023661e+02
300.003249842926266	3.023629e+02
301.002466047054213	3.023597e+02
302.00202327849081	3.023565e+02
303.001852912322136	3.023533e+02
304.001950072599357	3.023501e+02
305.002289029862141	3.023469e+02
306.002804463364726	3.023437e+02
307.000339936166938	3.023405e+02
308.00112525275722	3.023372e+02
309.002161798808231	3.023339e+02
310.000299732926749	3.023307e+02
311.001753903974702	3.023274e+02
312.003228476479023	3.023240e+02
313.001570746664754	3.023207e+02
314.002891930573128	3.023174e+02
315.001098790657693	3.023141e+02
316.002212737646175	3.023107e+02
317.002753693123339	3.023074e+02
318.002741051715759	3.023040e+02
319.002227453965133	3.023006e+02
320.000977275220748	3.022972e+02
321.001929756773393	3.022937e+02
322.002125388221941	3.022902e+02
323.001535981613699	3.022867e+02
324.003041981572039	3.022832e+02
325.000374037859729	3.022796e+02
326.002912654348165	3.022759e+02
327.001586614448399	3.022722e+02
328.002512909745406	3.022684e+02
329.002543076401537	3.022646e+02
330.001749801562255	3.022606e+02
331.003321449891018	3.022567e+02
332.001214450012128	3.022526e+02
333.001643036346195	3.022485e+02
334.001697745459865	3.022444e+02
335.001516663824475	3.022402e+02
336.001181848031365	3.022360e+02
337.000752428457247	3.022318e+02
338.000308954575644	3.022276e+02
339.002955696242054	3.022234e+02
340.002659874426115	3.022192e+02
341.002600634695796	3.022150e+02
342.002938705057034	3.022109e+02
343.00077039028929	3.022067e+02
344.002322513747629	3.022026e+02
345.001592396976321	3.021984e+02
346.001698609735854	3.021943e+02
347.002663850727458	3.021903e+02
348.001500187671638	3.021862e+02
349.001388311793335	3.021822e+02
350.002414947083139	3.021783e+02
351.001524849529289	3.021744e+02
352.001809729970944	3.021706e+02
353.003257770451626	3.021669e+02
354.002679028832802	3.021633e+02
355.002987136006652	3.021598e+02
356.000911663448676	3.021563e+02
357.002428780017908	3.021529e+02
358.001143590770198	3.021495e+02
359.003187156254512	3.021461e+02
360.002328007981532	3.021428e+02
361.001683939638156	3.021395e+02
362.001359795507994	3.021362e+02
363.001507924815201	3.021329e+02
364.002174605211678	3.021295e+02
365.003082904724977	3.021261e+02
366.000971151079284	3.021227e+02
367.002024801993684	3.021193e+02
368.003029631648076	3.021159e+02
369.000706243231605	3.021124e+02
370.000978286578629	3.021089e+02
371.000341037977933	3.021055e+02
372.001639388103968	3.021020e+02
373.001936067328529	3.020985e+02
374.001098067899704	3.020950e+02
375.001995770755968	3.020915e+02
376.001888708956301	3.020879e+02
377.000697192593861	3.020844e+02
378.000866014206679	3.020807e+02
379.002752522726666	3.020771e+02
380.000575798720831	3.020733e+02
381.003082793718704	3.020695e+02
382.001184982359462	3.020656e+02
383.001246857416106	3.020616e+02
384.000394613058518	3.020575e+02
385.001759695812154	3.020534e+02
386.00240715265619	3.020492e+02
387.002475787051594	3.020450e+02
388.002127551349872	3.020407e+02
389.001458400598608	3.020364e+02
390.000565905005942	3.020321e+02
391.002619073859478	3.020278e+02
392.001663165008722	3.020235e+02
393.000807787559211	3.020191e+02
394.003205212637624	3.020147e+02
395.002903667881753	3.020103e+02
396.003070787040201	3.020059e+02
397.000788944054477	3.020015e+02
398.002261847880902	3.019970e+02
399.00152648097702	3.019926e+02
400.00177377167654	3.019882e+02
401.003123898012916	3.019839e+02
402.002521793520543	3.019796e+02
403.003004667831249	3.019755e+02
404.001507006324118	3.019714e+02
405.001142764898987	3.019674e+02
406.001969983514186	3.019635e+02
407.000910831287001	3.019598e+02
408.001049694494611	3.019561e+02
409.002337982931579	3.019525e+02
410.00156732501398	3.019490e+02
411.001678106944439	3.019456e+02
412.002483731703308	3.019423e+02
413.000720830192734	3.019389e+02
414.002430925371357	3.019356e+02
415.001324339358689	3.019323e+02
416.000503792273548	3.019291e+02
417.003249666369186	3.019257e+02
418.003350729972851	3.019224e+02
419.000725169714599	3.019191e+02
420.001102693622329	3.019157e+02
421.001189561263857	3.019123e+02
422.000968618332536	3.019089e+02
423.000465739541255	3.019055e+02
424.002481090010178	3.019020e+02
425.000454111860961	3.018986e+02
426.000377766803297	3.018951e+02
427.002167768366064	3.018916e+02
428.002663618545625	3.018881e+02
429.001856513206576	3.018846e+02
430.002984116604978	3.018811e+02
431.003192262110645	3.018776e+02
432.002096823281761	3.018740e+02
433.002905520767285	3.018704e+02
434.002743586778649	3.018667e+02
435.001598115112131	3.018629e+02
436.002450546028285	3.018591e+02
437.002274018610649	3.018551e+02
438.00123964214913	3.018511e+02
439.002581082353231	3.018470e+02
440.00034304553094	3.018428e+02
441.000711121537847	3.018386e+02
442.000791936376515	3.018343e+02
443.000763219221597	3.018300e+02
444.000772919074109	3.018258e+02
445.000884165880336	3.018215e+02
446.001029749664042	3.018173e+02
447.001151974869288	3.018131e+02
448.001241680816236	3.018090e+02
449.001268228530193	3.018049e+02
450.001167695159324	3.018008e+02
451.000963059848289	3.017968e+02
452.00077597965776	3.017927e+02
453.000738236156735	3.017886e+02
454.001027357326279	3.017845e+02
455.001852708968784	3.017803e+02
456.000362500163305	3.017762e+02
457.002802758368318	3.017720e+02
458.003196003892697	3.017679e+02
459.001589567564281	3.017638e+02
460.00098547648156	3.017597e+02
461.001317918729342	3.017557e+02
462.002551842731577	3.017517e+02
463.001592478121779	3.017478e+02
464.001455217795467	3.017440e+02
465.002111883247267	3.017403e+02
466.000468289098933	3.017366e+02
467.002609795840613	3.017330e+02
468.002310318274681	3.017295e+02
469.002560530585129	3.017260e+02
470.00329489304346	3.017225e+02
471.001355056605576	3.017191e+02
472.002861665149567	3.017157e+02
473.001561964299583	3.017123e+02
474.000477716033117	3.017089e+02
475.002577107132311	3.017055e+02
476.001650410400828	3.017020e+02
477.000645408034245	3.016985e+02
478.002513955180746	3.016950e+02
479.000964559904673	3.016914e+02
480.002102581843189	3.016878e+02
481.002679955656845	3.016842e+02
482.002597945267041	3.016805e+02
483.001691264800741	3.016768e+02
484.003071616693262	3.016731e+02
485.000336484884144	3.016693e+02
486.002534780768599	3.016655e+02
487.000679987856586	3.016616e+02
488.000926511784712	3.016577e+02
489.003195732206848	3.016538e+02
490.001479003611905	3.016498e+02
491.00212356148603	3.016459e+02
492.002132362470604	3.016419e+02
493.001500802693158	3.016379e+02
494.003297433729529	3.016339e+02
495.001457005393718	3.016299e+02
496.002120008971133	3.016259e+02
497.002342414996406	3.016219e+02
498.002252693521427	3.016179e+02
499.001989458526737	3.016139e+02
500.001708245066993	3.016098e+02
501.001555817569226	3.016057e+02
502.001690502452163	3.016015e+02
503.002238115199248	3.015973e+02
504.003247695359107	3.015930e+02
505.001707145733576	3.015888e+02
506.000673200985545	3.015845e+02
507.003155603728942	3.015802e+02
508.002982725622758	3.015760e+02
509.003130399994632	3.015718e+02
510.000491607245124	3.015676e+02
511.001135291948799	3.015635e+02
512.002000839052812	3.015594e+02
513.003093595891301	3.015554e+02
514.001375092693479	3.015515e+02
515.003006471415006	3.015475e+02
516.001902983398736	3.015437e+02
517.00113814397946	3.015398e+02
518.00075119453777	3.015360e+02
519.000777966113787	3.015322e+02
520.001248976453326	3.015285e+02
521.002200030192284	3.015247e+02
522.000579121023179	3.015209e+02
523.002490070326758	3.015171e+02
524.001753540568302	3.015133e+02
525.001361205130706	3.015095e+02
526.001237747212485	3.015057e+02
527.001309431480308	3.015018e+02
528.001493181315141	3.014979e+02
529.001715178055747	3.014940e+02
530.001904340192596	3.014901e+02
531.00196343448556	3.014861e+02
532.001793707690013	3.014822e+02
533.001327526602267	3.014782e+02
534.000515034029831	3.014742e+02
535.002367044145444	3.014702e+02
536.000711501576916	3.014662e+02
537.001622505152909	3.014622e+02
538.002013323162714	3.014581e+02
539.001869981411801	3.014541e+02
540.001187906447285	3.014501e+02
541.00301284645343	3.014461e+02
542.001225556390295	3.014421e+02
543.001939955503872	3.014381e+02
544.002138172190257	3.014341e+02
545.001861443912048	3.014300e+02
546.001165266284488	3.014260e+02
547.003214520297661	3.014219e+02
548.002042364261229	3.014177e+02
549.000807701796134	3.014136e+02
550.002690842886523	3.014094e+02
551.001696376509585	3.014051e+02
552.00095231417572	3.014008e+02
553.000495569591862	3.013965e+02
554.000326524515344	3.013922e+02
555.000417894257907	3.013879e+02
556.000707039192662	3.013835e+02
557.001146167858792	3.013792e+02
558.001670994217875	3.013749e+02
559.00222091731564	3.013706e+02
560.002760948818832	3.013664e+02
561.003267246031669	3.013622e+02
562.000653783958228	3.013581e+02
563.001006832258781	3.013539e+02
564.001261448977402	3.013498e+02
565.001402261682074	3.013458e+02
566.001416486073595	3.013417e+02
567.001306958242481	3.013377e+02
568.001088612961212	3.013336e+02
569.000803998330184	3.013295e+02
570.000513052084784	3.013255e+02
571.003333279293543	3.013214e+02
572.003240577886913	3.013172e+02
573.003341665373	3.013131e+02
574.000633761695781	3.013089e+02
575.001225046059403	3.013047e+02
576.002067007635901	3.013005e+02
577.003154038258003	3.012962e+02
578.001414355188672	3.012920e+02
579.002919750008573	3.012877e+02
580.001517164221468	3.012834e+02
581.00325516689486	3.012791e+02
582.001964060623095	3.012748e+02
583.00064847655517	3.012705e+02
584.002328360885599	3.012662e+02
585.000854217341839	3.012620e+02
586.002287276351922	3.012577e+02
587.000488461651798	3.012535e+02
588.001527679578999	3.012493e+02
589.002315298506687	3.012451e+02
590.002803789777317	3.012410e+02
591.002957846933668	3.012368e+02
592.002760268551469	3.012326e+02
593.002220829564408	3.012285e+02
594.00137104636849	3.012243e+02
595.003306020155378	3.012201e+02
596.002006081209515	3.012159e+02
597.000594318263893	3.012116e+02
598.002195250785689	3.012073e+02
599.00079741509694	3.012030e+02
600.002570943578235	3.011986e+02
601.00148420696587	3.011942e+02
602.000614201649228	3.011897e+02
603.003028406803764	3.011853e+02
604.002632172737776	3.011808e+02
605.002438767518356	3.011763e+02
606.002393362230237	3.011719e+02
607.002438086213033	3.011674e+02
608.002519571093444	3.011629e+02
609.002594908682113	3.011585e+02
610.002624012444812	3.011541e+02
611.00257420861567	3.011498e+02
612.002421365504119	3.011454e+02
613.00213679326589	3.011411e+02
614.00167615978603	3.011369e+02
615.000986403274055	3.011326e+02
616.003066520229481	3.011283e+02
617.001790236667148	3.011241e+02
618.00323238198996	3.011198e+02
619.001324432529145	3.011155e+02
620.002189394859329	3.011112e+02
621.002841920595415	3.011069e+02
622.000329405845036	3.011025e+02
623.000828114200885	3.010981e+02
624.001363126197475	3.010936e+02
625.001999212751571	3.010891e+02
626.002811455402934	3.010846e+02
627.000812807797047	3.010801e+02
628.002120941783573	3.010755e+02
629.000660379468286	3.010709e+02
630.002496732039731	3.010663e+02
631.001485728012653	3.010617e+02
632.000611254987575	3.010572e+02
633.002879142806592	3.010526e+02
634.00215452979478	3.010481e+02
635.00144985084296	3.010436e+02
636.000729316717752	3.010392e+02
637.002992101190671	3.010347e+02
638.002096774484016	3.010303e+02
639.001040900436237	3.010260e+02
640.002816029723363	3.010216e+02
641.001286643090339	3.010172e+02
642.002508342155238	3.010129e+02
643.000387183283465	3.010085e+02
644.001019476991473	3.010041e+02
645.00138119775545	3.009997e+02
646.001511582870648	3.009952e+02
647.001470443425319	3.009908e+02
648.001320644557836	3.009862e+02
649.001152611644329	3.009817e+02
650.001058184863382	3.009771e+02
651.001112879885341	3.009724e+02
652.001376941501121	3.009678e+02
653.001882713741111	3.009631e+02
654.002639028376279	3.009584e+02
655.00059653067774	3.009538e+02
656.001825748615715	3.009491e+02
657.003255943966565	3.009444e+02
658.001796689725779	3.009398e+02
659.000451662621686	3.009352e+02
660.002214183532942	3.009307e+02
661.000941201797673	3.009261e+02
662.002657544463204	3.009216e+02
663.001209661177768	3.009171e+02
664.002624651474321	3.009126e+02
665.000754650585918	3.009082e+02
666.001630353567066	3.009037e+02
667.00217972459177	3.008992e+02
668.002406226015978	3.008947e+02
669.00232372110429	3.008902e+02
670.001980157356343	3.008856e+02
671.001439456151957	3.008810e+02
672.000774660785623	3.008764e+02
673.003090923646823	3.008717e+02
674.002378215482736	3.008670e+02
675.001740249950558	3.008623e+02
676.001241613566549	3.008576e+02
677.000934726724608	3.008528e+02
678.000859463897541	3.008480e+02
679.001038105607904	3.008432e+02
680.00148267492159	3.008384e+02
681.002190454100742	3.008337e+02
682.003140702194059	3.008290e+02
683.001252286197769	3.008243e+02
684.002552392043071	3.008196e+02
685.000889837356112	3.008151e+02
686.002270350528647	3.008105e+02
687.000491698132919	3.008061e+02
688.001513345133162	3.008016e+02
689.002174269811803	3.007972e+02
690.002381651788937	3.007929e+02
691.002074014340792	3.007885e+02
692.001223957157663	3.007842e+02
693.002865130120426	3.007799e+02
694.000960627566087	3.007756e+02
695.001641077637828	3.007713e+02
696.001947278799548	3.007669e+02
697.001954438943358	3.007626e+02
698.001751859282081	3.007583e+02
699.001424990838018	3.007541e+02
700.001060126672769	3.007498e+02
701.000735808054174	3.007455e+02
702.00051589429836	3.007413e+02
703.000443078107537	3.007371e+02
704.000530691453378	3.007329e+02
705.000820281969936	3.007288e+02
706.001314351650421	3.007248e+02
707.001979354264677	3.007208e+02
708.002786229473259	3.007169e+02
709.000689110405574	3.007130e+02
710.001746107919075	3.007093e+02
711.002888678424597	3.007055e+02
712.001051259757901	3.007019e+02
713.002303063747149	3.006984e+02
714.000617153685766	3.006949e+02
715.002128360187953	3.006914e+02
716.000866102343707	3.006881e+02
717.003025773334343	3.006847e+02
718.002650824618286	3.006815e+02
719.00291538587669	3.006782e+02
720.000908626739829	3.006751e+02
721.002845785912655	3.006720e+02
722.002732400403715	3.006689e+02
723.000632937977798	3.006660e+02
724.002720299904695	3.006631e+02
725.002870152834248	3.006603e+02
726.001015277557372	3.006576e+02
727.003246004096241	3.006549e+02
728.000336739341947	3.006525e+02
729.001471837233339	3.006501e+02
730.000508654512942	3.006478e+02
731.000465613191523	3.006457e+02
732.001246264715974	3.006437e+02
733.002730962938244	3.006419e+02
734.00174534823293	3.006402e+02
735.001300929002468	3.006386e+02
736.001333152989332	3.006371e+02
737.001800958035346	3.006357e+02
738.002640424345486	3.006344e+02
739.000686758884513	3.006333e+02
740.002065286095785	3.006322e+02
741.000539876149787	3.006313e+02
742.002223058589834	3.006304e+02
743.000869168341183	3.006297e+02
744.002620836175197	3.006290e+02
745.001276077878742	3.006284e+02
746.002998977686957	3.006279e+02
747.001565474570953	3.006274e+02
748.00308865028444	3.006271e+02
749.001316310788638	3.006268e+02
750.002377542097747	3.006266e+02
751.003147564523601	3.006265e+02
752.000600879765443	3.006265e+02
753.000998043582513	3.006265e+02
754.001200174667588	3.006266e+02
755.001352950524165	3.006267e+02
756.001519259219776	3.006269e+02
757.00172760349335	3.006272e+02
758.002069777718816	3.006275e+02
759.002597394304416	3.006279e+02
760.00332598021032	3.006283e+02
761.001128165737668	3.006288e+02
762.00211738048813	3.006294e+02
763.003184695211871	3.006300e+02
764.00122567358676	3.006307e+02
765.002339892151554	3.006315e+02
766.003341425051531	3.006323e+02
767.00113330953161	3.006332e+02
768.001963746901197	3.006342e+02
769.002814879129232	3.006353e+02
770.000695695723266	3.006365e+02
771.001908310314093	3.006377e+02
772.000451383534937	3.006390e+02
773.002701190260268	3.006404e+02
774.002642122073894	3.006419e+02
775.000355659727234	3.006434e+02
776.002046585157245	3.006451e+02
777.001522955016981	3.006468e+02
778.00180349698212	3.006486e+02
779.002771984601395	3.006506e+02
780.001185110501751	3.006527e+02
781.00319743229079	3.006549e+02
782.002232213636148	3.006572e+02
783.001188886448972	3.006597e+02
784.003255546205992	3.006624e+02
785.002219793728614	3.006652e+02
786.001158568383971	3.006681e+02
787.003316917500229	3.006712e+02
788.002704594378315	3.006744e+02
789.00271448426497	3.006778e+02
790.000500667548181	3.006813e+02
791.002500263538991	3.006849e+02
792.002725685865471	3.006887e+02
793.00105867474349	3.006925e+02
794.003231696071794	3.006964e+02
795.00217995913124	3.007004e+02
796.00084706608186	3.007044e+02
797.002306898335519	3.007086e+02
798.002927238574671	3.007128e+02
799.002243828781616	3.007172e+02
800.003054315067516	3.007216e+02
801.002460660682232	3.007262e+02
802.000892962395938	3.007309e+02
803.001934847738767	3.007357e+02
804.003169944647311	3.007406e+02
805.002388934436453	3.007456e+02
806.003234727337826	3.007507e+02
807.002545599438463	3.007558e+02
808.003073222708849	3.007611e+02
809.000874104377317	3.007663e+02
810.001438329710822	3.007717e+02
811.000724192746475	3.007771e+02
812.001811350291405	3.007827e+02
813.001584911601981	3.007884e+02
814.002908985482577	3.007942e+02
815.002191484871446	3.008002e+02
816.002314479856636	3.008063e+02
817.00332833277696	3.008126e+02
818.002529831151037	3.008191e+02
819.001131780883725	3.008256e+02
820.000523859089185	3.008324e+02
821.001869303840294	3.008392e+02
822.002868431506272	3.008461e+02
823.000411490107126	3.008530e+02
824.0028538801796	3.008600e+02
825.002461246023586	3.008670e+02
826.001435673517904	3.008742e+02
827.002208727034031	3.008815e+02
828.001445324308861	3.008890e+02
829.002390080048144	3.008968e+02
830.002148734814114	3.009048e+02
831.000826182495416	3.009132e+02
832.001537229391602	3.009217e+02
833.001216019813	3.009304e+02
834.003190917930056	3.009393e+02
835.001989395335613	3.009484e+02
836.001743286915143	3.009575e+02
837.003373107716243	3.009668e+02
838.001002093433044	3.009760e+02
839.003459987333031	3.009852e+02
840.003430713911143	3.009944e+02
841.002418159342483	3.010036e+02
842.002211870593328	3.010127e+02
843.002180008750088	3.010219e+02
844.002438068635001	3.010311e+02
845.000793011167275	3.010403e+02
846.001309028500827	3.010496e+02
847.001631061249782	3.010591e+02
848.002215147460333	3.010686e+02
849.003267428542358	3.010783e+02
850.001817454202637	3.010881e+02
851.001087014212658	3.010981e+02
852.001262110688685	3.011083e+02
853.002413633490278	3.011185e+02
854.001328301809053	3.011289e+02
855.000761102739261	3.011394e+02
856.003344428627656	3.011499e+02
857.002309889664502	3.011605e+02
858.003216664270326	3.011712e+02
859.002624830092486	3.011819e+02
860.003605980601151	3.011927e+02
861.003401344148756	3.012035e+02
862.002563094513675	3.012143e+02
863.001530872641638	3.012253e+02
864.000700317348105	3.012363e+02
865.003313293546512	3.012474e+02
866.003356767872106	3.012586e+02
867.001023012084943	3.012699e+02
868.002636928759898	3.012814e+02
869.002242569296186	3.012928e+02
870.003085279427523	3.013044e+02
871.002109939725756	3.013160e+02
872.002160178441727	3.013277e+02
873.003025472852869	3.013395e+02
874.001489297933631	3.013513e+02
875.000624780896374	3.013632e+02
876.003448335902476	3.013752e+02
877.000696348402357	3.013872e+02
878.001714670755291	3.013994e+02
879.003434283216393	3.014116e+02
880.002683283840497	3.014240e+02
881.002490690940817	3.014364e+02
882.002786256044601	3.014489e+02
883.003502278200585	3.014616e+02
884.001434395993442	3.014743e+02
885.002711487432975	3.014871e+02
886.001032033246247	3.015000e+02
887.002544366582015	3.015130e+02
888.000944684132151	3.015261e+02
889.002396342678708	3.015392e+02
890.000618753914978	3.015524e+02
891.001783740825772	3.015657e+02
892.002770345493445	3.015790e+02
893.003675833668353	3.015924e+02
894.001387629840451	3.016058e+02
895.002060431334485	3.016193e+02
896.002626559788951	3.016329e+02
897.003166886834492	3.016465e+02
898.000697706219171	3.016602e+02
899.001597351107762	3.016740e+02
900.002855969314737	3.016878e+02
901.001417901727336	3.017015e+02
902.003387976814906	3.017153e+02
903.002316322866591	3.017290e+02
904.001083601684854	3.017426e+02
905.002646265454587	3.017562e+02
906.000680212167936	3.017696e+02
907.001284912299752	3.017830e+02
908.001389247912471	3.017963e+02
909.001035666576286	3.018096e+02
910.00327538986312	3.018228e+02
911.001875765191471	3.018360e+02
912.003106307705366	3.018492e+02
913.000856243580415	3.018623e+02
914.001473897186202	3.018754e+02
915.00197038977285	3.018886e+02
916.002480088463585	3.019018e+02
917.003175418013939	3.019150e+02
918.001154978512773	3.019282e+02
919.002780890790973	3.019415e+02
920.001970839005253	3.019547e+02
921.001792662861931	3.019681e+02
922.002242431891887	3.019814e+02
923.003325705800194	3.019948e+02
924.001889872689617	3.020083e+02
925.001010606068576	3.020218e+02
926.000614798014226	3.020353e+02
927.000610025928495	3.020488e+02
928.000912361917699	3.020625e+02
929.001423428644671	3.020761e+02
930.002075741685417	3.020898e+02
931.002801925375252	3.021034e+02
932.003559277147474	3.021171e+02
933.001189073474279	3.021308e+02
934.001916790502491	3.021444e+02
935.002605100673236	3.021581e+02
936.003245199902494	3.021718e+02
937.00073060252646	3.021853e+02
938.001305644134959	3.021990e+02
939.001860198591544	3.022126e+02
940.00239790379112	3.022261e+02
941.003049203138858	3.022397e+02
942.000721987728298	3.022531e+02
943.001717169443396	3.022666e+02
944.002980690410936	3.022800e+02
945.001446472388579	3.022934e+02
946.003373417922489	3.023067e+02
947.002540953530684	3.023199e+02
948.002102592354845	3.023331e+02
949.002085356271095	3.023463e+02
950.002506467018065	3.023593e+02
951.003348779662474	3.023723e+02
952.001454481089013	3.023852e+02
953.003035563060052	3.023980e+02
954.001730198534233	3.024107e+02
955.003686949937446	3.024234e+02
956.002527129743498	3.024359e+02
957.001277627833247	3.024483e+02
958.003006250370163	3.024607e+02
959.001414720833282	3.024729e+02
960.002803195521778	3.024851e+02
961.001021846665139	3.024971e+02
962.002396634821707	3.025090e+02
963.00066032161385	3.025208e+02
964.00202709809605	3.025326e+02
965.003277973423337	3.025442e+02
966.001226084614359	3.025556e+02
967.002191498685875	3.025670e+02
968.00304776235032	3.025782e+02
969.000721119208606	3.025893e+02
970.001393141118115	3.026002e+02
971.001882935806634	3.026110e+02
972.002177684074468	3.026216e+02
973.002301748764921	3.026321e+02
974.002370078503645	3.026424e+02
975.002394930143168	3.026526e+02
976.002339167009836	3.026627e+02
977.002162507659023	3.026726e+02
978.001813482118337	3.026825e+02
979.001134422533028	3.026922e+02
980.002919554395476	3.027019e+02
981.000606961811854	3.027115e+02
982.003505913686126	3.027210e+02
983.00181791128216	3.027303e+02
984.001349058570895	3.027396e+02
985.001602347983066	3.027489e+02
986.002470564833857	3.027579e+02
987.000854537495456	3.027669e+02
988.003032825013292	3.027757e+02
989.003063535239562	3.027845e+02
990.001434922612702	3.027930e+02
991.002391267030021	3.028016e+02
992.001546036526861	3.028100e+02
993.003297990259057	3.028184e+02
994.00201125158344	3.028266e+02
995.000691297246362	3.028348e+02
996.001783873725685	3.028430e+02
997.00140547548267	3.028509e+02
998.002432190761056	3.028588e+02
999.001687154285605	3.028664e+02
1000.00191621844351	3.028739e+02
1001.00283189907373	3.028812e+02
1002.00060388718168	3.028883e+02
1003.00081186425382	3.028953e+02
1004.00252417798117	3.029021e+02
1005.00197307532119	3.029088e+02
1006.00075950683595	3.029154e+02
1007.00257699695862	3.029218e+02
1008.00208667019081	3.029281e+02
1009.00251180237444	3.029342e+02
1010.00209634665237	3.029402e+02
1011.0012146989867	3.029461e+02
1012.00295841949662	3.029518e+02
1013.00319330624734	3.029574e+02
1014.00212498686972	3.029629e+02
1015.00296820055405	3.029681e+02
1016.00117863217952	3.029732e+02
1017.00253498261316	3.029781e+02
1018.0023968299779	3.029828e+02
1019.00277463253872	3.029872e+02
1020.00328151949839	3.029913e+02
1021.00359621137147	3.029950e+02
1022.00065885893866	3.029985e+02
1023.00065962189831	3.030016e+02
1024.00337906745654	3.030043e+02
1025.00245098171422	3.030067e+02
1026.00099754655275	3.030087e+02
1027.00240880945535	3.030103e+02
1028.00093163717361	3.030116e+02
1029.0029782870879	3.030125e+02
1030.00199114087263	3.030130e+02
1031.00065986500931	3.030131e+02
1032.00167760391946	3.030128e+02
1033.00174998570446	3.030121e+02
1034.00084892145287	3.030111e+02
1035.00166781321877	3.030098e+02
1036.00061858511458	3.030083e+02
1037.00066365714815	3.030067e+02
1038.00180786644819	3.030050e+02
1039.00088449431564	3.030033e+02
1040.00190462194496	3.030015e+02
1041.00265596289796	3.029997e+02
1042.00276474491579	3.029979e+02
1043.00286109343847	3.029961e+02
1044.00324138574661	3.029941e+02
1045.00083097906645	3.029921e+02
1046.00168551085881	3.029900e+02
1047.00277533897156	3.029878e+02
1048.00114866976378	3.029856e+02
1049.00306622568951	3.029832e+02
1050.00261191299478	3.029807e+02
1051.00302679643278	3.029782e+02
1052.00144633879745	3.029757e+02
1053.00104129627948	3.029731e+02
1054.00193152559746	3.029705e+02
1055.00125293848373	3.029680e+02
1056.00224356380886	3.029655e+02
1057.00187428441404	3.029630e+02
1058.0032167981733	3.029605e+02
1059.00314326797388	3.029582e+02
1060.00148889931256	3.029559e+02
1061.00115079236502	3.029536e+02
1062.00203217138846	3.029514e+02
1063.00087622301794	3.029493e+02
1064.00060583232221	3.029472e+02
1065.00093279664611	3.029451e+02
1066.00144327211069	3.029431e+02
1067.00218413223001	3.029410e+02
1068.00321772613734	3.029389e+02
1069.00187367949184	3.029368e+02
1070.00136163854336	3.029347e+02
1071.00160695590216	3.029325e+02
1072.00222106736942	3.029302e+02
1073.0030740719958	3.029278e+02
1074.00081942805468	3.029254e+02
1075.00137749029136	3.029229e+02
1076.00123372679377	3.029204e+02
1077.00287537065196	3.029177e+02
1078.00280081775941	3.029151e+02
1079.00093008910721	3.029124e+02
1080.00359652320731	3.029096e+02
1081.00199965798129	3.029069e+02
1082.00262678815807	3.029041e+02
1083.00197015411413	3.029013e+02
1084.00292111491922	3.028983e+02
1085.00251687526088	3.028953e+02
1086.00365577125194	3.028921e+02
1087.00276381062008	3.028888e+02
1088.00317467786635	3.028854e+02
1089.00217315374175	3.028818e+02
1090.00254347695818	3.028781e+02
1091.00146032995144	3.028744e+02
1092.00248189416448	3.028705e+02
1093.00270323251561	3.028666e+02
1094.00217950696606	3.028627e+02
1095.00108542190901	3.028588e+02
1096.00277240942069	3.028548e+02
1097.00149399889119	3.028509e+02
1098.00353891054647	3.028468e+02
1099.00302191591936	3.028427e+02
1100.0031924190971	3.028386e+02
1101.00109745446525	3.028345e+02
1102.00286802815162	3.028302e+02
1103.00248288825378	3.028259e+02
1104.00305595550117	3.028216e+02
1105.00167125263692	3.028172e+02
1106.00152244537389	3.028129e+02
1107.00266469433018	3.028085e+02
1108.00198836199661	3.028042e+02
1109.00259152205967	3.027999e+02
1110.00153548380604	3.027958e+02
1111.00199315118766	3.027917e+02
1112.00095412280803	3.027878e+02
1113.00144647627758	3.027840e+02
1114.00321738316802	3.027804e+02
1115.00281805293412	3.027769e+02
1116.0030004020764	3.027735e+02
1117.00355126839895	3.027703e+02
1118.00124104842143	3.027671e+02
1119.00226512305744	3.027641e+02
1120.00353760410917	3.027611e+02
1121.00201785298987	3.027581e+02
1122.0011085931576	3.027552e+02
1123.00117707106097	3.027522e+02
1124.0023207125937	3.027493e+02
1125.00122336093455	3.027463e+02
1126.0010339667167	3.027433e+02
1127.00119409088825	3.027402e+02
1128.00128602517543	3.027371e+02
1129.00097606657323	3.027341e+02
1130.00296087266065	3.027309e+02
1131.00068469384269	3.027279e+02
1132.00353442203345	3.027247e+02
1133.00230264653305	3.027216e+02
1134.0032191951218	3.027185e+02
1135.00292357143826	3.027154e+02
1136.00091115487339	3.027122e+02
1137.00315468552481	3.027090e+02
1138.00368047654115	3.027056e+02
1139.00235212617667	3.027022e+02
1140.00174708524287	3.026986e+02
1141.00222323411344	3.026949e+02
1142.00108465925746	3.026912e+02
1143.00108849110256	3.026873e+02
1144.00231917779547	3.026834e+02
1145.00253810075151	3.026794e+02
1146.00212111376413	3.026754e+02
1147.0010639804284	3.026714e+02
1148.00248395979088	3.026673e+02
1149.003542847061	3.026632e+02
1150.00139747334129	3.026590e+02
1151.00227599465074	3.026547e+02
1152.00332508641986	3.026504e+02
1153.00168243054554	3.026459e+02
1154.00362871657353	3.026413e+02
1155.00332027127797	3.026367e+02
1156.00107327869637	3.026320e+02
1157.0032678751752	3.026272e+02
1158.00095697716938	3.026225e+02
1159.00335660156429	3.026178e+02
1160.00128274393228	3.026132e+02
1161.00078793375565	3.026087e+02
1162.00177389930991	3.026043e+02
1163.00098567039231	3.026001e+02
1164.00137695473927	3.025960e+02
1165.00286944905429	3.025920e+02
1166.00224419822075	3.025881e+02
1167.00241918760707	3.025844e+02
1168.00323785585783	3.025808e+02
1169.00142172365622	3.025772e+02
1170.00296257835225	3.025738e+02
1171.001606486735	3.025704e+02
1172.00357566451453	3.025670e+02
1173.00270083673126	3.025637e+02
1174.00217272518557	3.025605e+02
1175.00205894705596	3.025572e+02
1176.00233346166169	3.025540e+02
1177.00299861621215	3.025507e+02
1178.0009561678703	3.025475e+02
1179.00201861725213	3.025442e+02
1180.00288363106847	3.025410e+02
1181.00359969509759	3.025377e+02
1182.00103020561369	3.025344e+02
1183.0010916865524	3.025312e+02
1184.00352355331461	3.025279e+02
1185.00212691140177	3.025246e+02
1186.00300845853417	3.025213e+02
1187.00295711337139	3.025180e+02
1188.00187670941614	3.025147e+02
1189.00258311722541	3.025113e+02
1190.00196181417209	3.025079e+02
1191.00311147502998	3.025045e+02
1192.00261066275289	3.025009e+02
1193.00064068766937	3.024973e+02
1194.00351959772865	3.024936e+02
1195.00200390774626	3.024898e+02
1196.00243809158633	3.024859e+02
1197.00195970407276	3.024820e+02
1198.00063957228076	3.024781e+02
1199.00160518941925	3.024741e+02
1200.0019123340328	3.024701e+02
1201.00168806618035	3.024660e+02
1202.00106546407892	3.024619e+02
1203.00326046632472	3.024577e+02
1204.00237618102801	3.024535e+02
1205.00162912116275	3.024492e+02
1206.00117266224788	3.024449e+02
1207.00117448764058	3.024405e+02
1208.00177592148657	3.024360e+02
1209.00314783225804	3.024315e+02
1210.00239711768268	3.024270e+02
1211.00265215883019	3.024224e+02
1212.00091579651962	3.024179e+02
1213.00331445207576	3.024134e+02
1214.00063827818849	3.024090e+02
1215.00200968644117	3.024047e+02
1216.00126139443796	3.024004e+02
1217.00139976545302	3.023963e+02
1218.00241695211139	3.023923e+02
1219.00120945597178	3.023884e+02
1220.0007974415762	3.023846e+02
1221.00112059544654	3.023810e+02
1222.00213990125189	3.023774e+02
1223.00069109094329	3.023738e+02
1224.00290525209334	3.023704e+02
1225.00255491272264	3.023670e+02
1226.00265594700386	3.023636e+02
1227.00309989418633	3.023602e+02
1228.0007109800124	3.023569e+02
1229.00160011516573	3.023535e+02
1230.00263467724221	3.023501e+02
1231.00064014976124	3.023467e+02
1232.00175246546769	3.023433e+02
1233.00274199274509	3.023399e+02
1234.00333178096707	3.023364e+02
1235.00351195044664	3.023329e+02
1236.00320585967256	3.023294e+02
1237.00207854941004	3.023259e+02
1238.00312423186483	3.023223e+02
1239.00338274042451	3.023188e+02
1240.00267015170539	3.023152e+02
1241.00090016009699	3.023116e+02
1242.00126556276314	3.023080e+02
1243.0006845139676	3.023043e+02
1244.00209321936336	3.023007e+02
1245.00254213314929	3.022970e+02
1246.00217798483459	3.022933e+02
1247.00104666955463	3.022895e+02
1248.00228742789795	3.022857e+02
1249.00288841123574	3.022819e+02
1250.0028967628532	3.022780e+02
1251.00238360077242	3.022740e+02
1252.00143264380563	3.022700e+02
1253.00319440550561	3.022659e+02
1254.00174674463437	3.022618e+02
1255.00333755618612	3.022576e+02
1256.00203002526791	3.022534e+02
1257.00097717459221	3.022491e+02
1258.00329434903028	3.022448e+02
1259.00290305328667	3.022406e+02
1260.00282115730374	3.022364e+02
1261.00301168135275	3.022322e+02
1262.00345319438088	3.022280e+02
1263.00109679267553	3.022239e+02
1264.0020548635232	3.022199e+02
1265.00328468526914	3.022158e+02
1266.00174298433967	3.022118e+02
1267.00354997661884	3.022079e+02
1268.0026355151133	3.022039e+02
1269.00211340494366	3.022000e+02
1270.00204522820786	3.021961e+02
1271.00248721946105	3.021922e+02
1272.00347928389419	3.021883e+02
1273.00197339832357	3.021844e+02
1274.00101360656322	3.021806e+02
1275.00362109004368	3.021767e+02
1276.00359814431863	3.021729e+02
1277.00090129440514	3.021690e+02
1278.00161353703334	3.021652e+02
1279.00260305920915	3.021614e+02
1280.00072735165554	3.021577e+02
1281.0020570931888	3.021539e+02
1282.00344082013567	3.021502e+02
1283.00173757114885	3.021465e+02
1284.00303764594969	3.021427e+02
1285.00115226367916	3.021391e+02
1286.00218653030902	3.021354e+02
1287.0030455113681	3.021317e+02
1288.00062602796197	3.021280e+02
1289.00102555618514	3.021243e+02
1290.00112903866011	3.021206e+02
1291.00088451929514	3.021168e+02
1292.00332108810676	3.021131e+02
1293.00229501269087	3.021093e+02
1294.00087589852023	3.021055e+02
1295.00214567761441	3.021017e+02
1296.0030674836089	3.020978e+02
1297.00366414399173	3.020939e+02
1298.00087852416709	3.020900e+02
1299.00081143756097	3.020860e+02
1300.0034516939636	3.020819e+02
1301.00271239993072	3.020778e+02
1302.00170446709581	3.020737e+02
1303.0035410008536	3.020695e+02
1304.00216599935015	3.020654e+02
1305.00067009892541	3.020612e+02
1306.00212978635614	3.020570e+02
1307.00349722801707	3.020528e+02
1308.00170533044843	3.020487e+02
1309.00284857092697	3.020446e+02
1310.00084533561244	3.020406e+02
1311.00183782284716	3.020365e+02
1312.00279862538105	3.020325e+02
1313.00069894050966	3.020285e+02
1314.00166128152341	3.020246e+02
1315.00264383461899	3.020206e+02
1316.00366131758324	3.020166e+02
1317.00170711419946	3.020126e+02
1318.00295712115008	3.020086e+02
1319.00139233313234	3.020046e+02
1320.00319358407683	3.020005e+02
1321.00230073243006	3.019964e+02
1322.00178526452805	3.019922e+02
1323.00162006283858	3.019881e+02
1324.00174617598395	3.019839e+02
1325.00209588041912	3.019797e+02
1326.00259915964421	3.019755e+02
1327.00319460973765	3.019713e+02
1328.00077167162044	3.019672e+02
1329.00141830739926	3.019630e+02
1330.00204420772502	3.019588e+02
1331.00260995896133	3.019547e+02
1332.00309060385393	3.019506e+02
1333.00347844149155	3.019466e+02
1334.00070045846223	3.019426e+02
1335.00085703453851	3.019386e+02
1336.00086354673817	3.019346e+02
1337.00070474386848	3.019306e+02
1338.00343152683786	3.019267e+02
1339.00292604516267	3.019227e+02
1340.00225510558948	3.019187e+02
1341.00143836314805	3.019147e+02
1342.00357123624349	3.019107e+02
1343.00258707247099	3.019066e+02
1344.00158008778976	3.019025e+02
1345.00363817476978	3.018984e+02
1346.0026819673767	3.018942e+02
1347.00180644403531	3.018900e+02
1348.00102857184424	3.018857e+02
1349.0033742662531	3.018814e+02
1350.00267565558079	3.018770e+02
1351.00193084410193	3.018727e+02
1352.00110401353822	3.018683e+02
1353.00322724564353	3.018639e+02
1354.00218551070725	3.018595e+02
1355.00103612062799	3.018552e+02
1356.00282631254231	3.018509e+02
1357.00142712828733	3.018467e+02
1358.00291292236511	3.018424e+02
1359.00113990459568	3.018383e+02
1360.0021808246197	3.018341e+02
1361.00294978367424	3.018300e+02
1362.00342600397312	3.018259e+02
1363.0036045651143	3.018218e+02
1364.00350849888059	3.018177e+02
1365.00317808824957	3.018135e+02
1366.00266619151557	3.018094e+02
1367.00205399018932	3.018052e+02
1368.00143727348313	3.018009e+02
1369.00093168259605	3.017967e+02
1370.00063786166652	3.017923e+02
1371.00064660017574	3.017879e+02
1372.00100430709335	3.017835e+02
1373.00171642747978	3.017791e+02
1374.00274184821615	3.017746e+02
1375.00094998827603	3.017701e+02
1376.00235937718708	3.017656e+02
1377.00080708132191	3.017611e+02
1378.0023728861479	3.017567e+02
1379.00090899188513	3.017522e+02
1380.00247872082537	3.017478e+02
1381.00093660058883	3.017435e+02
1382.00234978134222	3.017392e+02
1383.00362867410945	3.017349e+02
1384.00167909357242	3.017307e+02
1385.0025561302873	3.017265e+02
1386.00315765439154	3.017223e+02
1387.00343849746673	3.017181e+02
1388.00338931892452	3.017140e+02
1389.00302618658293	3.017098e+02
1390.00237815881269	3.017056e+02
1391.00149667386108	3.017014e+02
1392.00350421821963	3.016971e+02
1393.00242356000808	3.016927e+02
1394.00141165073865	3.016884e+02
1395.00360389250545	3.016839e+02
1396.0030104186294	3.016795e+02
1397.00272444664233	3.016749e+02
1398.00275549932553	3.016704e+02
1399.0030576059803	3.016658e+02
1400.00356804190551	3.016612e+02
1401.00119184759842	3.016566e+02
1402.00199200620114	3.016520e+02
1403.00286905098119	3.016475e+02
1404.0007248466884	3.016429e+02
1405.00163300228064	3.016385e+02
1406.00251314985144	3.016340e+02
1407.00331111525043	3.016296e+02
1408.00089432518439	3.016253e+02
1409.00128693362558	3.016210e+02
1410.00137202566589	3.016167e+02
1411.00110867674016	3.016124e+02
1412.00350878135782	3.016082e+02
1413.00245283602317	3.016039e+02
1414.00099298750865	3.015996e+02
1415.00220001174694	3.015953e+02
1416.00309005621421	3.015910e+02
1417.00071316300159	3.015866e+02
1418.00124818849804	3.015821e+02
1419.0017872711901	3.015776e+02
1420.00247184709769	3.015730e+02
1421.00341410397618	3.015684e+02
1422.00163579234891	3.015637e+02
1423.0032479400204	3.015590e+02
1424.00215307778058	3.015543e+02
1425.00137970816127	3.015496e+02
1426.00089530811442	3.015449e+02
1427.00064991867043	3.015402e+02
1428.00365981219284	3.015356e+02
1429.00074519010877	3.015310e+02
1430.00099643469116	3.015265e+02
1431.00127381732796	3.015220e+02
1432.00146880544798	3.015175e+02
1433.00149077475885	3.015131e+02
1434.00125314283105	3.015087e+02
1435.00068860437	3.015043e+02
1436.00278678220388	3.015000e+02
1437.00141213202573	3.014956e+02
1438.00263375981967	3.014913e+02
1439.00343054000655	3.014869e+02
1440.00080488475442	3.014824e+02
1441.00089392872019	3.014779e+02
1442.00077379568984	3.014734e+02
1443.00360757870385	3.014688e+02
1444.00344065363515	3.014642e+02
1445.00342619655476	3.014595e+02
1446.00363846117762	3.014547e+02
1447.00109390545231	3.014499e+02
1448.00191401715415	3.014451e+02
1449.00307917558325	3.014403e+02
1450.00155471456719	3.014355e+02
1451.00343791299292	3.014307e+02
1452.00261787581371	3.014260e+02
1453.00209784716662	3.014213e+02
1454.00180624566656	3.014166e+02
1455.00163550735965	3.014120e+02
1456.00147613445006	3.014075e+02
1457.00122286215469	3.014029e+02
1458.00076963074184	3.013984e+02
1459.00304483395394	3.013940e+02
1460.00185885875794	3.013895e+02
1461.00324891293303	3.013850e+02
1462.00110493872512	3.013806e+02
1463.0015413844701	3.013761e+02
1464.00158639062693	3.013715e+02
1465.00134185743264	3.013670e+02
1466.00090990078661	3.013623e+02
1467.00343581382072	3.013576e+02
1468.00296741374495	3.013529e+02
1469.00265284729312	3.013481e+02
1470.00257467218307	3.013432e+02
1471.00280367721393	3.013383e+02
1472.00339836944954	3.013334e+02
1473.00136392558784	3.013285e+02
1474.00281384657092	3.013236e+02
1475.00164391338626	3.013187e+02
1476.00087252008325	3.013138e+02
1477.00350732529773	3.013090e+02
1478.0033772732445	3.013042e+02
1479.00345240542651	3.012995e+02
1480.00361523244828	3.012949e+02
1481.0006711607225	3.012903e+02
1482.00360639764881	3.012857e+02
1483.00314984313013	3.012811e+02
1484.00222287391557	3.012765e+02
1485.00363745553295	3.012719e+02
1486.00122717275303	3.012674e+02
1487.00112365043037	3.012627e+02
1488.00356804256126	3.012581e+02
1489.00274221563905	3.012534e+02
1490.00181184958319	3.012486e+02
1491.0010149743996	3.012438e+02
1492.00348766740217	3.012389e+02
1493.00323522623967	3.012340e+02
1494.0033571272063	3.012290e+02
1495.0008592632505	3.012239e+02
1496.00185638584139	3.012189e+02
1497.00334171162581	3.012138e+02
1498.00229149826055	3.012087e+02
1499.00174715104299	3.012036e+02
1500.00166522032123	3.011986e+02
1501.00199420837816	3.011936e+02
1502.0026867350723	3.011887e+02
1503.00364695537041	3.011839e+02
1504.00177401667042	3.011791e+02
1505.00305731152707	3.011743e+02
1506.00116140201408	3.011696e+02
1507.00181787812926	3.011649e+02
1508.00182088515544	3.011603e+02
1509.00120139123533	3.011556e+02
1510.00295682042201	3.011509e+02
1511.00090190988612	3.011462e+02
1512.00144533981188	3.011414e+02
1513.00169961610504	3.011366e+02
1514.00184442329078	3.011317e+02
1515.00217203386751	3.011268e+02
1516.00283876818389	3.011218e+02
1517.0009337450474	3.011167e+02
1518.00275536922641	3.011116e+02
1519.00219913728961	3.011064e+02
1520.00215539635496	3.011012e+02
1521.0026336415167	3.010960e+02
1522.000646345733	3.010908e+02
1523.00242420307745	3.010855e+02
1524.00185530697945	3.010804e+02
1525.00173138095556	3.010752e+02
1526.00191836386875	3.010701e+02
1527.00243471291992	3.010651e+02
1528.00297362864239	3.010601e+02
1529.00330083529411	3.010552e+02
1530.00342087490503	3.010504e+02
1531.0034259547142	3.010455e+02
1532.00322022526166	3.010407e+02
1533.00274839256576	3.010359e+02
1534.00203966983509	3.010311e+02
1535.00103996325265	3.010263e+02
1536.00291842571664	3.010215e+02
1537.00177892778242	3.010166e+02
1538.00072730914803	3.010116e+02
1539.00285440731363	3.010066e+02
1540.00224901025945	3.010016e+02
1541.00215774338949	3.009965e+02
1542.00258653157152	3.009913e+02
1543.00355791091579	3.009861e+02
1544.00209963221664	3.009810e+02
1545.00130387957211	3.009758e+02
1546.0011515456531	3.009706e+02
1547.00159667572439	3.009655e+02
1548.0025481711275	3.009605e+02
1549.00091706657599	3.009555e+02
1550.00291196631406	3.009506e+02
1551.00234016247055	3.009457e+02
1552.00208698386723	3.009410e+02
1553.00205936346856	3.009364e+02
1554.00219262175415	3.009318e+02
1555.00237713282036	3.009273e+02
1556.00251538357293	3.009229e+02
1557.00250595693774	3.009186e+02
1558.00225915078454	3.009143e+02
1559.00170665422456	3.009101e+02
1560.00082163290335	3.009059e+02
1561.00263421750606	3.009018e+02
1562.0008923382909	3.008978e+02
1563.00172484606446	3.008937e+02
1564.0020521210954	3.008897e+02
1565.00185953810228	3.008857e+02
1566.00114200794587	3.008818e+02
1567.00296547361745	3.008779e+02
1568.00121382075986	3.008740e+02
1569.00206302013748	3.008702e+02
1570.00246431923733	3.008664e+02
1571.00250210289505	3.008626e+02
1572.00225702264993	3.008589e+02
1573.0018010775259	3.008552e+02
1574.00119828306015	3.008516e+02
1575.00356505411833	3.008476e+02
1576.00281768640889	3.008441e+02
1577.00198042827992	3.008406e+02
1578.0009952948119	3.008372e+02
1579.00293389023659	3.008338e+02
1580.00170651380608	3.008304e+02
1581.00322876968607	3.008272e+02
1582.0013346988892	3.008239e+02
1583.00222220974592	3.008208e+02
1584.00282434830228	3.008176e+02
1585.00302888436408	3.008146e+02
1586.00277386154789	3.008116e+02
1587.00206203999414	3.008086e+02
1588.00394498484548	3.008057e+02
1589.0024127783181	3.008029e+02
1590.00365377975504	3.008001e+02
1591.0015967088666	3.007974e+02
1592.00228020421105	3.007947e+02
1593.00264353590092	3.007920e+02
1594.00269172294952	3.007894e+02
1595.00242390175799	3.007869e+02
1596.00184248690766	3.007844e+02
1597.00398228362519	3.007819e+02
1598.00276443827534	3.007795e+02
1599.00122129079546	3.007771e+02
1600.00237763441646	3.007748e+02
1601.00319821667131	3.007726e+02
1602.00370571700819	3.007704e+02
1603.00390245248127	3.007683e+02
1604.00376521223802	3.007662e+02
1605.00329206165566	3.007642e+02
1606.0025159845834	3.007622e+02
1607.00148172239324	3.007603e+02
1608.00327332476832	3.007584e+02
1609.00191758397523	3.007566e+02
1610.00354424381044	3.007548e+02
1611.00218322110459	3.007532e+02
1612.00397723646097	3.007515e+02
1613.00296800290789	3.007500e+02
1614.00228060299787	3.007485e+02
1615.00204185197776	3.007471e+02
1616.00238411944338	3.007458e+02
1617.00348408325544	3.007446e+02
1618.00256218014829	3.007436e+02
1619.00297204431899	3.007426e+02
1620.00195847478562	3.007418e+02
1621.00284668586892	3.007412e+02
1622.00292210598741	3.007407e+02
1623.00249223689821	3.007404e+02
1624.00162792642141	3.007402e+02
1625.00331795595275	3.007403e+02
1626.00101595508772	3.007406e+02
1627.00373509303722	3.007411e+02
1628.00217502124588	3.007419e+02
1629.00238940534973	3.007429e+02
1630.00111946785728	3.007441e+02
1631.00118910473589	3.007455e+02
1632.00215569341935	3.007472e+02
1633.00384722930471	3.007490e+02
1634.00236622895659	3.007510e+02
1635.00294861513839	3.007531e+02
1636.00203598802341	3.007554e+02
1637.00342781247582	3.007579e+02
1638.00210091305712	3.007605e+02
1639.00135665298194	3.007632e+02
1640.00099522822552	3.007660e+02
1641.00387698027021	3.007687e+02
1642.00097826438855	3.007715e+02
1643.00195755298591	3.007742e+02
1644.00395274828406	3.007770e+02
1645.00398819461816	3.007798e+02
1646.00106092622764	3.007827e+02
1647.00309248095118	3.007857e+02
1648.00255703067205	3.007888e+02
1649.00166774862464	3.007920e+02
1650.00360828671614	3.007953e+02
1651.00331065691239	3.007987e+02
1652.00215795380905	3.008022e+02
1653.0039233001005	3.008058e+02
1654.00234101480578	3.008094e+02
1655.00395164799966	3.008130e+02
1656.0035423930683	3.008165e+02
1657.00203373062118	3.008200e+02
1658.00347566025425	3.008235e+02
1659.00216409111704	3.008270e+02
1660.00377600459842	3.008306e+02
1661.00361077856314	3.008343e+02
1662.0026077001155	3.008380e+02
1663.00276534592967	3.008419e+02
1664.00383138604229	3.008460e+02
1665.00272686986568	3.008502e+02
1666.00264821346968	3.008545e+02
1667.0035509231202	3.008589e+02
1668.0029224684265	3.008635e+02
1669.00189978269486	3.008682e+02
1670.00194063693607	3.008730e+02
1671.00150594967954	3.008780e+02
1672.00180495243126	3.008831e+02
1673.00320326782412	3.008882e+02
1674.00208398469454	3.008934e+02
1675.00098817245271	3.008986e+02
1676.00268078651015	3.009038e+02
1677.00250748766894	3.009090e+02
1678.00181110628773	3.009143e+02
1679.00150702979181	3.009197e+02
1680.00173058618043	3.009250e+02
1681.00294975292104	3.009305e+02
1682.00206581566113	3.009360e+02
1683.00165939570638	3.009416e+02
1684.00107164544443	3.009474e+02
1685.00323089769927	3.009534e+02
1686.00305104409495	3.009596e+02
1687.00280335939669	3.009659e+02
1688.0020253592661	3.009723e+02
1689.00248021049606	3.009788e+02
1690.00131293622144	3.009852e+02
1691.00093711928207	3.009915e+02
1692.00326207874468	3.009974e+02
1693.00387138486099	3.010030e+02
1694.00146745727125	3.010084e+02
1695.00103530651518	3.010138e+02
1696.0017959438635	3.010193e+02
1697.00362051483353	3.010250e+02
1698.00378261443166	3.010309e+02
1699.00279691420747	3.010371e+02
1700.00395983445355	3.010435e+02
1701.00094743687714	3.010503e+02
1702.00282607096915	3.010575e+02
1703.00394802378582	3.010651e+02
1704.00196145786344	3.010729e+02
1705.00384705698298	3.010810e+02
1706.00120037687657	3.010893e+02
1707.00102988355616	3.010977e+02
1708.00358956172022	3.011060e+02
1709.00175125395162	3.011142e+02
1710.0029627590759	3.011223e+02
1711.0026149797975	3.011301e+02
1712.00313614542006	3.011379e+02
1713.00134747958168	3.011458e+02
1714.0009521674956	3.011539e+02
1715.00300195752834	3.011622e+02
1716.00215066209216	3.011707e+02
1717.00164083140453	3.011795e+02
1718.00122929522195	3.011886e+02
1719.00362040185246	3.011980e+02
1720.0024427131666	3.012075e+02
1721.00106723497288	3.012172e+02
1722.00316771049916	3.012271e+02
1723.00311457179919	3.012370e+02
1724.00133124472291	3.012469e+02
1725.00360524914959	3.012569e+02
1726.00262616063242	3.012667e+02
1727.00339183874917	3.012764e+02
1728.00167962688238	3.012860e+02
1729.00325014239434	3.012956e+02
1730.00238102850494	3.013053e+02
1731.00322372087589	3.013151e+02
1732.00357240501557	3.013252e+02
1733.00397528446388	3.013355e+02
1734.00160148254758	3.013460e+02
1735.00266568417055	3.013569e+02
1736.00092990606868	3.013679e+02
1737.00255662228983	3.013792e+02
1738.00135813073985	3.013906e+02
1739.00330961132886	3.014021e+02
1740.00213573366318	3.014138e+02
1741.00393132496197	3.014255e+02
1742.00224565305552	3.014371e+02
1743.00278091001474	3.014489e+02
1744.00191947325538	3.014606e+02
1745.00256469348733	3.014723e+02
1746.00200246150257	3.014842e+02
1747.00110060013708	3.014961e+02
1748.00398376306407	3.015082e+02
1749.00224075175265	3.015204e+02
1750.00236926942694	3.015327e+02
1751.00125299661659	3.015451e+02
1752.00163890799945	3.015576e+02
1753.00308159247174	3.015702e+02
1754.0020822749284	3.015829e+02
1755.00163324996993	3.015956e+02
1756.00145719116267	3.016084e+02
1757.0013168273374	3.016211e+02
1758.00118034637808	3.016339e+02
1759.0011848074123	3.016467e+02
1760.00162657825649	3.016595e+02
1761.00275137187759	3.016723e+02
1762.00145583864605	3.016851e+02
1763.00377454418845	3.016979e+02
1764.00322356058541	3.017106e+02
1765.0027003538919	3.017234e+02
1766.00212995682978	3.017362e+02
1767.00148181787426	3.017490e+02
1768.00390098883418	3.017619e+02
1769.00320986309202	3.017748e+02
1770.00250939572993	3.017877e+02
1771.00176887888119	3.018007e+02
1772.00098030828531	3.018137e+02
1773.00322394082013	3.018267e+02
1774.00228420785152	3.018398e+02
1775.00127752960725	3.018528e+02
1776.00334197788516	3.018659e+02
1777.00238122788596	3.018790e+02
1778.00156277654605	3.018920e+02
1779.00093989739753	3.019051e+02
1780.00364069873763	3.019181e+02
1781.00347709780931	3.019312e+02
1782.00356123323172	3.019442e+02
1783.00389241726384	3.019573e+02
1784.00137161602356	3.019704e+02
1785.00222161281135	3.019835e+02
1786.00333806718436	3.019967e+02
1787.00157487645311	3.020098e+02
1788.00315318587718	3.020230e+02
1789.00179008930741	3.020362e+02
1790.00366513663994	3.020495e+02
1791.00248584951851	3.020628e+02
1792.00131845898954	3.020761e+02
1793.0032404910005	3.020894e+02
1794.00199788860118	3.021027e+02
1795.00381344917082	3.021161e+02
1796.00246218757388	3.021294e+02
1797.00107305072902	3.021427e+02
1798.00277248246721	3.021561e+02
1799.00136762745046	3.021694e+02
1800.00310695060784	3.021827e+02
1801.00182074635541	3.021960e+02
1802.0037889158707	3.022093e+02
1803.00287394699217	3.022225e+02
1804.00224538064253	3.022357e+02
1805.0019677575624	3.022492e+02
1806.00207840668804	3.022623e+02
1807.00261150506913	3.022754e+02
1808.00358667906039	3.022884e+02
1809.00188485499893	3.023014e+02
1810.00374071500801	3.023143e+02
1811.00288338800533	3.023271e+02
1812.0023715852135	3.023399e+02
1813.0021602204265	3.023527e+02
1814.00220382981593	3.023653e+02
1815.00242436449412	3.023779e+02
1816.00278019035613	3.023904e+02
1817.00320220057233	3.024028e+02
1818.00364328695105	3.024152e+02
1819.00408061882013	3.024274e+02
1820.00454697031614	3.024396e+02
1821.00196080233877	3.024516e+02
1822.00265116225296	3.024635e+02
1823.00358575158452	3.024754e+02
1824.0017270273654	3.024871e+02
1825.00336524162162	3.024987e+02
1826.00216892588537	3.025102e+02
1827.00438396493814	3.025216e+02
1828.00359454539193	3.025329e+02
1829.00282475741869	3.025440e+02
1830.00193039516239	3.025551e+02
1831.00393868587912	3.025660e+02
1832.00255084486457	3.025768e+02
1833.00398824509557	3.025875e+02
1834.00194455951009	3.025980e+02
1835.00260963254914	3.026085e+02
1836.00286253025365	3.026188e+02
1837.00267156969926	3.026290e+02
1838.00195695328421	3.026390e+02
1839.00362734034229	3.026490e+02
1840.00425249655609	3.026589e+02
1841.00348596549975	3.026686e+02
1842.00420816935002	3.026782e+02
1843.00327183324089	3.026878e+02
1844.003687940595	3.026973e+02
1845.00222290489273	3.027066e+02
1846.0018427759519	3.027159e+02
1847.00267529382768	3.027252e+02
1848.00187412965261	3.027344e+02
1849.00285286473104	3.027435e+02
1850.00334263826539	3.027526e+02
1851.00452073212637	3.027617e+02
1852.0044344264943	3.027706e+02
1853.0037224414898	3.027796e+02
1854.00235015013573	3.027884e+02
1855.00302848490855	3.027972e+02
1856.00238121821599	3.028058e+02
1857.00332047106963	3.028143e+02
1858.00247468769135	3.028226e+02
1859.00256482382974	3.028308e+02
1860.00328912156647	3.028387e+02
1861.00444491675671	3.028465e+02
1862.0027352241068	3.028541e+02
1863.00393650064666	3.028616e+02
1864.0043805374753	3.028689e+02
1865.00325113163763	3.028761e+02
1866.0028042915817	3.028833e+02
1867.00361886124415	3.028903e+02
1868.00195293622937	3.028971e+02
1869.00351186087914	3.029038e+02
1870.00405586066586	3.029103e+02
1871.00450771577061	3.029167e+02
1872.0024256125464	3.029227e+02
1873.00246998776538	3.029285e+02
1874.0019010168221	3.029341e+02
1875.00237350819179	3.029393e+02
1876.00276025318703	3.029442e+02
1877.00411714831671	3.029489e+02
1878.00321238834977	3.029532e+02
1879.00290457517281	3.029573e+02
1880.00275983993811	3.029611e+02
1881.00208903972066	3.029645e+02
1882.0033437297061	3.029677e+02
1883.00396936558059	3.029706e+02
1884.00157500150567	3.029731e+02
1885.00247460380137	3.029753e+02
1886.00366219516877	3.029772e+02
1887.00179878443646	3.029786e+02
1888.00263284862422	3.029798e+02
1889.0028940611603	3.029806e+02
1890.00243121911149	3.029810e+02
1891.00433630390194	3.029810e+02
1892.00273974271227	3.029808e+02
1893.00364917560887	3.029802e+02
1894.00372086765856	3.029793e+02
1895.00308910829449	3.029783e+02
1896.00173056942435	3.029771e+02
1897.0023411988052	3.029758e+02
1898.00181879669867	3.029744e+02
1899.00336286115407	3.029730e+02
1900.00396318582102	3.029715e+02
1901.0040574421605	3.029700e+02
1902.00407755308902	3.029684e+02
1903.00400766749863	3.029669e+02
1904.00415798860331	3.029653e+02
1905.00165599891238	3.029636e+02
1906.00271551605942	3.029619e+02
1907.00436196124133	3.029601e+02
1908.00353070255414	3.029583e+02
1909.00323906217659	3.029564e+02
1910.00353199449091	3.029544e+02
1911.00446086238935	3.029523e+02
1912.00305147801078	3.029502e+02
1913.00244707756474	3.029480e+02
1914.00275239533335	3.029458e+02
1915.00405408023767	3.029436e+02
1916.00335314426707	3.029414e+02
1917.0037963363086	3.029393e+02
1918.00225830297495	3.029371e+02
1919.00178458419055	3.029350e+02
1920.00234709975257	3.029330e+02
1921.00391288434389	3.029309e+02
1922.00319428666921	3.029290e+02
1923.0030761107887	3.029271e+02
1924.00332029110973	3.029252e+02
1925.00398993784461	3.029233e+02
1926.00225036644269	3.029214e+02
1927.00445475535525	3.029195e+02
1928.00437015983402	3.029175e+02
1929.0018861234762	3.029156e+02
1930.00307137984851	3.029135e+02
1931.00455710961614	3.029114e+02
1932.00298902639793	3.029092e+02
1933.00431690133382	3.029070e+02
1934.00205477570125	3.029047e+02
1935.00212679103947	3.029023e+02
1936.00449771597437	3.028999e+02
1937.00299818711255	3.028974e+02
1938.00375690711053	3.028949e+02
1939.00354710049623	3.028923e+02
1940.00196592715861	3.028896e+02
1941.00463099080662	3.028867e+02
1942.00200739011302	3.028838e+02
1943.00323996451743	3.028808e+02
1944.00248343033809	3.028777e+02
1945.00296465924725	3.028746e+02
1946.0017035364242	3.028713e+02
1947.00249266497531	3.028680e+02
1948.00286575895302	3.028647e+02
1949.0028467826146	3.028613e+02
1950.00234455789814	3.028578e+02
1951.0044587191046	3.028543e+02
1952.00315040825717	3.028507e+02
1953.00451350526373	3.028470e+02
1954.00257411397979	3.028433e+02
1955.00371976740394	3.028394e+02
1956.00224333341203	3.028355e+02
1957.00452424992341	3.028316e+02
1958.00169058164374	3.028276e+02
1959.00308963199018	3.028236e+02
1960.00274541681119	3.028197e+02
1961.00380825907109	3.028158e+02
1962.00320754357881	3.028120e+02
1963.00398668998264	3.028083e+02
1964.00303648737213	3.028047e+02
1965.00332816371383	3.028012e+02
1966.00165244017217	3.027978e+02
1967.00401244637533	3.027945e+02
1968.00405634937101	3.027913e+02
1969.00166583721125	3.027881e+02
1970.00297470661667	3.027849e+02
1971.00173037967124	3.027818e+02
1972.00401757328336	3.027787e+02
1973.00359335633971	3.027756e+02
1974.00347528044495	3.027726e+02
1975.0034723651861	3.027695e+02
1976.00335569005665	3.027664e+02
1977.00311079162589	3.027633e+02
1978.00289387403041	3.027603e+02
1979.00269217143068	3.027572e+02
1980.00249713429957	3.027541e+02
1981.00237000054403	3.027511e+02
1982.00225131264119	3.027480e+02
1983.00218255536197	3.027449e+02
1984.0022910291168	3.027418e+02
1985.00221433673892	3.027387e+02
1986.00164821770659	3.027356e+02
1987.00372639876878	3.027325e+02
1988.00216425490157	3.027294e+02
1989.00294737829881	3.027263e+02
1990.00332288659547	3.027232e+02
1991.00349784698847	3.027200e+02
1992.00326233793453	3.027168e+02
1993.00216797025746	3.027136e+02
1994.00320645938268	3.027104e+02
1995.00330580796685	3.027070e+02
1996.00186048067826	3.027036e+02
1997.00188445299455	3.027000e+02
1998.00368913981492	3.026964e+02
1999.00438699605411	3.026926e+02
2000.00408837307464	3.026887e+02
2001.00292062551307	3.026847e+02
2002.00410173816636	3.026807e+02
2003.00168178945319	3.026767e+02
2004.00186723919637	3.026726e+02
2005.0017074130028	3.026685e+02
2006.00438721023534	3.026645e+02
2007.00391307974905	3.026605e+02
2008.00343518328918	3.026565e+02
2009.00305888123899	3.026526e+02
2010.00293417539797	3.026486e+02
2011.00311370253871	3.026447e+02
2012.00360803832336	3.026407e+02
2013.00453445997346	3.026366e+02
2014.00295894388546	3.026325e+02
2015.00205260658731	3.026283e+02
2016.00194855576683	3.026240e+02
2017.00266987055375	3.026198e+02
2018.00423761640536	3.026155e+02
2019.00364693151528	3.026112e+02
2020.00398907527006	3.026070e+02
2021.00220095872078	3.026029e+02
2022.00443307870478	3.025989e+02
2023.0045543028109	3.025950e+02
2024.00255620635016	3.025913e+02
2025.00457425183572	3.025876e+02
2026.00433587006341	3.025841e+02
2027.0017139765298	3.025807e+02
2028.00282928472893	3.025774e+02
2029.00456924781702	3.025742e+02
2030.00383657854809	3.025711e+02
2031.0036979616882	3.025680e+02
2032.00395930273589	3.025649e+02
2033.00458556907211	3.025619e+02
2034.00244893860759	3.025588e+02
2035.00376922683881	3.025557e+02
2036.00226999116762	3.025526e+02
2037.00379272742839	3.025494e+02
2038.00197667930888	3.025462e+02
2039.00283374336732	3.025429e+02
2040.00310565245445	3.025397e+02
2041.00246702921186	3.025364e+02
2042.00400594404005	3.025330e+02
2043.00458624316093	3.025296e+02
2044.00391751552843	3.025262e+02
2045.00180818728654	3.025228e+02
2046.00449723498605	3.025193e+02
2047.00278852046949	3.025158e+02
2048.00263724057686	3.025122e+02
2049.00403632260304	3.025087e+02
2050.00435440435513	3.025051e+02
2051.00399564529926	3.025015e+02
2052.00307943767802	3.024979e+02
2053.00165291171015	3.024943e+02
2054.0027519712562	3.024907e+02
2055.00334710324751	3.024870e+02
2056.00348601801852	3.024832e+02
2057.00325894060188	3.024794e+02
2058.00275207185632	3.024755e+02
2059.00202320473772	3.024715e+02
2060.0042101880872	3.024674e+02
2061.00343081449728	3.024633e+02
2062.00299422078842	3.024590e+02
2063.00307675064232	3.024548e+02
2064.00379573041482	3.024505e+02
2065.00218469816764	3.024462e+02
2066.00436793143081	3.024419e+02
2067.00414255751912	3.024378e+02
2068.00441078585436	3.024337e+02
2069.00202889936918	3.024297e+02
2070.00308633966097	3.024258e+02
2071.00450120014557	3.024220e+02
2072.00322691155907	3.024183e+02
2073.0023745996732	3.024146e+02
2074.00197149869382	3.024110e+02
2075.00200216106941	3.024074e+02
2076.00248003765864	3.024039e+02
2077.00346145492085	3.024003e+02
2078.00192100838194	3.023967e+02
2079.00408926282671	3.023931e+02
2080.00387799449936	3.023895e+02
2081.00434004878525	3.023859e+02
2082.00230085405428	3.023823e+02
2083.00372108345891	3.023787e+02
2084.00222294022433	3.023751e+02
2085.00377317781522	3.023715e+02
2086.0020907489311	3.023679e+02
2087.00328457062551	3.023644e+02
2088.00425096237313	3.023608e+02
2089.00192937849806	3.023574e+02
2090.00255121764394	3.023539e+02
2091.00311164942559	3.023504e+02
2092.00363676508641	3.023470e+02
2093.00410261071738	3.023436e+02
2094.00445511110456	3.023402e+02
2095.00158583908524	3.023368e+02
2096.00159087243674	3.023334e+02
2097.0043724603529	3.023301e+02
2098.00372230964058	3.023267e+02
2099.00276161945612	3.023233e+02
2100.00451629239205	3.023199e+02
2101.00280193047638	3.023164e+02
2102.00378748605635	3.023129e+02
2103.00437360059914	3.023093e+02
2104.00448710790943	3.023056e+02
2105.00399929333707	3.023018e+02
2106.00283071800004	3.022978e+02
2107.00407856468655	3.022938e+02
2108.00169238417857	3.022897e+02
2109.00191177891747	3.022855e+02
2110.00179636896064	3.022813e+02
2111.00448343307426	3.022771e+02
2112.00388533313844	3.022729e+02
2113.0029998904497	3.022688e+02
2114.00174280135207	3.022648e+02
2115.00317293381886	3.022608e+02
2116.00426001570168	3.022570e+02
2117.00194653782319	3.022532e+02
2118.00237461603001	3.022495e+02
2119.00258586578639	3.022458e+02
2120.00264215417565	3.022421e+02
2121.00259529249342	3.022384e+02
2122.00256830670105	3.022347e+02
2123.0027265497497	3.022309e+02
2124.00324058753404	3.022270e+02
2125.00430743074412	3.022230e+02
2126.00300290499081	3.022189e+02
2127.0024701198231	3.022147e+02
2128.00275908070216	3.022105e+02
2129.00380787318272	3.022063e+02
2130.00238422303164	3.022020e+02
2131.0044470010821	3.021978e+02
2132.00378113734814	3.021936e+02
2133.00337135104655	3.021895e+02
2134.00318125145486	3.021854e+02
2135.00320164766026	3.021814e+02
2136.00339106189995	3.021776e+02
2137.00369957207295	3.021738e+02
2138.00410289164665	3.021701e+02
2139.00460845453517	3.021665e+02
2140.00216716211207	3.021629e+02
2141.00293551649202	3.021594e+02
2142.00386280754128	3.021559e+02
2143.00188556219473	3.021525e+02
2144.00314077422081	3.021490e+02
2145.0045406575241	3.021455e+02
2146.00298114174848	3.021420e+02
2147.00459160774881	3.021384e+02
2148.00319912648183	3.021348e+02
2149.00187012776632	3.021311e+02
2150.00367233066891	3.021274e+02
2151.00244577663489	3.021235e+02
2152.00419646574119	3.021196e+02
2153.00258871997994	3.021156e+02
2154.00358066179251	3.021116e+02
2155.00401201703471	3.021074e+02
2156.00388442743406	3.021033e+02
2157.00330085730229	3.020991e+02
2158.00236216872781	3.020949e+02
2159.00417005876943	3.020908e+02
2160.00254406447038	3.020867e+02
2161.00352128067152	3.020826e+02
2162.00393331215582	3.020787e+02
2163.00368108612429	3.020748e+02
2164.00273752110024	3.020710e+02
2165.00412757645836	3.020672e+02
2166.00173870018716	3.020635e+02
2167.0017722315979	3.020598e+02
2168.00438469785013	3.020561e+02
2169.00359221328426	3.020523e+02
2170.00253634568844	3.020485e+02
2171.00443685624896	3.020446e+02
2172.00339604186729	3.020406e+02
2173.0025900780206	3.020364e+02
2174.00225633066975	3.020321e+02
2175.00257625229324	3.020277e+02
2176.00361026259725	3.020232e+02
2177.00228677414907	3.020187e+02
2178.00459070449097	3.020142e+02
2179.00428632834837	3.020096e+02
2180.00429663544128	3.020051e+02
2181.0045326080708	3.020007e+02
2182.0018808436771	3.019964e+02
2183.00247236328323	3.019922e+02
2184.00322705783265	3.019881e+02
2185.00404352914256	3.019841e+02
2186.00172232379919	3.019802e+02
2187.0022621404114	3.019764e+02
2188.00252700731608	3.019727e+02
2189.00248788458157	3.019690e+02
2190.00210118408495	3.019654e+02
2191.00440766305837	3.019617e+02
2192.003360300444	3.019580e+02
2193.00216305301956	3.019543e+02
2194.00402166062622	3.019505e+02
2195.00295608236183	3.019466e+02
2196.00215718164418	3.019426e+02
2197.00170143279365	3.019385e+02
2198.00167359595571	3.019344e+02
2199.00215185598699	3.019301e+02
2200.00309629085496	3.019258e+02
2201.0043407724088	3.019214e+02
2202.00256325524151	3.019170e+02
2203.0036907879753	3.019125e+02
2204.00463330923458	3.019081e+02
2205.00239251971425	3.019037e+02
2206.0031775972775	3.018994e+02
2207.00397673213502	3.018951e+02
2208.00170384854027	3.018909e+02
2209.00237441679337	3.018868e+02
2210.00277946935057	3.018828e+02
2211.00272273795827	3.018789e+02
2212.00205207386261	3.018750e+02
2213.00369321717881	3.018711e+02
2214.00452244874714	3.018674e+02
2215.0045781451895	3.018636e+02
2216.00395508402971	3.018598e+02
2217.00280755413087	3.018559e+02
2218.00438954354604	3.018520e+02
2219.00284423745143	3.018480e+02
2220.00442394770107	3.018438e+02
2221.00321567804986	3.018395e+02
2222.00247279086398	3.018351e+02
2223.00236369795903	3.018306e+02
2224.00295796383352	3.018260e+02
2225.00419660579928	3.018216e+02
2226.00292817788159	3.018169e+02
2227.00520997976673	3.018122e+02
2228.00480401433197	3.018075e+02
2229.00465817799477	3.018029e+02
2230.0047273748728	3.017984e+02
2231.00500193555399	3.017940e+02
2232.00547215547931	3.017898e+02
2233.00300533767449	3.017856e+02
2234.00352618248462	3.017816e+02
2235.00371788235998	3.017776e+02
2236.00334683766278	3.017738e+02
2237.00530297922887	3.017699e+02
2238.00337946603668	3.017661e+02
2239.00363483045885	3.017623e+02
2240.00303311835296	3.017584e+02
2241.00473039265444	3.017545e+02
2242.00589026127	3.017504e+02
2243.00369599149963	3.017463e+02
2244.00441130682793	3.017421e+02
2245.00523432312775	3.017377e+02
2246.00341420506584	3.017333e+02
2247.0052385494846	3.017287e+02
2248.00471179635724	3.017240e+02
2249.00480886580999	3.017193e+02
2250.00541273131876	3.017145e+02
2251.00338090736204	3.017098e+02
2252.00479061334499	3.017050e+02
2253.00351723724725	3.017003e+02
2254.00564911977881	3.016957e+02
2255.00507654897183	3.016912e+02
2256.00482967160042	3.016868e+02
2257.00479897912783	3.016825e+02
2258.00475589366079	3.016783e+02
2259.00441490884896	3.016743e+02
2260.00347845558372	3.016702e+02
2261.00476123299586	3.016663e+02
2262.00487896409277	3.016623e+02
2263.00349920678354	3.016584e+02
2264.00365358526869	3.016545e+02
2265.00572455227211	3.016505e+02
2266.00418444876095	3.016464e+02
2267.00556920287863	3.016422e+02
2268.00404430092931	3.016380e+02
2269.00583344123106	3.016335e+02
2270.005039483171	3.016290e+02
2271.00491551831101	3.016243e+02
2272.00562515621186	3.016195e+02
2273.0040721713417	3.016147e+02
2274.00320680805362	3.016098e+02
2275.00298038727487	3.016049e+02
2276.00334754694541	3.016001e+02
2277.00423836460732	3.015953e+02
2278.0056773551928	3.015906e+02
2279.00466131403437	3.015861e+02
2280.00417331321933	3.015816e+02
2281.00406121163905	3.015773e+02
2282.00410218871002	3.015731e+02
2283.00401673432407	3.015690e+02
2284.00353103820453	3.015649e+02
2285.0052119543052	3.015609e+02
2286.00549047503682	3.015569e+02
2287.00406935797582	3.015529e+02
2288.00413078863039	3.015489e+02
2289.00292144018431	3.015449e+02
2290.00383449916353	3.015407e+02
2291.00429324407287	3.015365e+02
2292.00483217547844	3.015321e+02
2293.00571767857218	3.015276e+02
2294.00405584932423	3.015230e+02
2295.00304263253702	3.015182e+02
2296.00583934960787	3.015134e+02
2297.00335125727042	3.015085e+02
2298.00466096476248	3.015035e+02
2299.00367470425181	3.014986e+02
2300.00337983635745	3.014936e+02
2301.00372456009927	3.014887e+02
2302.00475237105184	3.014839e+02
2303.00344539800653	3.014793e+02
2304.00583250393311	3.014747e+02
2305.00561247194128	3.014703e+02
2306.00563094710333	3.014659e+02
2307.00572123459733	3.014617e+02
2308.0055051066297	3.014576e+02
2309.00431329608773	3.014535e+02
2310.00463375132449	3.014494e+02
2311.00330435788692	3.014453e+02
2312.00351985298721	3.014412e+02
2313.00542690391057	3.014370e+02
2314.00301292993254	3.014328e+02
2315.00316654763719	3.014285e+02
2316.0033789005588	3.014240e+02
2317.00396577661058	3.014195e+02
2318.00513653751432	3.014148e+02
2319.00397905354612	3.014099e+02
2320.00355835834671	3.014050e+02
2321.00393681689047	3.014000e+02
2322.00517847237325	3.013949e+02
2323.00421168565663	3.013899e+02
2324.00403208474381	3.013848e+02
2325.00461341591244	3.013798e+02
2326.00593210683928	3.013749e+02
2327.0049155335978	3.013701e+02
2328.00455840919221	3.013654e+02
2329.00465880840966	3.013609e+02
2330.00510616701058	3.013565e+02
2331.00573079070182	3.013521e+02
2332.0059180039284	3.013479e+02
2333.00505367951109	3.013436e+02
2334.005872058759	3.013394e+02
2335.0052192543244	3.013352e+02
2336.00322631509835	3.013310e+02
2337.00304637635554	3.013267e+02
2338.00482422594359	3.013224e+02
2339.00303247527336	3.013179e+02
2340.00440189669007	3.013134e+02
2341.00308350227306	3.013087e+02
2342.0052521967641	3.013039e+02
2343.00502148772694	3.012990e+02
2344.00556488352959	3.012940e+02
2345.00389349305624	3.012889e+02
2346.00307136597667	3.012837e+02
2347.00312525445997	3.012786e+02
2348.00403497348589	3.012734e+02
2349.00573906591444	3.012683e+02
2350.00508659575735	3.012633e+02
2351.00503905225014	3.012583e+02
2352.00554408633388	3.012535e+02
2353.00359656550108	3.012488e+02
2354.00499715546539	3.012442e+02
2355.00316516131761	3.012397e+02
2356.00397581984726	3.012353e+02
2357.00411723782918	3.012309e+02
2358.00349564900489	3.012265e+02
2359.00507241039259	3.012222e+02
2360.00577629216104	3.012178e+02
2361.0058593405106	3.012133e+02
2362.00544985170427	3.012088e+02
2363.00470589587985	3.012043e+02
2364.00386271127854	3.011996e+02
2365.0030214402077	3.011949e+02
2366.00551043747464	3.011901e+02
2367.00553809879329	3.011851e+02
2368.00317545579446	3.011802e+02
2369.00468470837086	3.011751e+02
2370.00401547468482	3.011700e+02
2371.00417601705567	3.011649e+02
2372.00517433125196	3.011598e+02
2373.00393850556338	3.011548e+02
2374.00341960376772	3.011498e+02
2375.00359046470749	3.011448e+02
2376.00428175403385	3.011399e+02
2377.00525905881432	3.011351e+02
2378.00344311633626	3.011304e+02
2379.00489002739505	3.011257e+02
2380.00350179186262	3.011212e+02
2381.00555243140116	3.011166e+02
2382.00475889290283	3.011121e+02
2383.00401227854809	3.011076e+02
2384.0032826701613	3.011032e+02
2385.00562048833035	3.010987e+02
2386.00484292080637	3.010942e+02
2387.00406082031168	3.010898e+02
2388.003325439729	3.010853e+02
2389.0058392700621	3.010807e+02
2390.00552670055686	3.010762e+02
2391.00545158879868	3.010716e+02
2392.00573896252445	3.010670e+02
2393.00330315940346	3.010624e+02
2394.00424103788782	3.010578e+02
2395.00553340352553	3.010532e+02
2396.00417458977245	3.010486e+02
2397.00327217477616	3.010440e+02
2398.00592739277999	3.010394e+02
2399.00290345801977	3.010349e+02
2400.0034100097123	3.010304e+02
2401.00433366032212	3.010259e+02
2402.00568241182737	3.010215e+02
2403.00440184864647	3.010171e+02
2404.00351877884532	3.010127e+02
2405.00295787553796	3.010083e+02
2406.00584453607644	3.010039e+02
2407.00287580488839	3.009995e+02
2408.00330702281872	3.009952e+02
2409.00403720289978	3.009908e+02
2410.00504746100796	3.009864e+02
2411.00320149302524	3.009821e+02
2412.00467335287203	3.009777e+02
2413.00322644171638	3.009734e+02
2414.00499421249515	3.009690e+02
2415.00371833709778	3.009647e+02
2416.00553295406462	3.009604e+02
2417.00413466372447	3.009562e+02
2418.00564493302272	3.009519e+02
2419.00380450544799	3.009477e+02
2420.00476570227556	3.009435e+02
2421.00537887064547	3.009393e+02
2422.00559618802936	3.009352e+02
2423.00537649036687	3.009311e+02
2424.00468269976727	3.009271e+02
2425.00347978886384	3.009231e+02
2426.00483110546202	3.009191e+02
2427.00564958512541	3.009151e+02
2428.00587275563748	3.009112e+02
2429.00545292856486	3.009073e+02
2430.00438873110079	3.009034e+02
2431.00562798879082	3.008996e+02
2432.00307362513831	3.008957e+02
2433.00299935091425	3.008919e+02
2434.00515821212957	3.008881e+02
2435.00336891398001	3.008843e+02
2436.00387310823771	3.008805e+02
2437.00360716648765	3.008768e+02
2438.00563855250857	3.008730e+02
2439.00385283640708	3.008693e+02
2440.00442833798616	3.008656e+02
2441.0043713388327	3.008619e+02
2442.00379070406279	3.008582e+02
2443.00581041699979	3.008546e+02
2444.00431153678073	3.008510e+02
2445.00534488058338	3.008474e+02
2446.00292850521919	3.008439e+02
2447.00316455464599	3.008404e+02
2448.00591726962148	3.008370e+02
2449.00522303294792	3.008336e+02
2450.00426651423322	3.008303e+02
2451.00306955997166	3.008271e+02
2452.00463256655848	3.008239e+02
2453.00585934145465	3.008209e+02
2454.00369277951768	3.008179e+02
2455.00421739138346	3.008149e+02
2456.00439379181807	3.008121e+02
2457.00423679143887	3.008093e+02
2458.00376368239768	3.008066e+02
2459.00299019684917	3.008040e+02
2460.00496420549007	3.008014e+02
2461.00362105846671	3.007990e+02
2462.00503848851531	3.007966e+02
2463.00314879904954	3.007943e+02
2464.0040100288752	3.007921e+02
2465.00459920190133	3.007899e+02
2466.00493591528539	3.007878e+02
2467.0050139887353	3.007858e+02
2468.00484196510024	3.007839e+02
2469.00444080822399	3.007821e+02
2470.00383558634485	3.007803e+02
2471.00305962632319	3.007785e+02
2472.00518898565133	3.007769e+02
2473.00423672436909	3.007753e+02
2474.00329726473819	3.007737e+02
2475.0054454942865	3.007723e+02
2476.00467663901873	3.007709e+02
2477.00409025851604	3.007696e+02
2478.00377377973928	3.007683e+02
2479.00384070763766	3.007671e+02
2480.00443741116032	3.007660e+02
2481.00572436035782	3.007651e+02
2482.00489519246094	3.007642e+02
2483.00530102428138	3.007634e+02
2484.00425763376006	3.007627e+02
2485.00510258478653	3.007622e+02
2486.00510326670292	3.007618e+02
2487.00459082435782	3.007616e+02
2488.00372340057902	3.007616e+02
2489.00551918831115	3.007617e+02
2490.00346916402987	3.007621e+02
2491.00338499808004	3.007626e+02
2492.00523767842697	3.007635e+02
2493.00581430764032	3.007645e+02
2494.00496810915047	3.007658e+02
2495.00552824759689	3.007672e+02
2496.00394547957376	3.007689e+02
2497.0031349817591	3.007708e+02
2498.00534597574324	3.007729e+02
2499.00334067680296	3.007751e+02
2500.00301802242075	3.007775e+02
2501.00498248068379	3.007801e+02
2502.00417909629869	3.007828e+02
2503.00411487143037	3.007856e+02
2504.00457990407904	3.007884e+02
2505.0052348578356	3.007912e+02
2506.00326856247193	3.007941e+02
2507.00528397961489	3.007969e+02
2508.00542162150077	3.007998e+02
2509.00349574222082	3.008026e+02
2510.00458979767154	3.008056e+02
2511.00431109472129	3.008086e+02
2512.00439807297744	3.008117e+02
2513.00395066943838	3.008149e+02
2514.00311567955941	3.008183e+02
2515.00303181834079	3.008217e+02
2516.00500973071803	3.008253e+02
2517.00365138726374	3.008289e+02
2518.00519978497323	3.008325e+02
2519.00380698135814	3.008362e+02
2520.00353653420962	3.008398e+02
2521.00532916723023	3.008433e+02
2522.00394179058048	3.008468e+02
2523.00299265127296	3.008504e+02
2524.0050745321123	3.008540e+02
2525.00532504045805	3.008577e+02
2526.00447079200603	3.008615e+02
2527.00474861270641	3.008655e+02
2528.00288030317188	3.008695e+02
2529.00501452648496	3.008738e+02
2530.00498697047578	3.008781e+02
2531.00288929599719	3.008826e+02
2532.00560714785115	3.008872e+02
2533.00501655949756	3.008920e+02
2534.00568840924507	3.008969e+02
2535.00290152039724	3.009019e+02
2536.0038420456226	3.009071e+02
2537.00579523990336	3.009123e+02
2538.00515720012299	3.009175e+02
2539.00431693496421	3.009228e+02
2540.00301371660453	3.009281e+02
2541.00309353407783	3.009334e+02
2542.00548241701154	3.009387e+02
2543.00500934220418	3.009441e+02
2544.0051391588745	3.009496e+02
2545.00311508205368	3.009550e+02
2546.00520452969295	3.009606e+02
2547.00462781784699	3.009664e+02
2548.00384848931799	3.009722e+02
2549.00585065348514	3.009783e+02
2550.00572064848711	3.009845e+02
2551.00584840136935	3.009909e+02
2552.00571232535958	3.009974e+02
2553.00376397992932	3.010039e+02
2554.00325311356073	3.010103e+02
2555.00349538770024	3.010166e+02
2556.00319945055207	3.010226e+02
2557.00409516010131	3.010282e+02
2558.0048117354836	3.010337e+02
2559.00397773294526	3.010391e+02
2560.00420099055964	3.010447e+02
2561.00554845605302	3.010505e+02
2562.00532852892457	3.010565e+02
2563.00407798910373	3.010627e+02
2564.00504302454965	3.010693e+02
2565.00497491346368	3.010762e+02
2566.0036856398392	3.010835e+02
2567.00488544290283	3.010912e+02
2568.00308683506	3.010991e+02
2569.0052731284909	3.011073e+02
2570.00307216015881	3.011157e+02
2571.00340922561691	3.011241e+02
2572.00318159810013	3.011324e+02
2573.00435175268058	3.011407e+02
2574.00494417203026	3.011487e+02
2575.00376233198631	3.011566e+02
2576.00335985104493	3.011644e+02
2577.00384371971631	3.011724e+02
2578.005961281076	3.011806e+02
2579.0046295515167	3.011890e+02
2580.00366845931831	3.011976e+02
2581.00314089227095	3.012066e+02
2582.00590651092762	3.012158e+02
2583.0053737261801	3.012252e+02
2584.00449508346082	3.012348e+02
2585.00351191073605	3.012446e+02
2586.00294001663951	3.012545e+02
2587.00328131519382	3.012645e+02
2588.00463639174541	3.012745e+02
2589.00341031673906	3.012844e+02
2590.00484807571866	3.012943e+02
2591.00461165491561	3.013040e+02
2592.00481054185002	3.013137e+02
2593.00521261747554	3.013233e+02
2594.00333088018442	3.013331e+02
2595.00323492777989	3.013430e+02
2596.00559013573502	3.013533e+02
2597.00469878548529	3.013637e+02
2598.00393344112354	3.013745e+02
2599.00347763497621	3.013855e+02
2600.00348025249241	3.013967e+02
2601.00391688388299	3.014081e+02
2602.00462653508293	3.014197e+02
2603.00543100534424	3.014313e+02
2604.0031397638918	3.014430e+02
2605.00370202567728	3.014548e+02
2606.00368202211848	3.014665e+02
2607.00573665518596	3.014784e+02
2608.00341542573869	3.014902e+02
2609.0029542563484	3.015021e+02
2610.00501528350014	3.015141e+02
2611.00445016761842	3.015262e+02
2612.00523219991874	3.015384e+02
2613.00474081068796	3.015507e+02
2614.00292969484008	3.015630e+02
2615.00570324624778	3.015755e+02
2616.0034743848596	3.015881e+02
2617.0052253156291	3.016007e+02
2618.00468794004564	3.016133e+02
2619.00454069008492	3.016260e+02
2620.00443875207611	3.016387e+02
2621.00439223414787	3.016514e+02
2622.00461046176724	3.016642e+02
2623.00531967470306	3.016770e+02
2624.00347522610446	3.016897e+02
2625.00518088131503	3.017025e+02
2626.00403830485357	3.017152e+02
2627.00299616739585	3.017280e+02
2628.00508216280332	3.017408e+02
2629.00408748958853	3.017535e+02
2630.00313861837549	3.017663e+02
2631.00536434316518	3.017791e+02
2632.00458765117764	3.017919e+02
2633.00392502158911	3.018048e+02
2634.00339158614088	3.018177e+02
2635.00300791528616	3.018306e+02
2636.00590678656908	3.018436e+02
2637.00588525413013	3.018566e+02
2638.00293277677429	3.018696e+02
2639.00323790328412	3.018826e+02
2640.00367881867487	3.018957e+02
2641.00426682057696	3.019087e+02
2642.00500559181046	3.019217e+02
2643.00589743993123	3.019348e+02
2644.00380892930571	3.019478e+02
2645.00496157834186	3.019608e+02
2646.00312303372402	3.019739e+02
2647.00449417896425	3.019869e+02
2648.00597518583618	3.020000e+02
2649.00438689121393	3.020131e+02
2650.00592959315009	3.020262e+02
2651.00432156933311	3.020393e+02
2652.00574948399344	3.020525e+02
2653.00398275755333	3.020656e+02
2654.0052444282428	3.020788e+02
2655.00334764521949	3.020919e+02
2656.00454612604608	3.021051e+02
2657.00578233601209	3.021182e+02
2658.00399315034247	3.021314e+02
2659.00543751393434	3.021446e+02
2660.00391886151328	3.021577e+02
2661.00569325139577	3.021709e+02
2662.00457192484328	3.021841e+02
2663.00370139127153	3.021972e+02
2664.00311896134917	3.022104e+02
2665.00596754739536	3.022235e+02
2666.00291605824395	3.022366e+02
2667.00331240592732	3.022496e+02
2668.0040361405172	3.022627e+02
2669.00506214543475	3.022756e+02
2670.00325638567438	3.022885e+02
2671.00484153608704	3.023014e+02
2672.00357230492091	3.023142e+02
2673.00568446548596	3.023270e+02
2674.00492253554103	3.023397e+02
2675.00436991124934	3.023523e+02
2676.00402607419846	3.023648e+02
2677.00382259966773	3.023773e+02
2678.0037282115386	3.023897e+02
2679.00371900750224	3.024021e+02
2680.00374726342352	3.024143e+02
2681.00382673523745	3.024265e+02
2682.00396529942373	3.024385e+02
2683.00421545420022	3.024505e+02
2684.00461782255525	3.024624e+02
2685.00526818558683	3.024741e+02
2686.00307088902673	3.024858e+02
2687.0042948911746	3.024973e+02
2688.00585693002085	3.025088e+02
2689.00460672838017	3.025200e+02
2690.0035120532234	3.025312e+02
2691.00569073592442	3.025423e+02
2692.00472894810173	3.025532e+02
2693.00359644966375	3.025640e+02
2694.00535368498731	3.025747e+02
2695.00364057753904	3.025853e+02
2696.00468651565961	3.025958e+02
2697.00527381748952	3.026061e+02
2698.00540190192987	3.026164e+02
2699.00497579769581	3.026265e+02
2700.00388010487177	3.026365e+02
2701.00514319320428	3.026465e+02
2702.00547809766022	3.026563e+02
2703.00463747611548	3.026660e+02
2704.00544101041396	3.026756e+02
2705.00471549887152	3.026850e+02
2706.00556610548892	3.026945e+02
2707.00486682625933	3.027038e+02
2708.00571649383255	3.027130e+02
2709.00504992729293	3.027222e+02
2710.00299077878572	3.027313e+02
2711.00297686683825	3.027404e+02
2712.00567176628238	3.027494e+02
2713.00582338344884	3.027584e+02
2714.0044186220648	3.027673e+02
2715.00501563401986	3.027762e+02
2716.00447462576176	3.027849e+02
2717.00563878416187	3.027936e+02
2718.00521652157568	3.028021e+02
2719.00320705446256	3.028105e+02
2720.00566494473424	3.028187e+02
2721.00287166953876	3.028267e+02
2722.00385672492439	3.028346e+02
2723.00536470264524	3.028424e+02
2724.00419573616273	3.028499e+02
2725.00319246395202	3.028574e+02
2726.00500364441086	3.028647e+02
2727.00292373241882	3.028719e+02
2728.00267722431954	3.028787e+02
2729.00332891998642	3.028857e+02
2730.00468737763276	3.028925e+02
2731.00450260031994	3.028992e+02
2732.00468224812494	3.029057e+02
2733.00379001906367	3.029120e+02
2734.00424493364017	3.029180e+02
2735.00448607341514	3.029238e+02
2736.00282498310526	3.029293e+02
2737.00175431663592	3.029344e+02
2738.00198219127105	3.029392e+02
2739.0045087895237	3.029437e+02
2740.00365440956602	3.029478e+02
2741.00268749043335	3.029517e+02
2742.00453637381088	3.029553e+02
2743.00220644104684	3.029586e+02
2744.00461910601098	3.029615e+02
2745.00309530262984	3.029642e+02
2746.00451758463259	3.029665e+02
2747.00296541449234	3.029686e+02
2748.00463418637855	3.029702e+02
2749.00316117591865	3.029715e+02
2750.00446219967262	3.029725e+02
2751.00209059662893	3.029731e+02
2752.00213575161979	3.029734e+02
2753.00167158962768	3.029734e+02
2754.00370862004593	3.029730e+02
2755.0021990440323	3.029724e+02
2756.00354702627146	3.029715e+02
2757.00462840876571	3.029704e+02
2758.00225191160416	3.029693e+02
2759.00268333962504	3.029680e+02
2760.00298694444655	3.029666e+02
2761.00298049801086	3.029652e+02
2762.00257151156893	3.029637e+02
2763.00195130594602	3.029622e+02
2764.00436504291929	3.029607e+02
2765.00383954066729	3.029592e+02
2766.00353509603747	3.029577e+02
2767.00365768327356	3.029561e+02
2768.00440988913761	3.029545e+02
2769.00290045541851	3.029529e+02
2770.00232394414161	3.029512e+02
2771.00268510759042	3.029495e+02
2772.00388943710232	3.029477e+02
2773.00270141047849	3.029460e+02
2774.00211534172195	3.029441e+02
2775.00210665917712	3.029423e+02
2776.00266829587736	3.029403e+02
2777.0038033556657	3.029384e+02
2778.00236964591704	3.029364e+02
2779.00447221479271	3.029344e+02
2780.00385561624626	3.029324e+02
2781.00344547602663	3.029304e+02
2782.00313559245797	3.029284e+02
2783.00299836527074	3.029263e+02
2784.00315872109877	3.029243e+02
2785.00376012766537	3.029223e+02
2786.00174590440611	3.029203e+02
2787.00324963171397	3.029183e+02
2788.00202175776531	3.029163e+02
2789.0041029894669	3.029142e+02
2790.00341473169237	3.029121e+02
2791.00286063143403	3.029099e+02
2792.00218044824896	3.029077e+02
2793.00454115875982	3.029054e+02
2794.00393875315422	3.029031e+02
2795.00336742086529	3.029008e+02
2796.00284947861428	3.028983e+02
2797.0021636679503	3.028959e+02
2798.00411368051346	3.028933e+02
2799.00238684952865	3.028908e+02
2800.00290688149789	3.028881e+02
2801.00229231750927	3.028853e+02
2802.00367845720803	3.028824e+02
2803.00401326841165	3.028794e+02
2804.00313658349205	3.028763e+02
2805.00389455854975	3.028730e+02
2806.0032842197802	3.028697e+02
2807.00457887066341	3.028663e+02
2808.0046635380113	3.028629e+02
2809.00379886035489	3.028595e+02
2810.00259643972868	3.028561e+02
2811.00435147860753	3.028528e+02
2812.00317209263767	3.028494e+02
2813.00243073358024	3.028461e+02
2814.00225405321908	3.028427e+02
2815.00258192735555	3.028394e+02
2816.00324421309688	3.028360e+02
2817.00415047742081	3.028325e+02
2818.00229413851139	3.028290e+02
2819.00389330061853	3.028254e+02
2820.00287175149106	3.028217e+02
2821.00234300793727	3.028180e+02
2822.00237763645509	3.028142e+02
2823.00306685198984	3.028104e+02
2824.004550280903	3.028067e+02
2825.0039020462641	3.028030e+02
2826.00426671334071	3.027994e+02
2827.0026029228984	3.027959e+02
2828.00191878662781	3.027925e+02
2829.00201888741867	3.027892e+02
2830.00276911013088	3.027860e+02
2831.00411175360932	3.027829e+02
2832.00294257939731	3.027799e+02
2833.0023006318952	3.027769e+02
2834.00213185830944	3.027740e+02
2835.00229377892765	3.027711e+02
2836.00252786206329	3.027682e+02
2837.00282025795605	3.027653e+02
2838.00340968963292	3.027624e+02
2839.00449015493859	3.027594e+02
2840.00271436547791	3.027564e+02
2841.00404856395289	3.027533e+02
2842.001954826766	3.027502e+02
2843.00224188905759	3.027471e+02
2844.00173923293642	3.027439e+02
2845.0034941027352	3.027406e+02
2846.00421056402229	3.027373e+02
2847.00379536071114	3.027339e+02
2848.00240522389004	3.027305e+02
2849.00307620137983	3.027271e+02
2850.00250335892088	3.027236e+02
2851.00387480977088	3.027201e+02
2852.00440896016744	3.027167e+02
2853.00420693611068	3.027132e+02
2854.00342992121523	3.027097e+02
2855.00253029578516	3.027062e+02
2856.00174443151627	3.027028e+02
2857.00407818632266	3.026993e+02
2858.00326497603373	3.026958e+02
2859.00227828906009	3.026922e+02
2860.00416165468414	3.026886e+02
2861.002690882347	3.026849e+02
2862.00391250133953	3.026810e+02
2863.00171321110656	3.026771e+02
2864.00239447975127	3.026730e+02
2865.00308919625104	3.026689e+02
2866.00389721596503	3.026647e+02
2867.00182909594878	3.026605e+02
2868.00307714531937	3.026563e+02
2869.00463912123951	3.026522e+02
2870.00353060004863	3.026481e+02
2871.00280968988	3.026441e+02
2872.00248758878161	3.026403e+02
2873.0026416570563	3.026365e+02
2874.00330269690585	3.026328e+02
2875.00442138608332	3.026293e+02
2876.00290499783932	3.026258e+02
2877.00180007960944	3.026223e+02
2878.00413981759266	3.026189e+02
2879.00378969626536	3.026155e+02
2880.00384836070134	3.026121e+02
2881.00434978802241	3.026086e+02
2882.00227603947133	3.026051e+02
2883.00385561459598	3.026015e+02
2884.00290102581994	3.025978e+02
2885.00233245639402	3.025942e+02
2886.00192127046103	3.025905e+02
2887.00452903563792	3.025867e+02
2888.00375006750073	3.025830e+02
2889.00257773598196	3.025793e+02
2890.00415797286814	3.025757e+02
2891.00249877453962	3.025720e+02
2892.00403766621639	3.025684e+02
2893.00284882540063	3.025649e+02
2894.00212260353192	3.025614e+02
2895.0016896348211	3.025580e+02
2896.00438120472336	3.025546e+02
2897.00370193684421	3.025513e+02
2898.00272385892049	3.025480e+02
2899.00168053407742	3.025447e+02
2900.00400086833997	3.025415e+02
2901.00360460337242	3.025382e+02
2902.00355951432039	3.025350e+02
2903.00352180293112	3.025317e+02
2904.00317367100251	3.025284e+02
2905.00255275526342	3.025250e+02
2906.00449664444068	3.025216e+02
2907.00263409741319	3.025180e+02
2908.002945890928	3.025143e+02
2909.0022788022593	3.025105e+02
2910.00370413138853	3.025066e+02
2911.00425004582303	3.025026e+02
2912.00405687686452	3.024985e+02
2913.00329842978408	3.024944e+02
2914.00214202826282	3.024903e+02
2915.00362635789588	3.024862e+02
2916.0045070232959	3.024822e+02
2917.00460347673334	3.024784e+02
2918.0038322929131	3.024746e+02
2919.00228582761702	3.024709e+02
2920.00320681331414	3.024673e+02
2921.00365770539702	3.024637e+02
2922.00386486684556	3.024601e+02
2923.00419688961438	3.024565e+02
2924.00176354393625	3.024529e+02
2925.00270238726307	3.024491e+02
2926.00398283051027	3.024451e+02
2927.00251602054641	3.024411e+02
2928.00453040628372	3.024369e+02
2929.00416009256787	3.024325e+02
2930.00448684537969	3.024282e+02
2931.00235213335463	3.024238e+02
2932.00386069654269	3.024194e+02
2933.00284194254209	3.024151e+02
2934.00229991934339	3.024108e+02
2935.00230367097856	3.024067e+02
2936.00293689930049	3.024027e+02
2937.00421735529335	3.023989e+02
2938.00301847548781	3.023951e+02
2939.00238324267548	3.023916e+02
2940.00235307501589	3.023881e+02
2941.0028996792812	3.023847e+02
2942.00394748280269	3.023814e+02
2943.00239776860826	3.023782e+02
2944.00440269744649	3.023749e+02
2945.0037200348911	3.023717e+02
2946.00336285330695	3.023685e+02
2947.00330138985237	3.023653e+02
2948.00345707312363	3.023620e+02
2949.00369469928319	3.023586e+02
2950.00390481648265	3.023552e+02
2951.00389049977593	3.023517e+02
2952.00359580487884	3.023482e+02
2953.00285917519477	3.023446e+02
2954.00452299091921	3.023409e+02
2955.00225306261655	3.023372e+02
2956.00213505967167	3.023334e+02
2957.00433619621981	3.023296e+02
2958.00293766214691	3.023258e+02
2959.00411600946018	3.023219e+02
2960.00169220061616	3.023181e+02
2961.00173367806974	3.023144e+02
2962.00414395683038	3.023107e+02
2963.00273286564743	3.023070e+02
2964.00357080666163	3.023034e+02
2965.00361467149105	3.022999e+02
2966.00303086602889	3.022965e+02
2967.00203715080943	3.022930e+02
2968.00387795920324	3.022896e+02
2969.00259838936745	3.022861e+02
2970.00434506932243	3.022825e+02
2971.00299577438773	3.022788e+02
2972.00469721059289	3.022749e+02
2973.00336476921575	3.022710e+02
2974.00210783604234	3.022668e+02
2975.00413868584337	3.022626e+02
2976.0035142059678	3.022582e+02
2977.00334754411051	3.022539e+02
2978.00355010610974	3.022494e+02
2979.00401704297929	3.022450e+02
2980.00464728521365	3.022407e+02
2981.00240781331968	3.022365e+02
2982.003459995291	3.022324e+02
2983.00467730118362	3.022284e+02
2984.00290499793709	3.022246e+02
2985.00423576441608	3.022208e+02
2986.00255149658324	3.022172e+02
2987.00393762726981	3.022137e+02
2988.0022008545925	3.022102e+02
2989.00343779861987	3.022068e+02
2990.00462151368583	3.022033e+02
2991.00276427774497	3.021999e+02
2992.00408740396915	3.021963e+02
2993.00256923452662	3.021928e+02
2994.0043984697968	3.021891e+02
2995.00354736675854	3.021853e+02
2996.00317971552977	3.021815e+02
2997.00325434395472	3.021776e+02
2998.00368004228267	3.021736e+02
2999.00430128388825	3.021695e+02
3000.00179019528696	3.021655e+02
3001.0020707608187	3.021613e+02
3002.00195972128768	3.021572e+02
3003.0045487591633	3.021531e+02
3004.00383637497998	3.021491e+02
3005.00297966111521	3.021451e+02
3006.0020011023953	3.021412e+02
3007.0039681256153	3.021374e+02
3008.00277266076137	3.021336e+02
