# Region type : patch node2U_5_Outlet_0
#   Faces  : 148
#   Area   : 1.731072e-02
#        Time	areaAverage(T)
     0.999427	2.971500e+02
      2.00049	2.971500e+02
      3.00031	2.971481e+02
      3.99974	2.971483e+02
     4.999852	2.971496e+02
     6.001051	2.971498e+02
     7.000531	2.971499e+02
     8.000508	2.971500e+02
     9.000207	2.971499e+02
   10.0013794	2.971498e+02
   11.0007486	2.971707e+02
   12.0009612	2.971916e+02
   13.0012826	2.972124e+02
   14.0004431	2.972331e+02
 15.000919704	2.972537e+02
 16.001134102	2.972743e+02
 17.000964066	2.972947e+02
 18.001437332	2.973151e+02
 19.000199323	2.973354e+02
20.00002609566	2.973556e+02
21.0005538983	2.973758e+02
22.0001516083	2.973959e+02
23.00171546342	2.974159e+02
24.00158629973	2.974359e+02
24.9992923468791	2.974558e+02
26.0007408332901	2.974757e+02
27.000127321636	2.974955e+02
28.0005920788103	2.975152e+02
29.0017240917936	2.975350e+02
29.9997920938323759	2.975546e+02
31.0002175478398492	2.975742e+02
31.9996891168724211	2.975937e+02
33.0014876982192291	2.976132e+02
34.0001772822966544	2.976326e+02
34.9994365335516946	2.976519e+02
35.9997900444985959	2.976713e+02
37.0015242626866723	2.976906e+02
38.0015591189283697	2.977099e+02
38.9994632840672892	2.977292e+02
40.0007574456951929	2.977485e+02
41.0021224612753414	2.977678e+02
42.0002872525634814	2.977871e+02
43.0012566304121364	2.978064e+02
44.0020467575723373	2.978256e+02
44.9999474219365112	2.978448e+02
46.0013565934288735	2.978640e+02
47.0003167083469933	2.978831e+02
47.9999449913441012	2.979021e+02
49.0004299422109781	2.979211e+02
50.0018024649949737	2.979401e+02
51.0009823404558276	2.979589e+02
52.0009844877071998	2.979777e+02
53.0017643910810605	2.979965e+02
54.0002351206742404	2.980151e+02
54.9993848868174098	2.980336e+02
56.0021814734975152	2.980521e+02
56.9993512698789999	2.980704e+02
57.9999264458105159	2.980887e+02
59.0007923745438418	2.981069e+02
60.0019425234990109	2.981251e+02
61.0003528657921592	2.981432e+02
61.9992021823811967	2.981613e+02
63.0016965212632414	2.981794e+02
64.0018160389436872	2.981975e+02
64.9996150087740006	2.982155e+02
66.0012484215040303	2.982335e+02
67.0005232908566057	2.982515e+02
68.0003944877985589	2.982695e+02
69.0007533914107256	2.982874e+02
70.0015603219173812	2.983054e+02
70.9997684691784627	2.983233e+02
72.0016025253438841	2.983413e+02
73.0009653857906784	2.983592e+02
74.0009923556114444	2.983770e+02
75.0017195732837507	2.983949e+02
75.9999581087556066	2.984128e+02
77.0017104911463264	2.984306e+02
78.0005896543658253	2.984485e+02
78.9993985451516778	2.984663e+02
80.0010209520131355	2.984841e+02
80.9991269425436258	2.985019e+02
81.99974614684497	2.985197e+02
82.9997173174550653	2.985375e+02
84.0020941085013391	2.985554e+02
85.0006823668008735	2.985731e+02
86.0016281094392525	2.985909e+02
87.001834392442106	2.986087e+02
88.0012234801301929	2.986264e+02
88.9998675660702361	2.986441e+02
90.0008787025826535	2.986618e+02
91.0012554686999948	2.986795e+02
92.0011025357617598	2.986971e+02
93.000402258883355	2.987147e+02
93.999363258351579	2.987323e+02
95.0011600540610175	2.987501e+02
95.9997851463064222	2.987676e+02
97.0014259130476262	2.987851e+02
97.999941160804994	2.988025e+02
99.0014269928212656	2.988200e+02
99.9997536230513759	2.988374e+02
101.001031993007544	2.988549e+02
102.002273183616225	2.988723e+02
103.00030896487965	2.988897e+02
104.001240166939084	2.989071e+02
105.001994492542238	2.989244e+02
106.002493253645454	2.989418e+02
106.999679236622228	2.989590e+02
108.00266338555538	2.989764e+02
109.002112539327754	2.989937e+02
110.001000540579781	2.990109e+02
111.002408319914792	2.990282e+02
112.000128955767693	2.990454e+02
113.000219367322458	2.990626e+02
114.00252857400389	2.990798e+02
115.000960042107437	2.990970e+02
116.001504451501489	2.991141e+02
117.001088593146392	2.991312e+02
118.002638565734458	2.991483e+02
118.999993107898078	2.991654e+02
120.002185069780396	2.991824e+02
121.000078758953904	2.991994e+02
122.002653422413488	2.992164e+02
123.000754340607472	2.992333e+02
124.000249782474413	2.992502e+02
125.001208079555653	2.992671e+02
126.000763042848732	2.992839e+02
127.002101925546427	2.993007e+02
128.002452714997276	2.993175e+02
129.002099405373343	2.993343e+02
130.001295117298724	2.993509e+02
131.000335333749604	2.993676e+02
132.002542878069534	2.993843e+02
133.002328883822429	2.994009e+02
134.000075407824681	2.994174e+02
135.002080006486324	2.994340e+02
136.002658325402734	2.994505e+02
137.002219736449121	2.994669e+02
138.001156890232608	2.994833e+02
139.002494820356389	2.994997e+02
139.999771603676663	2.995160e+02
141.002127671732893	2.995324e+02
142.000326828377013	2.995486e+02
143.000354093607029	2.995648e+02
144.002607726763785	2.995811e+02
145.0007989384643	2.995972e+02
146.001058924252675	2.996133e+02
147.000383868891788	2.996293e+02
148.001677150526746	2.996453e+02
149.001583692929302	2.996613e+02
149.999803572063087	2.996771e+02
151.002157085829225	2.996929e+02
152.002368954412987	2.997086e+02
153.000419600010275	2.997242e+02
154.002498633515074	2.997397e+02
155.002367165596809	2.997551e+02
155.999961652498769	2.997703e+02
157.001484117626262	2.997854e+02
158.000771297344329	2.998004e+02
159.001061283777062	2.998152e+02
160.002464068186157	2.998299e+02
161.001787296918621	2.998444e+02
162.001967396205629	2.998588e+02
162.99987013600321	2.998731e+02
164.00169494871875	2.998873e+02
165.001225376364033	2.999013e+02
166.001529530404497	2.999153e+02
167.002578845905987	2.999291e+02
168.001176238471515	2.999428e+02
169.000257904581105	2.999564e+02
170.002691244404929	2.999700e+02
171.001931665802317	2.999834e+02
172.000683988546285	2.999967e+02
173.001764767570933	3.000099e+02
174.001790581428764	3.000230e+02
175.000677962106806	3.000361e+02
176.001649220067776	3.000490e+02
177.001949240672559	3.000619e+02
178.002122222696244	3.000746e+02
179.002687168357028	3.000873e+02
180.000851221809285	3.000998e+02
180.999717822446172	3.001123e+02
182.002107335839327	3.001247e+02
183.001541721738874	3.001371e+02
184.00118027588951	3.001493e+02
185.001003280914091	3.001615e+02
186.000682123100347	3.001737e+02
187.002663329054656	3.001858e+02
188.000129186769328	3.001978e+02
189.002449520229902	3.002097e+02
190.000940841888308	3.002216e+02
191.002657389520721	3.002334e+02
192.00193207052601	3.002450e+02
193.002067741240126	3.002566e+02
194.000021655254614	3.002681e+02
195.002180064267947	3.002795e+02
196.002286473872317	3.002907e+02
197.000051748967081	3.003018e+02
198.001304877255649	3.003129e+02
199.002178816809533	3.003240e+02
200.002215502925168	3.003350e+02
201.001498532132615	3.003459e+02
201.999694163551595	3.003569e+02
203.001846437787179	3.003680e+02
204.000260420414349	3.003790e+02
205.00076131728639	3.003901e+02
206.002090419317909	3.004012e+02
207.000933874151769	3.004123e+02
208.002051103417983	3.004234e+02
208.999656559112651	3.004345e+02
210.002554894086018	3.004456e+02
211.002667236961031	3.004566e+02
212.001596726417318	3.004676e+02
213.001608092022508	3.004784e+02
214.002622446640459	3.004892e+02
215.001874005837209	3.004999e+02
215.999728612705354	3.005105e+02
216.999660290062565	3.005210e+02
218.001954924164266	3.005315e+02
219.000511816629086	3.005418e+02
220.001826431655815	3.005521e+02
221.000639544984523	3.005623e+02
222.002502294171933	3.005725e+02
223.000913212408875	3.005824e+02
224.002046212566881	3.005925e+02
225.003156607808734	3.006024e+02
226.001390350997411	3.006122e+02
227.002497212841774	3.006220e+02
228.002739898910363	3.006315e+02
229.001536327455568	3.006409e+02
230.001647404054182	3.006502e+02
231.00330061146002	3.006592e+02
232.000523516120211	3.006681e+02
233.002842430776326	3.006767e+02
234.001494645122733	3.006852e+02
235.002785069853047	3.006936e+02
236.000926294089766	3.007018e+02
237.002404068492893	3.007099e+02
238.00113538662697	3.007179e+02
239.003268786141433	3.007259e+02
240.002837271213338	3.007338e+02
241.002924640601435	3.007417e+02
242.000538849728684	3.007496e+02
243.001804112537513	3.007574e+02
244.000640700406763	3.007653e+02
245.003319865708534	3.007731e+02
246.000707285940621	3.007809e+02
247.002007858199192	3.007887e+02
248.001056509176266	3.007965e+02
249.000979686864213	3.008042e+02
250.001763504070198	3.008118e+02
251.003303069669386	3.008194e+02
252.002504112295213	3.008269e+02
253.002425917797012	3.008344e+02
254.00272094465015	3.008418e+02
255.000360008183009	3.008491e+02
256.001595315007876	3.008563e+02
257.003362294698888	3.008635e+02
258.00255842102257	3.008705e+02
259.002152677035099	3.008775e+02
260.001981664416917	3.008844e+02
261.001813615033029	3.008913e+02
262.00140485254326	3.008980e+02
263.000594512311977	3.009047e+02
264.002385110868943	3.009114e+02
265.000443256167102	3.009179e+02
266.00098100543147	3.009244e+02
267.000967536314135	3.009308e+02
268.003276483198704	3.009372e+02
269.001523373274665	3.009435e+02
270.001725671010206	3.009497e+02
271.000481539417819	3.009557e+02
272.000714420740564	3.009617e+02
273.00292130020199	3.009676e+02
274.000742213383489	3.009733e+02
275.003225097653171	3.009790e+02
276.002032194746505	3.009845e+02
277.000645892159866	3.009899e+02
278.001942131295436	3.009952e+02
279.002858147299435	3.010004e+02
280.000465239377263	3.010056e+02
281.00097370133733	3.010107e+02
282.001341653260511	3.010157e+02
283.001642410801367	3.010207e+02
284.002016096109742	3.010256e+02
285.002594573110798	3.010305e+02
286.000496967216804	3.010353e+02
287.002085942394046	3.010402e+02
288.001482882226242	3.010449e+02
289.001835081267131	3.010497e+02
290.003171985280858	3.010544e+02
291.002445487420459	3.010590e+02
292.00266059645827	3.010636e+02
293.000613069468443	3.010682e+02
294.002349181339184	3.010728e+02
295.00168572860008	3.010773e+02
296.001605090646819	3.010818e+02
297.002037684732386	3.010863e+02
298.002982875965245	3.010908e+02
299.001348785551954	3.010953e+02
300.003249842926266	3.010998e+02
301.002466047054213	3.011043e+02
302.00202327849081	3.011088e+02
303.001852912322136	3.011134e+02
304.001950072599357	3.011179e+02
305.002289029862141	3.011224e+02
306.002804463364726	3.011270e+02
307.000339936166938	3.011315e+02
308.00112525275722	3.011361e+02
309.002161798808231	3.011407e+02
310.000299732926749	3.011452e+02
311.001753903974702	3.011497e+02
312.003228476479023	3.011543e+02
313.001570746664754	3.011587e+02
314.002891930573128	3.011632e+02
315.001098790657693	3.011676e+02
316.002212737646175	3.011719e+02
317.002753693123339	3.011762e+02
318.002741051715759	3.011805e+02
319.002227453965133	3.011846e+02
320.000977275220748	3.011887e+02
321.001929756773393	3.011927e+02
322.002125388221941	3.011967e+02
323.001535981613699	3.012005e+02
324.003041981572039	3.012044e+02
325.000374037859729	3.012081e+02
326.002912654348165	3.012118e+02
327.001586614448399	3.012154e+02
328.002512909745406	3.012190e+02
329.002543076401537	3.012225e+02
330.001749801562255	3.012260e+02
331.003321449891018	3.012294e+02
332.001214450012128	3.012327e+02
333.001643036346195	3.012359e+02
334.001697745459865	3.012391e+02
335.001516663824475	3.012422e+02
336.001181848031365	3.012453e+02
337.000752428457247	3.012483e+02
338.000308954575644	3.012512e+02
339.002955696242054	3.012542e+02
340.002659874426115	3.012570e+02
341.002600634695796	3.012598e+02
342.002938705057034	3.012626e+02
343.00077039028929	3.012654e+02
344.002322513747629	3.012681e+02
345.001592396976321	3.012708e+02
346.001698609735854	3.012735e+02
347.002663850727458	3.012762e+02
348.001500187671638	3.012788e+02
349.001388311793335	3.012815e+02
350.002414947083139	3.012842e+02
351.001524849529289	3.012870e+02
352.001809729970944	3.012897e+02
353.003257770451626	3.012925e+02
354.002679028832802	3.012954e+02
355.002987136006652	3.012983e+02
356.000911663448676	3.013012e+02
357.002428780017908	3.013042e+02
358.001143590770198	3.013073e+02
359.003187156254512	3.013104e+02
360.002328007981532	3.013136e+02
361.001683939638156	3.013168e+02
362.001359795507994	3.013200e+02
363.001507924815201	3.013232e+02
364.002174605211678	3.013264e+02
365.003082904724977	3.013297e+02
366.000971151079284	3.013328e+02
367.002024801993684	3.013360e+02
368.003029631648076	3.013390e+02
369.000706243231605	3.013421e+02
370.000978286578629	3.013450e+02
371.000341037977933	3.013479e+02
372.001639388103968	3.013508e+02
373.001936067328529	3.013535e+02
374.001098067899704	3.013563e+02
375.001995770755968	3.013589e+02
376.001888708956301	3.013615e+02
377.000697192593861	3.013641e+02
378.000866014206679	3.013665e+02
379.002752522726666	3.013690e+02
380.000575798720831	3.013713e+02
381.003082793718704	3.013736e+02
382.001184982359462	3.013758e+02
383.001246857416106	3.013780e+02
384.000394613058518	3.013801e+02
385.001759695812154	3.013821e+02
386.00240715265619	3.013840e+02
387.002475787051594	3.013858e+02
388.002127551349872	3.013876e+02
389.001458400598608	3.013894e+02
390.000565905005942	3.013910e+02
391.002619073859478	3.013927e+02
392.001663165008722	3.013942e+02
393.000807787559211	3.013958e+02
394.003205212637624	3.013973e+02
395.002903667881753	3.013987e+02
396.003070787040201	3.014001e+02
397.000788944054477	3.014016e+02
398.002261847880902	3.014029e+02
399.00152648097702	3.014043e+02
400.00177377167654	3.014057e+02
401.003123898012916	3.014070e+02
402.002521793520543	3.014084e+02
403.003004667831249	3.014098e+02
404.001507006324118	3.014112e+02
405.001142764898987	3.014126e+02
406.001969983514186	3.014141e+02
407.000910831287001	3.014156e+02
408.001049694494611	3.014172e+02
409.002337982931579	3.014189e+02
410.00156732501398	3.014206e+02
411.001678106944439	3.014224e+02
412.002483731703308	3.014243e+02
413.000720830192734	3.014262e+02
414.002430925371357	3.014282e+02
415.001324339358689	3.014302e+02
416.000503792273548	3.014323e+02
417.003249666369186	3.014344e+02
418.003350729972851	3.014365e+02
419.000725169714599	3.014386e+02
420.001102693622329	3.014407e+02
421.001189561263857	3.014428e+02
422.000968618332536	3.014448e+02
423.000465739541255	3.014467e+02
424.002481090010178	3.014487e+02
425.000454111860961	3.014505e+02
426.000377766803297	3.014523e+02
427.002167768366064	3.014540e+02
428.002663618545625	3.014556e+02
429.001856513206576	3.014571e+02
430.002984116604978	3.014586e+02
431.003192262110645	3.014600e+02
432.002096823281761	3.014614e+02
433.002905520767285	3.014627e+02
434.002743586778649	3.014639e+02
435.001598115112131	3.014651e+02
436.002450546028285	3.014662e+02
437.002274018610649	3.014673e+02
438.00123964214913	3.014684e+02
439.002581082353231	3.014694e+02
440.00034304553094	3.014703e+02
441.000711121537847	3.014712e+02
442.000791936376515	3.014720e+02
443.000763219221597	3.014728e+02
444.000772919074109	3.014735e+02
445.000884165880336	3.014742e+02
446.001029749664042	3.014748e+02
447.001151974869288	3.014754e+02
448.001241680816236	3.014759e+02
449.001268228530193	3.014764e+02
450.001167695159324	3.014769e+02
451.000963059848289	3.014774e+02
452.00077597965776	3.014778e+02
453.000738236156735	3.014782e+02
454.001027357326279	3.014786e+02
455.001852708968784	3.014790e+02
456.000362500163305	3.014793e+02
457.002802758368318	3.014797e+02
458.003196003892697	3.014801e+02
459.001589567564281	3.014805e+02
460.00098547648156	3.014809e+02
461.001317918729342	3.014814e+02
462.002551842731577	3.014820e+02
463.001592478121779	3.014825e+02
464.001455217795467	3.014832e+02
465.002111883247267	3.014839e+02
466.000468289098933	3.014847e+02
467.002609795840613	3.014856e+02
468.002310318274681	3.014865e+02
469.002560530585129	3.014874e+02
470.00329489304346	3.014884e+02
471.001355056605576	3.014894e+02
472.002861665149567	3.014904e+02
473.001561964299583	3.014914e+02
474.000477716033117	3.014924e+02
475.002577107132311	3.014933e+02
476.001650410400828	3.014942e+02
477.000645408034245	3.014952e+02
478.002513955180746	3.014960e+02
479.000964559904673	3.014969e+02
480.002102581843189	3.014977e+02
481.002679955656845	3.014985e+02
482.002597945267041	3.014992e+02
483.001691264800741	3.014999e+02
484.003071616693262	3.015006e+02
485.000336484884144	3.015012e+02
486.002534780768599	3.015018e+02
487.000679987856586	3.015024e+02
488.000926511784712	3.015028e+02
489.003195732206848	3.015032e+02
490.001479003611905	3.015036e+02
491.00212356148603	3.015038e+02
492.002132362470604	3.015040e+02
493.001500802693158	3.015042e+02
494.003297433729529	3.015042e+02
495.001457005393718	3.015043e+02
496.002120008971133	3.015042e+02
497.002342414996406	3.015042e+02
498.002252693521427	3.015041e+02
499.001989458526737	3.015039e+02
500.001708245066993	3.015037e+02
501.001555817569226	3.015035e+02
502.001690502452163	3.015033e+02
503.002238115199248	3.015031e+02
504.003247695359107	3.015028e+02
505.001707145733576	3.015025e+02
506.000673200985545	3.015022e+02
507.003155603728942	3.015020e+02
508.002982725622758	3.015017e+02
509.003130399994632	3.015014e+02
510.000491607245124	3.015011e+02
511.001135291948799	3.015009e+02
512.002000839052812	3.015006e+02
513.003093595891301	3.015004e+02
514.001375092693479	3.015002e+02
515.003006471415006	3.015001e+02
516.001902983398736	3.014999e+02
517.00113814397946	3.014998e+02
518.00075119453777	3.014996e+02
519.000777966113787	3.014995e+02
520.001248976453326	3.014994e+02
521.002200030192284	3.014993e+02
522.000579121023179	3.014992e+02
523.002490070326758	3.014991e+02
524.001753540568302	3.014991e+02
525.001361205130706	3.014990e+02
526.001237747212485	3.014989e+02
527.001309431480308	3.014989e+02
528.001493181315141	3.014988e+02
529.001715178055747	3.014988e+02
530.001904340192596	3.014987e+02
531.00196343448556	3.014987e+02
532.001793707690013	3.014986e+02
533.001327526602267	3.014986e+02
534.000515034029831	3.014985e+02
535.002367044145444	3.014984e+02
536.000711501576916	3.014982e+02
537.001622505152909	3.014980e+02
538.002013323162714	3.014978e+02
539.001869981411801	3.014975e+02
540.001187906447285	3.014971e+02
541.00301284645343	3.014967e+02
542.001225556390295	3.014962e+02
543.001939955503872	3.014957e+02
544.002138172190257	3.014951e+02
545.001861443912048	3.014945e+02
546.001165266284488	3.014938e+02
547.003214520297661	3.014932e+02
548.002042364261229	3.014924e+02
549.000807701796134	3.014917e+02
550.002690842886523	3.014910e+02
551.001696376509585	3.014902e+02
552.00095231417572	3.014894e+02
553.000495569591862	3.014886e+02
554.000326524515344	3.014879e+02
555.000417894257907	3.014871e+02
556.000707039192662	3.014863e+02
557.001146167858792	3.014855e+02
558.001670994217875	3.014848e+02
559.00222091731564	3.014840e+02
560.002760948818832	3.014833e+02
561.003267246031669	3.014825e+02
562.000653783958228	3.014817e+02
563.001006832258781	3.014810e+02
564.001261448977402	3.014802e+02
565.001402261682074	3.014794e+02
566.001416486073595	3.014785e+02
567.001306958242481	3.014777e+02
568.001088612961212	3.014768e+02
569.000803998330184	3.014759e+02
570.000513052084784	3.014750e+02
571.003333279293543	3.014740e+02
572.003240577886913	3.014731e+02
573.003341665373	3.014721e+02
574.000633761695781	3.014711e+02
575.001225046059403	3.014701e+02
576.002067007635901	3.014692e+02
577.003154038258003	3.014682e+02
578.001414355188672	3.014673e+02
579.002919750008573	3.014664e+02
580.001517164221468	3.014655e+02
581.00325516689486	3.014646e+02
582.001964060623095	3.014637e+02
583.00064847655517	3.014628e+02
584.002328360885599	3.014619e+02
585.000854217341839	3.014609e+02
586.002287276351922	3.014600e+02
587.000488461651798	3.014591e+02
588.001527679578999	3.014581e+02
589.002315298506687	3.014570e+02
590.002803789777317	3.014560e+02
591.002957846933668	3.014549e+02
592.002760268551469	3.014537e+02
593.002220829564408	3.014525e+02
594.00137104636849	3.014513e+02
595.003306020155378	3.014500e+02
596.002006081209515	3.014487e+02
597.000594318263893	3.014474e+02
598.002195250785689	3.014461e+02
599.00079741509694	3.014448e+02
600.002570943578235	3.014434e+02
601.00148420696587	3.014421e+02
602.000614201649228	3.014407e+02
603.003028406803764	3.014394e+02
604.002632172737776	3.014381e+02
605.002438767518356	3.014368e+02
606.002393362230237	3.014355e+02
607.002438086213033	3.014342e+02
608.002519571093444	3.014329e+02
609.002594908682113	3.014316e+02
610.002624012444812	3.014303e+02
611.00257420861567	3.014290e+02
612.002421365504119	3.014277e+02
613.00213679326589	3.014264e+02
614.00167615978603	3.014250e+02
615.000986403274055	3.014236e+02
616.003066520229481	3.014221e+02
617.001790236667148	3.014207e+02
618.00323238198996	3.014192e+02
619.001324432529145	3.014176e+02
620.002189394859329	3.014160e+02
621.002841920595415	3.014144e+02
622.000329405845036	3.014128e+02
623.000828114200885	3.014111e+02
624.001363126197475	3.014095e+02
625.001999212751571	3.014078e+02
626.002811455402934	3.014062e+02
627.000812807797047	3.014046e+02
628.002120941783573	3.014029e+02
629.000660379468286	3.014013e+02
630.002496732039731	3.013997e+02
631.001485728012653	3.013981e+02
632.000611254987575	3.013966e+02
633.002879142806592	3.013950e+02
634.00215452979478	3.013935e+02
635.00144985084296	3.013919e+02
636.000729316717752	3.013903e+02
637.002992101190671	3.013887e+02
638.002096774484016	3.013871e+02
639.001040900436237	3.013854e+02
640.002816029723363	3.013838e+02
641.001286643090339	3.013820e+02
642.002508342155238	3.013803e+02
643.000387183283465	3.013785e+02
644.001019476991473	3.013766e+02
645.00138119775545	3.013748e+02
646.001511582870648	3.013729e+02
647.001470443425319	3.013710e+02
648.001320644557836	3.013691e+02
649.001152611644329	3.013672e+02
650.001058184863382	3.013652e+02
651.001112879885341	3.013633e+02
652.001376941501121	3.013614e+02
653.001882713741111	3.013595e+02
654.002639028376279	3.013577e+02
655.00059653067774	3.013558e+02
656.001825748615715	3.013540e+02
657.003255943966565	3.013522e+02
658.001796689725779	3.013503e+02
659.000451662621686	3.013485e+02
660.002214183532942	3.013467e+02
661.000941201797673	3.013448e+02
662.002657544463204	3.013430e+02
663.001209661177768	3.013411e+02
664.002624651474321	3.013391e+02
665.000754650585918	3.013372e+02
666.001630353567066	3.013352e+02
667.00217972459177	3.013331e+02
668.002406226015978	3.013311e+02
669.00232372110429	3.013290e+02
670.001980157356343	3.013268e+02
671.001439456151957	3.013247e+02
672.000774660785623	3.013225e+02
673.003090923646823	3.013203e+02
674.002378215482736	3.013181e+02
675.001740249950558	3.013160e+02
676.001241613566549	3.013138e+02
677.000934726724608	3.013117e+02
678.000859463897541	3.013096e+02
679.001038105607904	3.013075e+02
680.00148267492159	3.013054e+02
681.002190454100742	3.013033e+02
682.003140702194059	3.013012e+02
683.001252286197769	3.012992e+02
684.002552392043071	3.012972e+02
685.000889837356112	3.012951e+02
686.002270350528647	3.012931e+02
687.000491698132919	3.012910e+02
688.001513345133162	3.012889e+02
689.002174269811803	3.012868e+02
690.002381651788937	3.012847e+02
691.002074014340792	3.012825e+02
692.001223957157663	3.012804e+02
693.002865130120426	3.012781e+02
694.000960627566087	3.012759e+02
695.001641077637828	3.012737e+02
696.001947278799548	3.012714e+02
697.001954438943358	3.012691e+02
698.001751859282081	3.012669e+02
699.001424990838018	3.012646e+02
700.001060126672769	3.012624e+02
701.000735808054174	3.012602e+02
702.00051589429836	3.012579e+02
703.000443078107537	3.012558e+02
704.000530691453378	3.012536e+02
705.000820281969936	3.012514e+02
706.001314351650421	3.012493e+02
707.001979354264677	3.012471e+02
708.002786229473259	3.012450e+02
709.000689110405574	3.012429e+02
710.001746107919075	3.012408e+02
711.002888678424597	3.012386e+02
712.001051259757901	3.012365e+02
713.002303063747149	3.012343e+02
714.000617153685766	3.012322e+02
715.002128360187953	3.012300e+02
716.000866102343707	3.012279e+02
717.003025773334343	3.012257e+02
718.002650824618286	3.012235e+02
719.00291538587669	3.012214e+02
720.000908626739829	3.012193e+02
721.002845785912655	3.012171e+02
722.002732400403715	3.012151e+02
723.000632937977798	3.012130e+02
724.002720299904695	3.012110e+02
725.002870152834248	3.012090e+02
726.001015277557372	3.012071e+02
727.003246004096241	3.012053e+02
728.000336739341947	3.012035e+02
729.001471837233339	3.012017e+02
730.000508654512942	3.012000e+02
731.000465613191523	3.011984e+02
732.001246264715974	3.011968e+02
733.002730962938244	3.011953e+02
734.00174534823293	3.011938e+02
735.001300929002468	3.011924e+02
736.001333152989332	3.011910e+02
737.001800958035346	3.011896e+02
738.002640424345486	3.011883e+02
739.000686758884513	3.011871e+02
740.002065286095785	3.011858e+02
741.000539876149787	3.011846e+02
742.002223058589834	3.011834e+02
743.000869168341183	3.011822e+02
744.002620836175197	3.011810e+02
745.001276077878742	3.011799e+02
746.002998977686957	3.011787e+02
747.001565474570953	3.011776e+02
748.00308865028444	3.011765e+02
749.001316310788638	3.011754e+02
750.002377542097747	3.011744e+02
751.003147564523601	3.011733e+02
752.000600879765443	3.011723e+02
753.000998043582513	3.011713e+02
754.001200174667588	3.011703e+02
755.001352950524165	3.011693e+02
756.001519259219776	3.011683e+02
757.00172760349335	3.011673e+02
758.002069777718816	3.011664e+02
759.002597394304416	3.011654e+02
760.00332598021032	3.011644e+02
761.001128165737668	3.011635e+02
762.00211738048813	3.011625e+02
763.003184695211871	3.011616e+02
764.00122567358676	3.011607e+02
765.002339892151554	3.011598e+02
766.003341425051531	3.011590e+02
767.00113330953161	3.011581e+02
768.001963746901197	3.011573e+02
769.002814879129232	3.011565e+02
770.000695695723266	3.011558e+02
771.001908310314093	3.011551e+02
772.000451383534937	3.011544e+02
773.002701190260268	3.011538e+02
774.002642122073894	3.011532e+02
775.000355659727234	3.011526e+02
776.002046585157245	3.011521e+02
777.001522955016981	3.011515e+02
778.00180349698212	3.011511e+02
779.002771984601395	3.011506e+02
780.001185110501751	3.011502e+02
781.00319743229079	3.011499e+02
782.002232213636148	3.011497e+02
783.001188886448972	3.011495e+02
784.003255546205992	3.011494e+02
785.002219793728614	3.011493e+02
786.001158568383971	3.011494e+02
787.003316917500229	3.011495e+02
788.002704594378315	3.011497e+02
789.00271448426497	3.011500e+02
790.000500667548181	3.011504e+02
791.002500263538991	3.011508e+02
792.002725685865471	3.011513e+02
793.00105867474349	3.011518e+02
794.003231696071794	3.011523e+02
795.00217995913124	3.011529e+02
796.00084706608186	3.011536e+02
797.002306898335519	3.011543e+02
798.002927238574671	3.011550e+02
799.002243828781616	3.011559e+02
800.003054315067516	3.011568e+02
801.002460660682232	3.011578e+02
802.000892962395938	3.011589e+02
803.001934847738767	3.011600e+02
804.003169944647311	3.011612e+02
805.002388934436453	3.011624e+02
806.003234727337826	3.011636e+02
807.002545599438463	3.011649e+02
808.003073222708849	3.011661e+02
809.000874104377317	3.011674e+02
810.001438329710822	3.011687e+02
811.000724192746475	3.011701e+02
812.001811350291405	3.011714e+02
813.001584911601981	3.011729e+02
814.002908985482577	3.011744e+02
815.002191484871446	3.011760e+02
816.002314479856636	3.011777e+02
817.00332833277696	3.011795e+02
818.002529831151037	3.011813e+02
819.001131780883725	3.011832e+02
820.000523859089185	3.011851e+02
821.001869303840294	3.011871e+02
822.002868431506272	3.011891e+02
823.000411490107126	3.011911e+02
824.0028538801796	3.011932e+02
825.002461246023586	3.011952e+02
826.001435673517904	3.011974e+02
827.002208727034031	3.011996e+02
828.001445324308861	3.012018e+02
829.002390080048144	3.012042e+02
830.002148734814114	3.012066e+02
831.000826182495416	3.012095e+02
832.001537229391602	3.012121e+02
833.001216019813	3.012149e+02
834.003190917930056	3.012177e+02
835.001989395335613	3.012205e+02
836.001743286915143	3.012235e+02
837.003373107716243	3.012264e+02
838.001002093433044	3.012294e+02
839.003459987333031	3.012325e+02
840.003430713911143	3.012355e+02
841.002418159342483	3.012385e+02
842.002211870593328	3.012415e+02
843.002180008750088	3.012445e+02
844.002438068635001	3.012476e+02
845.000793011167275	3.012507e+02
846.001309028500827	3.012538e+02
847.001631061249782	3.012570e+02
848.002215147460333	3.012604e+02
849.003267428542358	3.012638e+02
850.001817454202637	3.012673e+02
851.001087014212658	3.012710e+02
852.001262110688685	3.012747e+02
853.002413633490278	3.012786e+02
854.001328301809053	3.012825e+02
855.000761102739261	3.012865e+02
856.003344428627656	3.012905e+02
857.002309889664502	3.012946e+02
858.003216664270326	3.012987e+02
859.002624830092486	3.013029e+02
860.003605980601151	3.013072e+02
861.003401344148756	3.013115e+02
862.002563094513675	3.013159e+02
863.001530872641638	3.013203e+02
864.000700317348105	3.013249e+02
865.003313293546512	3.013296e+02
866.003356767872106	3.013343e+02
867.001023012084943	3.013391e+02
868.002636928759898	3.013440e+02
869.002242569296186	3.013490e+02
870.003085279427523	3.013539e+02
871.002109939725756	3.013590e+02
872.002160178441727	3.013640e+02
873.003025472852869	3.013691e+02
874.001489297933631	3.013742e+02
875.000624780896374	3.013793e+02
876.003448335902476	3.013845e+02
877.000696348402357	3.013897e+02
878.001714670755291	3.013950e+02
879.003434283216393	3.014003e+02
880.002683283840497	3.014056e+02
881.002490690940817	3.014110e+02
882.002786256044601	3.014164e+02
883.003502278200585	3.014219e+02
884.001434395993442	3.014273e+02
885.002711487432975	3.014329e+02
886.001032033246247	3.014385e+02
887.002544366582015	3.014441e+02
888.000944684132151	3.014498e+02
889.002396342678708	3.014555e+02
890.000618753914978	3.014613e+02
891.001783740825772	3.014671e+02
892.002770345493445	3.014730e+02
893.003675833668353	3.014789e+02
894.001387629840451	3.014849e+02
895.002060431334485	3.014909e+02
896.002626559788951	3.014970e+02
897.003166886834492	3.015032e+02
898.000697706219171	3.015093e+02
899.001597351107762	3.015156e+02
900.002855969314737	3.015219e+02
901.001417901727336	3.015283e+02
902.003387976814906	3.015347e+02
903.002316322866591	3.015412e+02
904.001083601684854	3.015478e+02
905.002646265454587	3.015544e+02
906.000680212167936	3.015611e+02
907.001284912299752	3.015679e+02
908.001389247912471	3.015747e+02
909.001035666576286	3.015816e+02
910.00327538986312	3.015885e+02
911.001875765191471	3.015954e+02
912.003106307705366	3.016023e+02
913.000856243580415	3.016092e+02
914.001473897186202	3.016161e+02
915.00197038977285	3.016230e+02
916.002480088463585	3.016299e+02
917.003175418013939	3.016368e+02
918.001154978512773	3.016436e+02
919.002780890790973	3.016505e+02
920.001970839005253	3.016573e+02
921.001792662861931	3.016641e+02
922.002242431891887	3.016709e+02
923.003325705800194	3.016777e+02
924.001889872689617	3.016845e+02
925.001010606068576	3.016912e+02
926.000614798014226	3.016980e+02
927.000610025928495	3.017048e+02
928.000912361917699	3.017116e+02
929.001423428644671	3.017184e+02
930.002075741685417	3.017252e+02
931.002801925375252	3.017320e+02
932.003559277147474	3.017388e+02
933.001189073474279	3.017456e+02
934.001916790502491	3.017524e+02
935.002605100673236	3.017592e+02
936.003245199902494	3.017661e+02
937.00073060252646	3.017729e+02
938.001305644134959	3.017797e+02
939.001860198591544	3.017866e+02
940.00239790379112	3.017934e+02
941.003049203138858	3.018003e+02
942.000721987728298	3.018071e+02
943.001717169443396	3.018140e+02
944.002980690410936	3.018208e+02
945.001446472388579	3.018277e+02
946.003373417922489	3.018346e+02
947.002540953530684	3.018415e+02
948.002102592354845	3.018484e+02
949.002085356271095	3.018553e+02
950.002506467018065	3.018623e+02
951.003348779662474	3.018692e+02
952.001454481089013	3.018761e+02
953.003035563060052	3.018831e+02
954.001730198534233	3.018900e+02
955.003686949937446	3.018970e+02
956.002527129743498	3.019039e+02
957.001277627833247	3.019108e+02
958.003006250370163	3.019178e+02
959.001414720833282	3.019247e+02
960.002803195521778	3.019316e+02
961.001021846665139	3.019384e+02
962.002396634821707	3.019453e+02
963.00066032161385	3.019522e+02
964.00202709809605	3.019590e+02
965.003277973423337	3.019658e+02
966.001226084614359	3.019726e+02
967.002191498685875	3.019793e+02
968.00304776235032	3.019861e+02
969.000721119208606	3.019928e+02
970.001393141118115	3.019994e+02
971.001882935806634	3.020061e+02
972.002177684074468	3.020127e+02
973.002301748764921	3.020192e+02
974.002370078503645	3.020258e+02
975.002394930143168	3.020323e+02
976.002339167009836	3.020388e+02
977.002162507659023	3.020452e+02
978.001813482118337	3.020516e+02
979.001134422533028	3.020580e+02
980.002919554395476	3.020644e+02
981.000606961811854	3.020708e+02
982.003505913686126	3.020771e+02
983.00181791128216	3.020834e+02
984.001349058570895	3.020897e+02
985.001602347983066	3.020960e+02
986.002470564833857	3.021022e+02
987.000854537495456	3.021084e+02
988.003032825013292	3.021146e+02
989.003063535239562	3.021208e+02
990.001434922612702	3.021270e+02
991.002391267030021	3.021333e+02
992.001546036526861	3.021395e+02
993.003297990259057	3.021458e+02
994.00201125158344	3.021520e+02
995.000691297246362	3.021582e+02
996.001783873725685	3.021644e+02
997.00140547548267	3.021705e+02
998.002432190761056	3.021766e+02
999.001687154285605	3.021826e+02
1000.00191621844351	3.021885e+02
1001.00283189907373	3.021944e+02
1002.00060388718168	3.022003e+02
1003.00081186425382	3.022063e+02
1004.00252417798117	3.022122e+02
1005.00197307532119	3.022182e+02
1006.00075950683595	3.022242e+02
1007.00257699695862	3.022303e+02
1008.00208667019081	3.022364e+02
1009.00251180237444	3.022424e+02
1010.00209634665237	3.022485e+02
1011.0012146989867	3.022546e+02
1012.00295841949662	3.022606e+02
1013.00319330624734	3.022666e+02
1014.00212498686972	3.022725e+02
1015.00296820055405	3.022784e+02
1016.00117863217952	3.022843e+02
1017.00253498261316	3.022900e+02
1018.0023968299779	3.022957e+02
1019.00277463253872	3.023013e+02
1020.00328151949839	3.023068e+02
1021.00359621137147	3.023122e+02
1022.00065885893866	3.023175e+02
1023.00065962189831	3.023227e+02
1024.00337906745654	3.023277e+02
1025.00245098171422	3.023327e+02
1026.00099754655275	3.023375e+02
1027.00240880945535	3.023422e+02
1028.00093163717361	3.023467e+02
1029.0029782870879	3.023512e+02
1030.00199114087263	3.023556e+02
1031.00065986500931	3.023598e+02
1032.00167760391946	3.023639e+02
1033.00174998570446	3.023679e+02
1034.00084892145287	3.023718e+02
1035.00166781321877	3.023755e+02
1036.00061858511458	3.023791e+02
1037.00066365714815	3.023826e+02
1038.00180786644819	3.023860e+02
1039.00088449431564	3.023893e+02
1040.00190462194496	3.023925e+02
1041.00265596289796	3.023957e+02
1042.00276474491579	3.023987e+02
1043.00286109343847	3.024017e+02
1044.00324138574661	3.024046e+02
1045.00083097906645	3.024074e+02
1046.00168551085881	3.024102e+02
1047.00277533897156	3.024130e+02
1048.00114866976378	3.024156e+02
1049.00306622568951	3.024183e+02
1050.00261191299478	3.024210e+02
1051.00302679643278	3.024236e+02
1052.00144633879745	3.024263e+02
1053.00104129627948	3.024289e+02
1054.00193152559746	3.024315e+02
1055.00125293848373	3.024341e+02
1056.00224356380886	3.024367e+02
1057.00187428441404	3.024393e+02
1058.0032167981733	3.024418e+02
1059.00314326797388	3.024444e+02
1060.00148889931256	3.024471e+02
1061.00115079236502	3.024497e+02
1062.00203217138846	3.024524e+02
1063.00087622301794	3.024550e+02
1064.00060583232221	3.024578e+02
1065.00093279664611	3.024605e+02
1066.00144327211069	3.024633e+02
1067.00218413223001	3.024660e+02
1068.00321772613734	3.024688e+02
1069.00187367949184	3.024715e+02
1070.00136163854336	3.024742e+02
1071.00160695590216	3.024768e+02
1072.00222106736942	3.024794e+02
1073.0030740719958	3.024820e+02
1074.00081942805468	3.024844e+02
1075.00137749029136	3.024868e+02
1076.00123372679377	3.024891e+02
1077.00287537065196	3.024913e+02
1078.00280081775941	3.024934e+02
1079.00093008910721	3.024954e+02
1080.00359652320731	3.024973e+02
1081.00199965798129	3.024991e+02
1082.00262678815807	3.025009e+02
1083.00197015411413	3.025026e+02
1084.00292111491922	3.025042e+02
1085.00251687526088	3.025058e+02
1086.00365577125194	3.025073e+02
1087.00276381062008	3.025087e+02
1088.00317467786635	3.025101e+02
1089.00217315374175	3.025114e+02
1090.00254347695818	3.025126e+02
1091.00146032995144	3.025138e+02
1092.00248189416448	3.025148e+02
1093.00270323251561	3.025159e+02
1094.00217950696606	3.025168e+02
1095.00108542190901	3.025176e+02
1096.00277240942069	3.025184e+02
1097.00149399889119	3.025191e+02
1098.00353891054647	3.025197e+02
1099.00302191591936	3.025203e+02
1100.0031924190971	3.025208e+02
1101.00109745446525	3.025213e+02
1102.00286802815162	3.025217e+02
1103.00248288825378	3.025221e+02
1104.00305595550117	3.025225e+02
1105.00167125263692	3.025228e+02
1106.00152244537389	3.025232e+02
1107.00266469433018	3.025235e+02
1108.00198836199661	3.025238e+02
1109.00259152205967	3.025241e+02
1110.00153548380604	3.025245e+02
1111.00199315118766	3.025249e+02
1112.00095412280803	3.025254e+02
1113.00144647627758	3.025259e+02
1114.00321738316802	3.025265e+02
1115.00281805293412	3.025272e+02
1116.0030004020764	3.025280e+02
1117.00355126839895	3.025289e+02
1118.00124104842143	3.025299e+02
1119.00226512305744	3.025309e+02
1120.00353760410917	3.025321e+02
1121.00201785298987	3.025333e+02
1122.0011085931576	3.025346e+02
1123.00117707106097	3.025358e+02
1124.0023207125937	3.025371e+02
1125.00122336093455	3.025384e+02
1126.0010339667167	3.025396e+02
1127.00119409088825	3.025407e+02
1128.00128602517543	3.025418e+02
1129.00097606657323	3.025428e+02
1130.00296087266065	3.025438e+02
1131.00068469384269	3.025447e+02
1132.00353442203345	3.025456e+02
1133.00230264653305	3.025465e+02
1134.0032191951218	3.025473e+02
1135.00292357143826	3.025480e+02
1136.00091115487339	3.025488e+02
1137.00315468552481	3.025494e+02
1138.00368047654115	3.025500e+02
1139.00235212617667	3.025505e+02
1140.00174708524287	3.025510e+02
1141.00222323411344	3.025513e+02
1142.00108465925746	3.025516e+02
1143.00108849110256	3.025517e+02
1144.00231917779547	3.025518e+02
1145.00253810075151	3.025518e+02
1146.00212111376413	3.025517e+02
1147.0010639804284	3.025516e+02
1148.00248395979088	3.025514e+02
1149.003542847061	3.025512e+02
1150.00139747334129	3.025509e+02
1151.00227599465074	3.025505e+02
1152.00332508641986	3.025502e+02
1153.00168243054554	3.025497e+02
1154.00362871657353	3.025493e+02
1155.00332027127797	3.025488e+02
1156.00107327869637	3.025483e+02
1157.0032678751752	3.025478e+02
1158.00095697716938	3.025472e+02
1159.00335660156429	3.025466e+02
1160.00128274393228	3.025460e+02
1161.00078793375565	3.025455e+02
1162.00177389930991	3.025449e+02
1163.00098567039231	3.025444e+02
1164.00137695473927	3.025440e+02
1165.00286944905429	3.025435e+02
1166.00224419822075	3.025432e+02
1167.00241918760707	3.025429e+02
1168.00323785585783	3.025427e+02
1169.00142172365622	3.025426e+02
1170.00296257835225	3.025425e+02
1171.001606486735	3.025425e+02
1172.00357566451453	3.025426e+02
1173.00270083673126	3.025428e+02
1174.00217272518557	3.025430e+02
1175.00205894705596	3.025432e+02
1176.00233346166169	3.025435e+02
1177.00299861621215	3.025437e+02
1178.0009561678703	3.025440e+02
1179.00201861725213	3.025443e+02
1180.00288363106847	3.025445e+02
1181.00359969509759	3.025447e+02
1182.00103020561369	3.025448e+02
1183.0010916865524	3.025449e+02
1184.00352355331461	3.025450e+02
1185.00212691140177	3.025451e+02
1186.00300845853417	3.025451e+02
1187.00295711337139	3.025450e+02
1188.00187670941614	3.025450e+02
1189.00258311722541	3.025448e+02
1190.00196181417209	3.025447e+02
1191.00311147502998	3.025445e+02
1192.00261066275289	3.025442e+02
1193.00064068766937	3.025439e+02
1194.00351959772865	3.025435e+02
1195.00200390774626	3.025430e+02
1196.00243809158633	3.025424e+02
1197.00195970407276	3.025418e+02
1198.00063957228076	3.025411e+02
1199.00160518941925	3.025403e+02
1200.0019123340328	3.025395e+02
1201.00168806618035	3.025386e+02
1202.00106546407892	3.025377e+02
1203.00326046632472	3.025367e+02
1204.00237618102801	3.025356e+02
1205.00162912116275	3.025346e+02
1206.00117266224788	3.025335e+02
1207.00117448764058	3.025323e+02
1208.00177592148657	3.025312e+02
1209.00314783225804	3.025300e+02
1210.00239711768268	3.025288e+02
1211.00265215883019	3.025276e+02
1212.00091579651962	3.025264e+02
1213.00331445207576	3.025252e+02
1214.00063827818849	3.025240e+02
1215.00200968644117	3.025229e+02
1216.00126139443796	3.025218e+02
1217.00139976545302	3.025207e+02
1218.00241695211139	3.025197e+02
1219.00120945597178	3.025188e+02
1220.0007974415762	3.025179e+02
1221.00112059544654	3.025171e+02
1222.00213990125189	3.025164e+02
1223.00069109094329	3.025157e+02
1224.00290525209334	3.025150e+02
1225.00255491272264	3.025144e+02
1226.00265594700386	3.025139e+02
1227.00309989418633	3.025134e+02
1228.0007109800124	3.025129e+02
1229.00160011516573	3.025125e+02
1230.00263467724221	3.025120e+02
1231.00064014976124	3.025116e+02
1232.00175246546769	3.025112e+02
1233.00274199274509	3.025107e+02
1234.00333178096707	3.025103e+02
1235.00351195044664	3.025098e+02
1236.00320585967256	3.025093e+02
1237.00207854941004	3.025088e+02
1238.00312423186483	3.025082e+02
1239.00338274042451	3.025076e+02
1240.00267015170539	3.025069e+02
1241.00090016009699	3.025062e+02
1242.00126556276314	3.025054e+02
1243.0006845139676	3.025045e+02
1244.00209321936336	3.025036e+02
1245.00254213314929	3.025026e+02
1246.00217798483459	3.025016e+02
1247.00104666955463	3.025005e+02
1248.00228742789795	3.024994e+02
1249.00288841123574	3.024982e+02
1250.0028967628532	3.024970e+02
1251.00238360077242	3.024957e+02
1252.00143264380563	3.024944e+02
1253.00319440550561	3.024931e+02
1254.00174674463437	3.024917e+02
1255.00333755618612	3.024903e+02
1256.00203002526791	3.024888e+02
1257.00097717459221	3.024874e+02
1258.00329434903028	3.024859e+02
1259.00290305328667	3.024844e+02
1260.00282115730374	3.024828e+02
1261.00301168135275	3.024813e+02
1262.00345319438088	3.024798e+02
1263.00109679267553	3.024782e+02
1264.0020548635232	3.024767e+02
1265.00328468526914	3.024751e+02
1266.00174298433967	3.024736e+02
1267.00354997661884	3.024720e+02
1268.0026355151133	3.024705e+02
1269.00211340494366	3.024690e+02
1270.00204522820786	3.024675e+02
1271.00248721946105	3.024660e+02
1272.00347928389419	3.024645e+02
1273.00197339832357	3.024631e+02
1274.00101360656322	3.024617e+02
1275.00362109004368	3.024603e+02
1276.00359814431863	3.024590e+02
1277.00090129440514	3.024577e+02
1278.00161353703334	3.024564e+02
1279.00260305920915	3.024552e+02
1280.00072735165554	3.024540e+02
1281.0020570931888	3.024529e+02
1282.00344082013567	3.024517e+02
1283.00173757114885	3.024506e+02
1284.00303764594969	3.024495e+02
1285.00115226367916	3.024483e+02
1286.00218653030902	3.024472e+02
1287.0030455113681	3.024460e+02
1288.00062602796197	3.024448e+02
1289.00102555618514	3.024436e+02
1290.00112903866011	3.024423e+02
1291.00088451929514	3.024410e+02
1292.00332108810676	3.024396e+02
1293.00229501269087	3.024382e+02
1294.00087589852023	3.024368e+02
1295.00214567761441	3.024353e+02
1296.0030674836089	3.024339e+02
1297.00366414399173	3.024324e+02
1298.00087852416709	3.024308e+02
1299.00081143756097	3.024293e+02
1300.0034516939636	3.024277e+02
1301.00271239993072	3.024261e+02
1302.00170446709581	3.024245e+02
1303.0035410008536	3.024229e+02
1304.00216599935015	3.024213e+02
1305.00067009892541	3.024196e+02
1306.00212978635614	3.024180e+02
1307.00349722801707	3.024163e+02
1308.00170533044843	3.024146e+02
1309.00284857092697	3.024128e+02
1310.00084533561244	3.024111e+02
1311.00183782284716	3.024094e+02
1312.00279862538105	3.024076e+02
1313.00069894050966	3.024058e+02
1314.00166128152341	3.024040e+02
1315.00264383461899	3.024021e+02
1316.00366131758324	3.024003e+02
1317.00170711419946	3.023984e+02
1318.00295712115008	3.023966e+02
1319.00139233313234	3.023947e+02
1320.00319358407683	3.023928e+02
1321.00230073243006	3.023909e+02
1322.00178526452805	3.023891e+02
1323.00162006283858	3.023872e+02
1324.00174617598395	3.023854e+02
1325.00209588041912	3.023835e+02
1326.00259915964421	3.023817e+02
1327.00319460973765	3.023799e+02
1328.00077167162044	3.023781e+02
1329.00141830739926	3.023764e+02
1330.00204420772502	3.023746e+02
1331.00260995896133	3.023729e+02
1332.00309060385393	3.023712e+02
1333.00347844149155	3.023695e+02
1334.00070045846223	3.023677e+02
1335.00085703453851	3.023659e+02
1336.00086354673817	3.023642e+02
1337.00070474386848	3.023623e+02
1338.00343152683786	3.023605e+02
1339.00292604516267	3.023586e+02
1340.00225510558948	3.023567e+02
1341.00143836314805	3.023547e+02
1342.00357123624349	3.023528e+02
1343.00258707247099	3.023508e+02
1344.00158008778976	3.023488e+02
1345.00363817476978	3.023468e+02
1346.0026819673767	3.023447e+02
1347.00180644403531	3.023427e+02
1348.00102857184424	3.023407e+02
1349.0033742662531	3.023387e+02
1350.00267565558079	3.023366e+02
1351.00193084410193	3.023346e+02
1352.00110401353822	3.023326e+02
1353.00322724564353	3.023306e+02
1354.00218551070725	3.023286e+02
1355.00103612062799	3.023266e+02
1356.00282631254231	3.023246e+02
1357.00142712828733	3.023225e+02
1358.00291292236511	3.023205e+02
1359.00113990459568	3.023184e+02
1360.0021808246197	3.023163e+02
1361.00294978367424	3.023141e+02
1362.00342600397312	3.023120e+02
1363.0036045651143	3.023098e+02
1364.00350849888059	3.023075e+02
1365.00317808824957	3.023053e+02
1366.00266619151557	3.023030e+02
1367.00205399018932	3.023007e+02
1368.00143727348313	3.022983e+02
1369.00093168259605	3.022960e+02
1370.00063786166652	3.022937e+02
1371.00064660017574	3.022913e+02
1372.00100430709335	3.022890e+02
1373.00171642747978	3.022867e+02
1374.00274184821615	3.022844e+02
1375.00094998827603	3.022821e+02
1376.00235937718708	3.022798e+02
1377.00080708132191	3.022776e+02
1378.0023728861479	3.022754e+02
1379.00090899188513	3.022732e+02
1380.00247872082537	3.022710e+02
1381.00093660058883	3.022688e+02
1382.00234978134222	3.022665e+02
1383.00362867410945	3.022643e+02
1384.00167909357242	3.022621e+02
1385.0025561302873	3.022598e+02
1386.00315765439154	3.022575e+02
1387.00343849746673	3.022551e+02
1388.00338931892452	3.022527e+02
1389.00302618658293	3.022503e+02
1390.00237815881269	3.022478e+02
1391.00149667386108	3.022454e+02
1392.00350421821963	3.022429e+02
1393.00242356000808	3.022403e+02
1394.00141165073865	3.022378e+02
1395.00360389250545	3.022353e+02
1396.0030104186294	3.022328e+02
1397.00272444664233	3.022303e+02
1398.00275549932553	3.022278e+02
1399.0030576059803	3.022253e+02
1400.00356804190551	3.022229e+02
1401.00119184759842	3.022204e+02
1402.00199200620114	3.022180e+02
1403.00286905098119	3.022156e+02
1404.0007248466884	3.022133e+02
1405.00163300228064	3.022109e+02
1406.00251314985144	3.022085e+02
1407.00331111525043	3.022061e+02
1408.00089432518439	3.022036e+02
1409.00128693362558	3.022012e+02
1410.00137202566589	3.021987e+02
1411.00110867674016	3.021961e+02
1412.00350878135782	3.021936e+02
1413.00245283602317	3.021909e+02
1414.00099298750865	3.021883e+02
1415.00220001174694	3.021856e+02
1416.00309005621421	3.021828e+02
1417.00071316300159	3.021801e+02
1418.00124818849804	3.021773e+02
1419.0017872711901	3.021746e+02
1420.00247184709769	3.021718e+02
1421.00341410397618	3.021691e+02
1422.00163579234891	3.021664e+02
1423.0032479400204	3.021636e+02
1424.00215307778058	3.021610e+02
1425.00137970816127	3.021583e+02
1426.00089530811442	3.021557e+02
1427.00064991867043	3.021531e+02
1428.00365981219284	3.021505e+02
1429.00074519010877	3.021480e+02
1430.00099643469116	3.021454e+02
1431.00127381732796	3.021428e+02
1432.00146880544798	3.021402e+02
1433.00149077475885	3.021376e+02
1434.00125314283105	3.021349e+02
1435.00068860437	3.021322e+02
1436.00278678220388	3.021295e+02
1437.00141213202573	3.021267e+02
1438.00263375981967	3.021238e+02
1439.00343054000655	3.021210e+02
1440.00080488475442	3.021181e+02
1441.00089392872019	3.021151e+02
1442.00077379568984	3.021122e+02
1443.00360757870385	3.021092e+02
1444.00344065363515	3.021063e+02
1445.00342619655476	3.021033e+02
1446.00363846117762	3.021004e+02
1447.00109390545231	3.020976e+02
1448.00191401715415	3.020947e+02
1449.00307917558325	3.020919e+02
1450.00155471456719	3.020891e+02
1451.00343791299292	3.020863e+02
1452.00261787581371	3.020835e+02
1453.00209784716662	3.020808e+02
1454.00180624566656	3.020781e+02
1455.00163550735965	3.020753e+02
1456.00147613445006	3.020726e+02
1457.00122286215469	3.020698e+02
1458.00076963074184	3.020670e+02
1459.00304483395394	3.020641e+02
1460.00185885875794	3.020612e+02
1461.00324891293303	3.020583e+02
1462.00110493872512	3.020553e+02
1463.0015413844701	3.020523e+02
1464.00158639062693	3.020492e+02
1465.00134185743264	3.020461e+02
1466.00090990078661	3.020430e+02
1467.00343581382072	3.020398e+02
1468.00296741374495	3.020367e+02
1469.00265284729312	3.020336e+02
1470.00257467218307	3.020305e+02
1471.00280367721393	3.020275e+02
1472.00339836944954	3.020245e+02
1473.00136392558784	3.020215e+02
1474.00281384657092	3.020185e+02
1475.00164391338626	3.020156e+02
1476.00087252008325	3.020127e+02
1477.00350732529773	3.020099e+02
1478.0033772732445	3.020070e+02
1479.00345240542651	3.020041e+02
1480.00361523244828	3.020012e+02
1481.0006711607225	3.019983e+02
1482.00360639764881	3.019954e+02
1483.00314984313013	3.019924e+02
1484.00222287391557	3.019893e+02
1485.00363745553295	3.019862e+02
1486.00122717275303	3.019831e+02
1487.00112365043037	3.019798e+02
1488.00356804256126	3.019766e+02
1489.00274221563905	3.019733e+02
1490.00181184958319	3.019700e+02
1491.0010149743996	3.019667e+02
1492.00348766740217	3.019634e+02
1493.00323522623967	3.019601e+02
1494.0033571272063	3.019568e+02
1495.0008592632505	3.019536e+02
1496.00185638584139	3.019504e+02
1497.00334171162581	3.019473e+02
1498.00229149826055	3.019441e+02
1499.00174715104299	3.019411e+02
1500.00166522032123	3.019380e+02
1501.00199420837816	3.019350e+02
1502.0026867350723	3.019320e+02
1503.00364695537041	3.019290e+02
1504.00177401667042	3.019260e+02
1505.00305731152707	3.019230e+02
1506.00116140201408	3.019199e+02
1507.00181787812926	3.019168e+02
1508.00182088515544	3.019136e+02
1509.00120139123533	3.019104e+02
1510.00295682042201	3.019071e+02
1511.00090190988612	3.019037e+02
1512.00144533981188	3.019003e+02
1513.00169961610504	3.018969e+02
1514.00184442329078	3.018934e+02
1515.00217203386751	3.018899e+02
1516.00283876818389	3.018864e+02
1517.0009337450474	3.018829e+02
1518.00275536922641	3.018795e+02
1519.00219913728961	3.018760e+02
1520.00215539635496	3.018726e+02
1521.0026336415167	3.018693e+02
1522.000646345733	3.018660e+02
1523.00242420307745	3.018627e+02
1524.00185530697945	3.018595e+02
1525.00173138095556	3.018563e+02
1526.00191836386875	3.018531e+02
1527.00243471291992	3.018499e+02
1528.00297362864239	3.018467e+02
1529.00330083529411	3.018434e+02
1530.00342087490503	3.018402e+02
1531.0034259547142	3.018369e+02
1532.00322022526166	3.018336e+02
1533.00274839256576	3.018302e+02
1534.00203966983509	3.018268e+02
1535.00103996325265	3.018233e+02
1536.00291842571664	3.018197e+02
1537.00177892778242	3.018162e+02
1538.00072730914803	3.018126e+02
1539.00285440731363	3.018089e+02
1540.00224901025945	3.018053e+02
1541.00215774338949	3.018017e+02
1542.00258653157152	3.017981e+02
1543.00355791091579	3.017944e+02
1544.00209963221664	3.017909e+02
1545.00130387957211	3.017873e+02
1546.0011515456531	3.017838e+02
1547.00159667572439	3.017804e+02
1548.0025481711275	3.017769e+02
1549.00091706657599	3.017735e+02
1550.00291196631406	3.017702e+02
1551.00234016247055	3.017668e+02
1552.00208698386723	3.017635e+02
1553.00205936346856	3.017602e+02
1554.00219262175415	3.017569e+02
1555.00237713282036	3.017536e+02
1556.00251538357293	3.017502e+02
1557.00250595693774	3.017469e+02
1558.00225915078454	3.017436e+02
1559.00170665422456	3.017403e+02
1560.00082163290335	3.017370e+02
1561.00263421750606	3.017336e+02
1562.0008923382909	3.017303e+02
1563.00172484606446	3.017269e+02
1564.0020521210954	3.017236e+02
1565.00185953810228	3.017202e+02
1566.00114200794587	3.017169e+02
1567.00296547361745	3.017136e+02
1568.00121382075986	3.017103e+02
1569.00206302013748	3.017070e+02
1570.00246431923733	3.017037e+02
1571.00250210289505	3.017005e+02
1572.00225702264993	3.016973e+02
1573.0018010775259	3.016941e+02
1574.00119828306015	3.016909e+02
1575.00356505411833	3.016881e+02
1576.00281768640889	3.016850e+02
1577.00198042827992	3.016819e+02
1578.0009952948119	3.016788e+02
1579.00293389023659	3.016758e+02
1580.00170651380608	3.016727e+02
1581.00322876968607	3.016697e+02
1582.0013346988892	3.016667e+02
1583.00222220974592	3.016637e+02
1584.00282434830228	3.016607e+02
1585.00302888436408	3.016578e+02
1586.00277386154789	3.016548e+02
1587.00206203999414	3.016519e+02
1588.00394498484548	3.016490e+02
1589.0024127783181	3.016461e+02
1590.00365377975504	3.016433e+02
1591.0015967088666	3.016404e+02
1592.00228020421105	3.016376e+02
1593.00264353590092	3.016348e+02
1594.00269172294952	3.016320e+02
1595.00242390175799	3.016293e+02
1596.00184248690766	3.016266e+02
1597.00398228362519	3.016238e+02
1598.00276443827534	3.016212e+02
1599.00122129079546	3.016185e+02
1600.00237763441646	3.016159e+02
1601.00319821667131	3.016133e+02
1602.00370571700819	3.016107e+02
1603.00390245248127	3.016081e+02
1604.00376521223802	3.016055e+02
1605.00329206165566	3.016029e+02
1606.0025159845834	3.016004e+02
1607.00148172239324	3.015978e+02
1608.00327332476832	3.015953e+02
1609.00191758397523	3.015928e+02
1610.00354424381044	3.015903e+02
1611.00218322110459	3.015878e+02
1612.00397723646097	3.015853e+02
1613.00296800290789	3.015829e+02
1614.00228060299787	3.015805e+02
1615.00204185197776	3.015781e+02
1616.00238411944338	3.015758e+02
1617.00348408325544	3.015735e+02
1618.00256218014829	3.015712e+02
1619.00297204431899	3.015690e+02
1620.00195847478562	3.015669e+02
1621.00284668586892	3.015647e+02
1622.00292210598741	3.015627e+02
1623.00249223689821	3.015606e+02
1624.00162792642141	3.015587e+02
1625.00331795595275	3.015568e+02
1626.00101595508772	3.015550e+02
1627.00373509303722	3.015532e+02
1628.00217502124588	3.015516e+02
1629.00238940534973	3.015500e+02
1630.00111946785728	3.015486e+02
1631.00118910473589	3.015472e+02
1632.00215569341935	3.015460e+02
1633.00384722930471	3.015449e+02
1634.00236622895659	3.015439e+02
1635.00294861513839	3.015430e+02
1636.00203598802341	3.015423e+02
1637.00342781247582	3.015417e+02
1638.00210091305712	3.015411e+02
1639.00135665298194	3.015407e+02
1640.00099522822552	3.015403e+02
1641.00387698027021	3.015398e+02
1642.00097826438855	3.015394e+02
1643.00195755298591	3.015389e+02
1644.00395274828406	3.015384e+02
1645.00398819461816	3.015378e+02
1646.00106092622764	3.015373e+02
1647.00309248095118	3.015367e+02
1648.00255703067205	3.015362e+02
1649.00166774862464	3.015358e+02
1650.00360828671614	3.015354e+02
1651.00331065691239	3.015350e+02
1652.00215795380905	3.015348e+02
1653.0039233001005	3.015345e+02
1654.00234101480578	3.015343e+02
1655.00395164799966	3.015340e+02
1656.0035423930683	3.015337e+02
1657.00203373062118	3.015334e+02
1658.00347566025425	3.015330e+02
1659.00216409111704	3.015326e+02
1660.00377600459842	3.015322e+02
1661.00361077856314	3.015318e+02
1662.0026077001155	3.015315e+02
1663.00276534592967	3.015312e+02
1664.00383138604229	3.015310e+02
1665.00272686986568	3.015308e+02
1666.00264821346968	3.015307e+02
1667.0035509231202	3.015307e+02
1668.0029224684265	3.015308e+02
1669.00189978269486	3.015309e+02
1670.00194063693607	3.015311e+02
1671.00150594967954	3.015313e+02
1672.00180495243126	3.015315e+02
1673.00320326782412	3.015318e+02
1674.00208398469454	3.015320e+02
1675.00098817245271	3.015323e+02
1676.00268078651015	3.015325e+02
1677.00250748766894	3.015328e+02
1678.00181110628773	3.015331e+02
1679.00150702979181	3.015334e+02
1680.00173058618043	3.015339e+02
1681.00294975292104	3.015344e+02
1682.00206581566113	3.015351e+02
1683.00165939570638	3.015359e+02
1684.00107164544443	3.015368e+02
1685.00323089769927	3.015378e+02
1686.00305104409495	3.015389e+02
1687.00280335939669	3.015399e+02
1688.0020253592661	3.015410e+02
1689.00248021049606	3.015421e+02
1690.00131293622144	3.015431e+02
1691.00093711928207	3.015440e+02
1692.00326207874468	3.015449e+02
1693.00387138486099	3.015457e+02
1694.00146745727125	3.015464e+02
1695.00103530651518	3.015471e+02
1696.0017959438635	3.015478e+02
1697.00362051483353	3.015486e+02
1698.00378261443166	3.015495e+02
1699.00279691420747	3.015505e+02
1700.00395983445355	3.015517e+02
1701.00094743687714	3.015530e+02
1702.00282607096915	3.015544e+02
1703.00394802378582	3.015560e+02
1704.00196145786344	3.015576e+02
1705.00384705698298	3.015594e+02
1706.00120037687657	3.015612e+02
1707.00102988355616	3.015631e+02
1708.00358956172022	3.015650e+02
1709.00175125395162	3.015669e+02
1710.0029627590759	3.015688e+02
1711.0026149797975	3.015707e+02
1712.00313614542006	3.015726e+02
1713.00134747958168	3.015745e+02
1714.0009521674956	3.015764e+02
1715.00300195752834	3.015785e+02
1716.00215066209216	3.015807e+02
1717.00164083140453	3.015830e+02
1718.00122929522195	3.015854e+02
1719.00362040185246	3.015880e+02
1720.0024427131666	3.015906e+02
1721.00106723497288	3.015934e+02
1722.00316771049916	3.015962e+02
1723.00311457179919	3.015992e+02
1724.00133124472291	3.016021e+02
1725.00360524914959	3.016051e+02
1726.00262616063242	3.016081e+02
1727.00339183874917	3.016111e+02
1728.00167962688238	3.016140e+02
1729.00325014239434	3.016169e+02
1730.00238102850494	3.016199e+02
1731.00322372087589	3.016230e+02
1732.00357240501557	3.016261e+02
1733.00397528446388	3.016294e+02
1734.00160148254758	3.016329e+02
1735.00266568417055	3.016365e+02
1736.00092990606868	3.016403e+02
1737.00255662228983	3.016442e+02
1738.00135813073985	3.016482e+02
1739.00330961132886	3.016523e+02
1740.00213573366318	3.016564e+02
1741.00393132496197	3.016606e+02
1742.00224565305552	3.016647e+02
1743.00278091001474	3.016689e+02
1744.00191947325538	3.016732e+02
1745.00256469348733	3.016774e+02
1746.00200246150257	3.016817e+02
1747.00110060013708	3.016861e+02
1748.00398376306407	3.016906e+02
1749.00224075175265	3.016953e+02
1750.00236926942694	3.017000e+02
1751.00125299661659	3.017048e+02
1752.00163890799945	3.017097e+02
1753.00308159247174	3.017147e+02
1754.0020822749284	3.017197e+02
1755.00163324996993	3.017247e+02
1756.00145719116267	3.017297e+02
1757.0013168273374	3.017348e+02
1758.00118034637808	3.017398e+02
1759.0011848074123	3.017449e+02
1760.00162657825649	3.017499e+02
1761.00275137187759	3.017550e+02
1762.00145583864605	3.017601e+02
1763.00377454418845	3.017652e+02
1764.00322356058541	3.017703e+02
1765.0027003538919	3.017754e+02
1766.00212995682978	3.017806e+02
1767.00148181787426	3.017859e+02
1768.00390098883418	3.017912e+02
1769.00320986309202	3.017965e+02
1770.00250939572993	3.018018e+02
1771.00176887888119	3.018072e+02
1772.00098030828531	3.018127e+02
1773.00322394082013	3.018181e+02
1774.00228420785152	3.018236e+02
1775.00127752960725	3.018291e+02
1776.00334197788516	3.018347e+02
1777.00238122788596	3.018402e+02
1778.00156277654605	3.018457e+02
1779.00093989739753	3.018513e+02
1780.00364069873763	3.018568e+02
1781.00347709780931	3.018624e+02
1782.00356123323172	3.018680e+02
1783.00389241726384	3.018736e+02
1784.00137161602356	3.018792e+02
1785.00222161281135	3.018848e+02
1786.00333806718436	3.018905e+02
1787.00157487645311	3.018961e+02
1788.00315318587718	3.019019e+02
1789.00179008930741	3.019076e+02
1790.00366513663994	3.019134e+02
1791.00248584951851	3.019192e+02
1792.00131845898954	3.019250e+02
1793.0032404910005	3.019309e+02
1794.00199788860118	3.019368e+02
1795.00381344917082	3.019427e+02
1796.00246218757388	3.019486e+02
1797.00107305072902	3.019545e+02
1798.00277248246721	3.019605e+02
1799.00136762745046	3.019665e+02
1800.00310695060784	3.019725e+02
1801.00182074635541	3.019785e+02
1802.0037889158707	3.019845e+02
1803.00287394699217	3.019906e+02
1804.00224538064253	3.019966e+02
1805.0019677575624	3.020022e+02
1806.00207840668804	3.020082e+02
1807.00261150506913	3.020143e+02
1808.00358667906039	3.020204e+02
1809.00188485499893	3.020264e+02
1810.00374071500801	3.020325e+02
1811.00288338800533	3.020386e+02
1812.0023715852135	3.020447e+02
1813.0021602204265	3.020508e+02
1814.00220382981593	3.020569e+02
1815.00242436449412	3.020630e+02
1816.00278019035613	3.020691e+02
1817.00320220057233	3.020753e+02
1818.00364328695105	3.020814e+02
1819.00408061882013	3.020875e+02
1820.00454697031614	3.020936e+02
1821.00196080233877	3.020997e+02
1822.00265116225296	3.021057e+02
1823.00358575158452	3.021118e+02
1824.0017270273654	3.021179e+02
1825.00336524162162	3.021240e+02
1826.00216892588537	3.021301e+02
1827.00438396493814	3.021361e+02
1828.00359454539193	3.021422e+02
1829.00282475741869	3.021482e+02
1830.00193039516239	3.021542e+02
1831.00393868587912	3.021602e+02
1832.00255084486457	3.021662e+02
1833.00398824509557	3.021721e+02
1834.00194455951009	3.021780e+02
1835.00260963254914	3.021839e+02
1836.00286253025365	3.021897e+02
1837.00267156969926	3.021956e+02
1838.00195695328421	3.022013e+02
1839.00362734034229	3.022071e+02
1840.00425249655609	3.022128e+02
1841.00348596549975	3.022185e+02
1842.00420816935002	3.022242e+02
1843.00327183324089	3.022299e+02
1844.003687940595	3.022355e+02
1845.00222290489273	3.022412e+02
1846.0018427759519	3.022468e+02
1847.00267529382768	3.022524e+02
1848.00187412965261	3.022580e+02
1849.00285286473104	3.022637e+02
1850.00334263826539	3.022693e+02
1851.00452073212637	3.022750e+02
1852.0044344264943	3.022806e+02
1853.0037224414898	3.022863e+02
1854.00235015013573	3.022919e+02
1855.00302848490855	3.022975e+02
1856.00238121821599	3.023031e+02
1857.00332047106963	3.023086e+02
1858.00247468769135	3.023141e+02
1859.00256482382974	3.023196e+02
1860.00328912156647	3.023251e+02
1861.00444491675671	3.023305e+02
1862.0027352241068	3.023360e+02
1863.00393650064666	3.023414e+02
1864.0043805374753	3.023469e+02
1865.00325113163763	3.023524e+02
1866.0028042915817	3.023579e+02
1867.00361886124415	3.023634e+02
1868.00195293622937	3.023689e+02
1869.00351186087914	3.023744e+02
1870.00405586066586	3.023798e+02
1871.00450771577061	3.023852e+02
1872.0024256125464	3.023905e+02
1873.00246998776538	3.023957e+02
1874.0019010168221	3.024008e+02
1875.00237350819179	3.024058e+02
1876.00276025318703	3.024108e+02
1877.00411714831671	3.024157e+02
1878.00321238834977	3.024205e+02
1879.00290457517281	3.024252e+02
1880.00275983993811	3.024299e+02
1881.00208903972066	3.024345e+02
1882.0033437297061	3.024390e+02
1883.00396936558059	3.024435e+02
1884.00157500150567	3.024478e+02
1885.00247460380137	3.024521e+02
1886.00366219516877	3.024562e+02
1887.00179878443646	3.024603e+02
1888.00263284862422	3.024643e+02
1889.0028940611603	3.024681e+02
1890.00243121911149	3.024719e+02
1891.00433630390194	3.024757e+02
1892.00273974271227	3.024793e+02
1893.00364917560887	3.024828e+02
1894.00372086765856	3.024863e+02
1895.00308910829449	3.024896e+02
1896.00173056942435	3.024929e+02
1897.0023411988052	3.024961e+02
1898.00181879669867	3.024992e+02
1899.00336286115407	3.025023e+02
1900.00396318582102	3.025053e+02
1901.0040574421605	3.025082e+02
1902.00407755308902	3.025110e+02
1903.00400766749863	3.025137e+02
1904.00415798860331	3.025163e+02
1905.00165599891238	3.025189e+02
1906.00271551605942	3.025214e+02
1907.00436196124133	3.025238e+02
1908.00353070255414	3.025261e+02
1909.00323906217659	3.025284e+02
1910.00353199449091	3.025307e+02
1911.00446086238935	3.025330e+02
1912.00305147801078	3.025353e+02
1913.00244707756474	3.025375e+02
1914.00275239533335	3.025398e+02
1915.00405408023767	3.025421e+02
1916.00335314426707	3.025444e+02
1917.0037963363086	3.025466e+02
1918.00225830297495	3.025489e+02
1919.00178458419055	3.025513e+02
1920.00234709975257	3.025536e+02
1921.00391288434389	3.025560e+02
1922.00319428666921	3.025583e+02
1923.0030761107887	3.025607e+02
1924.00332029110973	3.025631e+02
1925.00398993784461	3.025654e+02
1926.00225036644269	3.025677e+02
1927.00445475535525	3.025701e+02
1928.00437015983402	3.025723e+02
1929.0018861234762	3.025745e+02
1930.00307137984851	3.025766e+02
1931.00455710961614	3.025787e+02
1932.00298902639793	3.025808e+02
1933.00431690133382	3.025828e+02
1934.00205477570125	3.025847e+02
1935.00212679103947	3.025866e+02
1936.00449771597437	3.025884e+02
1937.00299818711255	3.025902e+02
1938.00375690711053	3.025919e+02
1939.00354710049623	3.025936e+02
1940.00196592715861	3.025952e+02
1941.00463099080662	3.025967e+02
1942.00200739011302	3.025981e+02
1943.00323996451743	3.025994e+02
1944.00248343033809	3.026005e+02
1945.00296465924725	3.026016e+02
1946.0017035364242	3.026026e+02
1947.00249266497531	3.026034e+02
1948.00286575895302	3.026042e+02
1949.0028467826146	3.026049e+02
1950.00234455789814	3.026056e+02
1951.0044587191046	3.026062e+02
1952.00315040825717	3.026068e+02
1953.00451350526373	3.026073e+02
1954.00257411397979	3.026079e+02
1955.00371976740394	3.026084e+02
1956.00224333341203	3.026088e+02
1957.00452424992341	3.026093e+02
1958.00169058164374	3.026097e+02
1959.00308963199018	3.026101e+02
1960.00274541681119	3.026105e+02
1961.00380825907109	3.026109e+02
1962.00320754357881	3.026112e+02
1963.00398668998264	3.026115e+02
1964.00303648737213	3.026118e+02
1965.00332816371383	3.026122e+02
1966.00165244017217	3.026125e+02
1967.00401244637533	3.026128e+02
1968.00405634937101	3.026132e+02
1969.00166583721125	3.026136e+02
1970.00297470661667	3.026141e+02
1971.00173037967124	3.026146e+02
1972.00401757328336	3.026151e+02
1973.00359335633971	3.026157e+02
1974.00347528044495	3.026163e+02
1975.0034723651861	3.026170e+02
1976.00335569005665	3.026178e+02
1977.00311079162589	3.026185e+02
1978.00289387403041	3.026194e+02
1979.00269217143068	3.026202e+02
1980.00249713429957	3.026211e+02
1981.00237000054403	3.026220e+02
1982.00225131264119	3.026229e+02
1983.00218255536197	3.026238e+02
1984.0022910291168	3.026246e+02
1985.00221433673892	3.026253e+02
1986.00164821770659	3.026260e+02
1987.00372639876878	3.026267e+02
1988.00216425490157	3.026272e+02
1989.00294737829881	3.026277e+02
1990.00332288659547	3.026282e+02
1991.00349784698847	3.026286e+02
1992.00326233793453	3.026289e+02
1993.00216797025746	3.026292e+02
1994.00320645938268	3.026295e+02
1995.00330580796685	3.026298e+02
1996.00186048067826	3.026301e+02
1997.00188445299455	3.026303e+02
1998.00368913981492	3.026305e+02
1999.00438699605411	3.026306e+02
2000.00408837307464	3.026306e+02
2001.00292062551307	3.026306e+02
2002.00410173816636	3.026305e+02
2003.00168178945319	3.026303e+02
2004.00186723919637	3.026300e+02
2005.0017074130028	3.026297e+02
2006.00438721023534	3.026293e+02
2007.00391307974905	3.026288e+02
2008.00343518328918	3.026283e+02
2009.00305888123899	3.026278e+02
2010.00293417539797	3.026272e+02
2011.00311370253871	3.026265e+02
2012.00360803832336	3.026259e+02
2013.00453445997346	3.026252e+02
2014.00295894388546	3.026245e+02
2015.00205260658731	3.026238e+02
2016.00194855576683	3.026231e+02
2017.00266987055375	3.026223e+02
2018.00423761640536	3.026216e+02
2019.00364693151528	3.026209e+02
2020.00398907527006	3.026203e+02
2021.00220095872078	3.026196e+02
2022.00443307870478	3.026190e+02
2023.0045543028109	3.026185e+02
2024.00255620635016	3.026181e+02
2025.00457425183572	3.026177e+02
2026.00433587006341	3.026174e+02
2027.0017139765298	3.026171e+02
2028.00282928472893	3.026169e+02
2029.00456924781702	3.026168e+02
2030.00383657854809	3.026167e+02
2031.0036979616882	3.026167e+02
2032.00395930273589	3.026166e+02
2033.00458556907211	3.026166e+02
2034.00244893860759	3.026166e+02
2035.00376922683881	3.026166e+02
2036.00226999116762	3.026165e+02
2037.00379272742839	3.026165e+02
2038.00197667930888	3.026164e+02
2039.00283374336732	3.026163e+02
2040.00310565245445	3.026162e+02
2041.00246702921186	3.026162e+02
2042.00400594404005	3.026161e+02
2043.00458624316093	3.026159e+02
2044.00391751552843	3.026157e+02
2045.00180818728654	3.026155e+02
2046.00449723498605	3.026152e+02
2047.00278852046949	3.026148e+02
2048.00263724057686	3.026143e+02
2049.00403632260304	3.026138e+02
2050.00435440435513	3.026132e+02
2051.00399564529926	3.026125e+02
2052.00307943767802	3.026117e+02
2053.00165291171015	3.026108e+02
2054.0027519712562	3.026100e+02
2055.00334710324751	3.026090e+02
2056.00348601801852	3.026081e+02
2057.00325894060188	3.026071e+02
2058.00275207185632	3.026061e+02
2059.00202320473772	3.026051e+02
2060.0042101880872	3.026040e+02
2061.00343081449728	3.026029e+02
2062.00299422078842	3.026018e+02
2063.00307675064232	3.026007e+02
2064.00379573041482	3.025995e+02
2065.00218469816764	3.025983e+02
2066.00436793143081	3.025972e+02
2067.00414255751912	3.025960e+02
2068.00441078585436	3.025948e+02
2069.00202889936918	3.025936e+02
2070.00308633966097	3.025924e+02
2071.00450120014557	3.025912e+02
2072.00322691155907	3.025901e+02
2073.0023745996732	3.025889e+02
2074.00197149869382	3.025878e+02
2075.00200216106941	3.025867e+02
2076.00248003765864	3.025855e+02
2077.00346145492085	3.025844e+02
2078.00192100838194	3.025833e+02
2079.00408926282671	3.025823e+02
2080.00387799449936	3.025812e+02
2081.00434004878525	3.025803e+02
2082.00230085405428	3.025793e+02
2083.00372108345891	3.025784e+02
2084.00222294022433	3.025776e+02
2085.00377317781522	3.025768e+02
2086.0020907489311	3.025760e+02
2087.00328457062551	3.025753e+02
2088.00425096237313	3.025747e+02
2089.00192937849806	3.025740e+02
2090.00255121764394	3.025734e+02
2091.00311164942559	3.025727e+02
2092.00363676508641	3.025720e+02
2093.00410261071738	3.025712e+02
2094.00445511110456	3.025704e+02
2095.00158583908524	3.025696e+02
2096.00159087243674	3.025687e+02
2097.0043724603529	3.025677e+02
2098.00372230964058	3.025667e+02
2099.00276161945612	3.025656e+02
2100.00451629239205	3.025645e+02
2101.00280193047638	3.025634e+02
2102.00378748605635	3.025623e+02
2103.00437360059914	3.025612e+02
2104.00448710790943	3.025600e+02
2105.00399929333707	3.025589e+02
2106.00283071800004	3.025578e+02
2107.00407856468655	3.025566e+02
2108.00169238417857	3.025555e+02
2109.00191177891747	3.025542e+02
2110.00179636896064	3.025530e+02
2111.00448343307426	3.025517e+02
2112.00388533313844	3.025504e+02
2113.0029998904497	3.025490e+02
2114.00174280135207	3.025476e+02
2115.00317293381886	3.025462e+02
2116.00426001570168	3.025447e+02
2117.00194653782319	3.025431e+02
2118.00237461603001	3.025416e+02
2119.00258586578639	3.025400e+02
2120.00264215417565	3.025384e+02
2121.00259529249342	3.025367e+02
2122.00256830670105	3.025350e+02
2123.0027265497497	3.025333e+02
2124.00324058753404	3.025316e+02
2125.00430743074412	3.025299e+02
2126.00300290499081	3.025282e+02
2127.0024701198231	3.025264e+02
2128.00275908070216	3.025247e+02
2129.00380787318272	3.025231e+02
2130.00238422303164	3.025214e+02
2131.0044470010821	3.025198e+02
2132.00378113734814	3.025183e+02
2133.00337135104655	3.025167e+02
2134.00318125145486	3.025153e+02
2135.00320164766026	3.025139e+02
2136.00339106189995	3.025125e+02
2137.00369957207295	3.025112e+02
2138.00410289164665	3.025099e+02
2139.00460845453517	3.025085e+02
2140.00216716211207	3.025072e+02
2141.00293551649202	3.025059e+02
2142.00386280754128	3.025045e+02
2143.00188556219473	3.025031e+02
2144.00314077422081	3.025016e+02
2145.0045406575241	3.025002e+02
2146.00298114174848	3.024986e+02
2147.00459160774881	3.024971e+02
2148.00319912648183	3.024956e+02
2149.00187012776632	3.024941e+02
2150.00367233066891	3.024925e+02
2151.00244577663489	3.024910e+02
2152.00419646574119	3.024896e+02
2153.00258871997994	3.024881e+02
2154.00358066179251	3.024867e+02
2155.00401201703471	3.024853e+02
2156.00388442743406	3.024838e+02
2157.00330085730229	3.024824e+02
2158.00236216872781	3.024810e+02
2159.00417005876943	3.024795e+02
2160.00254406447038	3.024780e+02
2161.00352128067152	3.024764e+02
2162.00393331215582	3.024747e+02
2163.00368108612429	3.024730e+02
2164.00273752110024	3.024712e+02
2165.00412757645836	3.024694e+02
2166.00173870018716	3.024675e+02
2167.0017722315979	3.024655e+02
2168.00438469785013	3.024635e+02
2169.00359221328426	3.024615e+02
2170.00253634568844	3.024594e+02
2171.00443685624896	3.024573e+02
2172.00339604186729	3.024551e+02
2173.0025900780206	3.024530e+02
2174.00225633066975	3.024509e+02
2175.00257625229324	3.024488e+02
2176.00361026259725	3.024467e+02
2177.00228677414907	3.024446e+02
2178.00459070449097	3.024426e+02
2179.00428632834837	3.024406e+02
2180.00429663544128	3.024386e+02
2181.0045326080708	3.024367e+02
2182.0018808436771	3.024348e+02
2183.00247236328323	3.024330e+02
2184.00322705783265	3.024312e+02
2185.00404352914256	3.024294e+02
2186.00172232379919	3.024275e+02
2187.0022621404114	3.024257e+02
2188.00252700731608	3.024239e+02
2189.00248788458157	3.024220e+02
2190.00210118408495	3.024200e+02
2191.00440766305837	3.024180e+02
2192.003360300444	3.024160e+02
2193.00216305301956	3.024139e+02
2194.00402166062622	3.024117e+02
2195.00295608236183	3.024096e+02
2196.00215718164418	3.024074e+02
2197.00170143279365	3.024052e+02
2198.00167359595571	3.024031e+02
2199.00215185598699	3.024010e+02
2200.00309629085496	3.023989e+02
2201.0043407724088	3.023969e+02
2202.00256325524151	3.023949e+02
2203.0036907879753	3.023930e+02
2204.00463330923458	3.023911e+02
2205.00239251971425	3.023892e+02
2206.0031775972775	3.023873e+02
2207.00397673213502	3.023855e+02
2208.00170384854027	3.023836e+02
2209.00237441679337	3.023817e+02
2210.00277946935057	3.023797e+02
2211.00272273795827	3.023777e+02
2212.00205207386261	3.023756e+02
2213.00369321717881	3.023734e+02
2214.00452244874714	3.023712e+02
2215.0045781451895	3.023689e+02
2216.00395508402971	3.023665e+02
2217.00280755413087	3.023641e+02
2218.00438954354604	3.023616e+02
2219.00284423745143	3.023591e+02
2220.00442394770107	3.023567e+02
2221.00321567804986	3.023542e+02
2222.00247279086398	3.023517e+02
2223.00236369795903	3.023493e+02
2224.00295796383352	3.023469e+02
2225.00419660579928	3.023449e+02
2226.00292817788159	3.023426e+02
2227.00520997976673	3.023403e+02
2228.00480401433197	3.023381e+02
2229.00465817799477	3.023359e+02
2230.0047273748728	3.023338e+02
2231.00500193555399	3.023317e+02
2232.00547215547931	3.023296e+02
2233.00300533767449	3.023275e+02
2234.00352618248462	3.023254e+02
2235.00371788235998	3.023233e+02
2236.00334683766278	3.023211e+02
2237.00530297922887	3.023188e+02
2238.00337946603668	3.023165e+02
2239.00363483045885	3.023140e+02
2240.00303311835296	3.023115e+02
2241.00473039265444	3.023089e+02
2242.00589026127	3.023063e+02
2243.00369599149963	3.023036e+02
2244.00441130682793	3.023010e+02
2245.00523432312775	3.022983e+02
2246.00341420506584	3.022956e+02
2247.0052385494846	3.022930e+02
2248.00471179635724	3.022904e+02
2249.00480886580999	3.022879e+02
2250.00541273131876	3.022854e+02
2251.00338090736204	3.022829e+02
2252.00479061334499	3.022806e+02
2253.00351723724725	3.022783e+02
2254.00564911977881	3.022760e+02
2255.00507654897183	3.022737e+02
2256.00482967160042	3.022714e+02
2257.00479897912783	3.022692e+02
2258.00475589366079	3.022669e+02
2259.00441490884896	3.022645e+02
2260.00347845558372	3.022621e+02
2261.00476123299586	3.022596e+02
2262.00487896409277	3.022571e+02
2263.00349920678354	3.022544e+02
2264.00365358526869	3.022517e+02
2265.00572455227211	3.022489e+02
2266.00418444876095	3.022460e+02
2267.00556920287863	3.022431e+02
2268.00404430092931	3.022402e+02
2269.00583344123106	3.022373e+02
2270.005039483171	3.022344e+02
2271.00491551831101	3.022315e+02
2272.00562515621186	3.022287e+02
2273.0040721713417	3.022259e+02
2274.00320680805362	3.022232e+02
2275.00298038727487	3.022206e+02
2276.00334754694541	3.022180e+02
2277.00423836460732	3.022155e+02
2278.0056773551928	3.022130e+02
2279.00466131403437	3.022106e+02
2280.00417331321933	3.022082e+02
2281.00406121163905	3.022058e+02
2282.00410218871002	3.022034e+02
2283.00401673432407	3.022009e+02
2284.00353103820453	3.021984e+02
2285.0052119543052	3.021958e+02
2286.00549047503682	3.021931e+02
2287.00406935797582	3.021903e+02
2288.00413078863039	3.021875e+02
2289.00292144018431	3.021845e+02
2290.00383449916353	3.021815e+02
2291.00429324407287	3.021784e+02
2292.00483217547844	3.021753e+02
2293.00571767857218	3.021722e+02
2294.00405584932423	3.021691e+02
2295.00304263253702	3.021661e+02
2296.00583934960787	3.021630e+02
2297.00335125727042	3.021601e+02
2298.00466096476248	3.021572e+02
2299.00367470425181	3.021544e+02
2300.00337983635745	3.021516e+02
2301.00372456009927	3.021490e+02
2302.00475237105184	3.021463e+02
2303.00344539800653	3.021438e+02
2304.00583250393311	3.021412e+02
2305.00561247194128	3.021387e+02
2306.00563094710333	3.021361e+02
2307.00572123459733	3.021335e+02
2308.0055051066297	3.021309e+02
2309.00431329608773	3.021281e+02
2310.00463375132449	3.021253e+02
2311.00330435788692	3.021223e+02
2312.00351985298721	3.021193e+02
2313.00542690391057	3.021162e+02
2314.00301292993254	3.021130e+02
2315.00316654763719	3.021098e+02
2316.0033789005588	3.021065e+02
2317.00396577661058	3.021032e+02
2318.00513653751432	3.021000e+02
2319.00397905354612	3.020967e+02
2320.00355835834671	3.020935e+02
2321.00393681689047	3.020904e+02
2322.00517847237325	3.020873e+02
2323.00421168565663	3.020844e+02
2324.00403208474381	3.020815e+02
2325.00461341591244	3.020786e+02
2326.00593210683928	3.020758e+02
2327.0049155335978	3.020731e+02
2328.00455840919221	3.020704e+02
2329.00465880840966	3.020678e+02
2330.00510616701058	3.020651e+02
2331.00573079070182	3.020623e+02
2332.0059180039284	3.020595e+02
2333.00505367951109	3.020567e+02
2334.005872058759	3.020537e+02
2335.0052192543244	3.020507e+02
2336.00322631509835	3.020475e+02
2337.00304637635554	3.020443e+02
2338.00482422594359	3.020410e+02
2339.00303247527336	3.020376e+02
2340.00440189669007	3.020342e+02
2341.00308350227306	3.020308e+02
2342.0052521967641	3.020274e+02
2343.00502148772694	3.020240e+02
2344.00556488352959	3.020207e+02
2345.00389349305624	3.020174e+02
2346.00307136597667	3.020142e+02
2347.00312525445997	3.020110e+02
2348.00403497348589	3.020079e+02
2349.00573906591444	3.020049e+02
2350.00508659575735	3.020020e+02
2351.00503905225014	3.019991e+02
2352.00554408633388	3.019962e+02
2353.00359656550108	3.019933e+02
2354.00499715546539	3.019905e+02
2355.00316516131761	3.019876e+02
2356.00397581984726	3.019846e+02
2357.00411723782918	3.019816e+02
2358.00349564900489	3.019785e+02
2359.00507241039259	3.019753e+02
2360.00577629216104	3.019721e+02
2361.0058593405106	3.019688e+02
2362.00544985170427	3.019654e+02
2363.00470589587985	3.019620e+02
2364.00386271127854	3.019585e+02
2365.0030214402077	3.019550e+02
2366.00551043747464	3.019515e+02
2367.00553809879329	3.019480e+02
2368.00317545579446	3.019445e+02
2369.00468470837086	3.019411e+02
2370.00401547468482	3.019377e+02
2371.00417601705567	3.019344e+02
2372.00517433125196	3.019311e+02
2373.00393850556338	3.019279e+02
2374.00341960376772	3.019247e+02
2375.00359046470749	3.019215e+02
2376.00428175403385	3.019184e+02
2377.00525905881432	3.019152e+02
2378.00344311633626	3.019121e+02
2379.00489002739505	3.019090e+02
2380.00350179186262	3.019059e+02
2381.00555243140116	3.019027e+02
2382.00475889290283	3.018995e+02
2383.00401227854809	3.018962e+02
2384.0032826701613	3.018929e+02
2385.00562048833035	3.018896e+02
2386.00484292080637	3.018862e+02
2387.00406082031168	3.018828e+02
2388.003325439729	3.018794e+02
2389.0058392700621	3.018760e+02
2390.00552670055686	3.018726e+02
2391.00545158879868	3.018692e+02
2392.00573896252445	3.018658e+02
2393.00330315940346	3.018625e+02
2394.00424103788782	3.018591e+02
2395.00553340352553	3.018558e+02
2396.00417458977245	3.018525e+02
2397.00327217477616	3.018493e+02
2398.00592739277999	3.018461e+02
2399.00290345801977	3.018429e+02
2400.0034100097123	3.018398e+02
2401.00433366032212	3.018367e+02
2402.00568241182737	3.018337e+02
2403.00440184864647	3.018306e+02
2404.00351877884532	3.018276e+02
2405.00295787553796	3.018246e+02
2406.00584453607644	3.018216e+02
2407.00287580488839	3.018186e+02
2408.00330702281872	3.018156e+02
2409.00403720289978	3.018126e+02
2410.00504746100796	3.018096e+02
2411.00320149302524	3.018066e+02
2412.00467335287203	3.018036e+02
2413.00322644171638	3.018006e+02
2414.00499421249515	3.017976e+02
2415.00371833709778	3.017947e+02
2416.00553295406462	3.017917e+02
2417.00413466372447	3.017887e+02
2418.00564493302272	3.017858e+02
2419.00380450544799	3.017829e+02
2420.00476570227556	3.017800e+02
2421.00537887064547	3.017770e+02
2422.00559618802936	3.017741e+02
2423.00537649036687	3.017712e+02
2424.00468269976727	3.017683e+02
2425.00347978886384	3.017654e+02
2426.00483110546202	3.017625e+02
2427.00564958512541	3.017596e+02
2428.00587275563748	3.017567e+02
2429.00545292856486	3.017537e+02
2430.00438873110079	3.017508e+02
2431.00562798879082	3.017478e+02
2432.00307362513831	3.017449e+02
2433.00299935091425	3.017419e+02
2434.00515821212957	3.017388e+02
2435.00336891398001	3.017358e+02
2436.00387310823771	3.017328e+02
2437.00360716648765	3.017297e+02
2438.00563855250857	3.017266e+02
2439.00385283640708	3.017236e+02
2440.00442833798616	3.017205e+02
2441.0043713388327	3.017174e+02
2442.00379070406279	3.017143e+02
2443.00581041699979	3.017112e+02
2444.00431153678073	3.017081e+02
2445.00534488058338	3.017050e+02
2446.00292850521919	3.017019e+02
2447.00316455464599	3.016988e+02
2448.00591726962148	3.016957e+02
2449.00522303294792	3.016927e+02
2450.00426651423322	3.016896e+02
2451.00306955997166	3.016865e+02
2452.00463256655848	3.016835e+02
2453.00585934145465	3.016805e+02
2454.00369277951768	3.016775e+02
2455.00421739138346	3.016745e+02
2456.00439379181807	3.016715e+02
2457.00423679143887	3.016686e+02
2458.00376368239768	3.016657e+02
2459.00299019684917	3.016628e+02
2460.00496420549007	3.016600e+02
2461.00362105846671	3.016572e+02
2462.00503848851531	3.016544e+02
2463.00314879904954	3.016517e+02
2464.0040100288752	3.016489e+02
2465.00459920190133	3.016462e+02
2466.00493591528539	3.016436e+02
2467.0050139887353	3.016409e+02
2468.00484196510024	3.016383e+02
2469.00444080822399	3.016357e+02
2470.00383558634485	3.016332e+02
2471.00305962632319	3.016306e+02
2472.00518898565133	3.016281e+02
2473.00423672436909	3.016256e+02
2474.00329726473819	3.016231e+02
2475.0054454942865	3.016207e+02
2476.00467663901873	3.016183e+02
2477.00409025851604	3.016159e+02
2478.00377377973928	3.016135e+02
2479.00384070763766	3.016112e+02
2480.00443741116032	3.016089e+02
2481.00572436035782	3.016067e+02
2482.00489519246094	3.016044e+02
2483.00530102428138	3.016022e+02
2484.00425763376006	3.016001e+02
2485.00510258478653	3.015980e+02
2486.00510326670292	3.015960e+02
2487.00459082435782	3.015940e+02
2488.00372340057902	3.015920e+02
2489.00551918831115	3.015901e+02
2490.00346916402987	3.015884e+02
2491.00338499808004	3.015867e+02
2492.00523767842697	3.015850e+02
2493.00581430764032	3.015835e+02
2494.00496810915047	3.015821e+02
2495.00552824759689	3.015808e+02
2496.00394547957376	3.015796e+02
2497.0031349817591	3.015785e+02
2498.00534597574324	3.015775e+02
2499.00334067680296	3.015767e+02
2500.00301802242075	3.015760e+02
2501.00498248068379	3.015754e+02
2502.00417909629869	3.015749e+02
2503.00411487143037	3.015745e+02
2504.00457990407904	3.015741e+02
2505.0052348578356	3.015737e+02
2506.00326856247193	3.015733e+02
2507.00528397961489	3.015728e+02
2508.00542162150077	3.015723e+02
2509.00349574222082	3.015717e+02
2510.00458979767154	3.015712e+02
2511.00431109472129	3.015706e+02
2512.00439807297744	3.015701e+02
2513.00395066943838	3.015697e+02
2514.00311567955941	3.015693e+02
2515.00303181834079	3.015689e+02
2516.00500973071803	3.015686e+02
2517.00365138726374	3.015683e+02
2518.00519978497323	3.015681e+02
2519.00380698135814	3.015678e+02
2520.00353653420962	3.015675e+02
2521.00532916723023	3.015672e+02
2522.00394179058048	3.015668e+02
2523.00299265127296	3.015664e+02
2524.0050745321123	3.015660e+02
2525.00532504045805	3.015657e+02
2526.00447079200603	3.015653e+02
2527.00474861270641	3.015651e+02
2528.00288030317188	3.015648e+02
2529.00501452648496	3.015647e+02
2530.00498697047578	3.015646e+02
2531.00288929599719	3.015645e+02
2532.00560714785115	3.015646e+02
2533.00501655949756	3.015647e+02
2534.00568840924507	3.015649e+02
2535.00290152039724	3.015651e+02
2536.0038420456226	3.015654e+02
2537.00579523990336	3.015656e+02
2538.00515720012299	3.015659e+02
2539.00431693496421	3.015662e+02
2540.00301371660453	3.015664e+02
2541.00309353407783	3.015667e+02
2542.00548241701154	3.015670e+02
2543.00500934220418	3.015673e+02
2544.0051391588745	3.015678e+02
2545.00311508205368	3.015683e+02
2546.00520452969295	3.015690e+02
2547.00462781784699	3.015698e+02
2548.00384848931799	3.015707e+02
2549.00585065348514	3.015717e+02
2550.00572064848711	3.015728e+02
2551.00584840136935	3.015738e+02
2552.00571232535958	3.015749e+02
2553.00376397992932	3.015759e+02
2554.00325311356073	3.015769e+02
2555.00349538770024	3.015778e+02
2556.00319945055207	3.015787e+02
2557.00409516010131	3.015794e+02
2558.0048117354836	3.015802e+02
2559.00397773294526	3.015808e+02
2560.00420099055964	3.015815e+02
2561.00554845605302	3.015823e+02
2562.00532852892457	3.015832e+02
2563.00407798910373	3.015842e+02
2564.00504302454965	3.015854e+02
2565.00497491346368	3.015867e+02
2566.0036856398392	3.015881e+02
2567.00488544290283	3.015897e+02
2568.00308683506	3.015913e+02
2569.0052731284909	3.015931e+02
2570.00307216015881	3.015949e+02
2571.00340922561691	3.015968e+02
2572.00318159810013	3.015986e+02
2573.00435175268058	3.016005e+02
2574.00494417203026	3.016024e+02
2575.00376233198631	3.016043e+02
2576.00335985104493	3.016061e+02
2577.00384371971631	3.016080e+02
2578.005961281076	3.016100e+02
2579.0046295515167	3.016121e+02
2580.00366845931831	3.016143e+02
2581.00314089227095	3.016166e+02
2582.00590651092762	3.016190e+02
2583.0053737261801	3.016216e+02
2584.00449508346082	3.016243e+02
2585.00351191073605	3.016270e+02
2586.00294001663951	3.016299e+02
2587.00328131519382	3.016328e+02
2588.00463639174541	3.016358e+02
2589.00341031673906	3.016387e+02
2590.00484807571866	3.016417e+02
2591.00461165491561	3.016447e+02
2592.00481054185002	3.016476e+02
2593.00521261747554	3.016506e+02
2594.00333088018442	3.016536e+02
2595.00323492777989	3.016567e+02
2596.00559013573502	3.016599e+02
2597.00469878548529	3.016633e+02
2598.00393344112354	3.016668e+02
2599.00347763497621	3.016705e+02
2600.00348025249241	3.016743e+02
2601.00391688388299	3.016783e+02
2602.00462653508293	3.016824e+02
2603.00543100534424	3.016865e+02
2604.0031397638918	3.016906e+02
2605.00370202567728	3.016948e+02
2606.00368202211848	3.016990e+02
2607.00573665518596	3.017032e+02
2608.00341542573869	3.017075e+02
2609.0029542563484	3.017118e+02
2610.00501528350014	3.017162e+02
2611.00445016761842	3.017206e+02
2612.00523219991874	3.017252e+02
2613.00474081068796	3.017298e+02
2614.00292969484008	3.017346e+02
2615.00570324624778	3.017394e+02
2616.0034743848596	3.017442e+02
2617.0052253156291	3.017492e+02
2618.00468794004564	3.017541e+02
2619.00454069008492	3.017590e+02
2620.00443875207611	3.017640e+02
2621.00439223414787	3.017689e+02
2622.00461046176724	3.017739e+02
2623.00531967470306	3.017788e+02
2624.00347522610446	3.017838e+02
2625.00518088131503	3.017889e+02
2626.00403830485357	3.017939e+02
2627.00299616739585	3.017990e+02
2628.00508216280332	3.018041e+02
2629.00408748958853	3.018092e+02
2630.00313861837549	3.018144e+02
2631.00536434316518	3.018196e+02
2632.00458765117764	3.018249e+02
2633.00392502158911	3.018302e+02
2634.00339158614088	3.018355e+02
2635.00300791528616	3.018409e+02
2636.00590678656908	3.018463e+02
2637.00588525413013	3.018517e+02
2638.00293277677429	3.018572e+02
2639.00323790328412	3.018626e+02
2640.00367881867487	3.018681e+02
2641.00426682057696	3.018736e+02
2642.00500559181046	3.018791e+02
2643.00589743993123	3.018846e+02
2644.00380892930571	3.018901e+02
2645.00496157834186	3.018956e+02
2646.00312303372402	3.019011e+02
2647.00449417896425	3.019066e+02
2648.00597518583618	3.019122e+02
2649.00438689121393	3.019178e+02
2650.00592959315009	3.019234e+02
2651.00432156933311	3.019290e+02
2652.00574948399344	3.019347e+02
2653.00398275755333	3.019404e+02
2654.0052444282428	3.019461e+02
2655.00334764521949	3.019518e+02
2656.00454612604608	3.019575e+02
2657.00578233601209	3.019633e+02
2658.00399315034247	3.019691e+02
2659.00543751393434	3.019749e+02
2660.00391886151328	3.019808e+02
2661.00569325139577	3.019867e+02
2662.00457192484328	3.019925e+02
2663.00370139127153	3.019984e+02
2664.00311896134917	3.020043e+02
2665.00596754739536	3.020103e+02
2666.00291605824395	3.020162e+02
2667.00331240592732	3.020221e+02
2668.0040361405172	3.020281e+02
2669.00506214543475	3.020341e+02
2670.00325638567438	3.020400e+02
2671.00484153608704	3.020460e+02
2672.00357230492091	3.020520e+02
2673.00568446548596	3.020580e+02
2674.00492253554103	3.020640e+02
2675.00436991124934	3.020700e+02
2676.00402607419846	3.020760e+02
2677.00382259966773	3.020820e+02
2678.0037282115386	3.020880e+02
2679.00371900750224	3.020940e+02
2680.00374726342352	3.021000e+02
2681.00382673523745	3.021060e+02
2682.00396529942373	3.021120e+02
2683.00421545420022	3.021179e+02
2684.00461782255525	3.021239e+02
2685.00526818558683	3.021299e+02
2686.00307088902673	3.021359e+02
2687.0042948911746	3.021419e+02
2688.00585693002085	3.021478e+02
2689.00460672838017	3.021538e+02
2690.0035120532234	3.021597e+02
2691.00569073592442	3.021656e+02
2692.00472894810173	3.021715e+02
2693.00359644966375	3.021774e+02
2694.00535368498731	3.021832e+02
2695.00364057753904	3.021890e+02
2696.00468651565961	3.021948e+02
2697.00527381748952	3.022006e+02
2698.00540190192987	3.022064e+02
2699.00497579769581	3.022121e+02
2700.00388010487177	3.022178e+02
2701.00514319320428	3.022234e+02
2702.00547809766022	3.022291e+02
2703.00463747611548	3.022347e+02
2704.00544101041396	3.022403e+02
2705.00471549887152	3.022459e+02
2706.00556610548892	3.022514e+02
2707.00486682625933	3.022570e+02
2708.00571649383255	3.022625e+02
2709.00504992729293	3.022681e+02
2710.00299077878572	3.022736e+02
2711.00297686683825	3.022791e+02
2712.00567176628238	3.022847e+02
2713.00582338344884	3.022902e+02
2714.0044186220648	3.022958e+02
2715.00501563401986	3.023013e+02
2716.00447462576176	3.023068e+02
2717.00563878416187	3.023123e+02
2718.00521652157568	3.023177e+02
2719.00320705446256	3.023231e+02
2720.00566494473424	3.023285e+02
2721.00287166953876	3.023338e+02
2722.00385672492439	3.023392e+02
2723.00536470264524	3.023445e+02
2724.00419573616273	3.023498e+02
2725.00319246395202	3.023551e+02
2726.00500364441086	3.023605e+02
2727.00292373241882	3.023658e+02
2728.00267722431954	3.023710e+02
2729.00332891998642	3.023764e+02
2730.00468737763276	3.023817e+02
2731.00450260031994	3.023870e+02
2732.00468224812494	3.023922e+02
2733.00379001906367	3.023974e+02
2734.00424493364017	3.024025e+02
2735.00448607341514	3.024075e+02
2736.00282498310526	3.024125e+02
2737.00175431663592	3.024173e+02
2738.00198219127105	3.024220e+02
2739.0045087895237	3.024266e+02
2740.00365440956602	3.024312e+02
2741.00268749043335	3.024357e+02
2742.00453637381088	3.024401e+02
2743.00220644104684	3.024444e+02
2744.00461910601098	3.024487e+02
2745.00309530262984	3.024530e+02
2746.00451758463259	3.024571e+02
2747.00296541449234	3.024611e+02
2748.00463418637855	3.024651e+02
2749.00316117591865	3.024690e+02
2750.00446219967262	3.024727e+02
2751.00209059662893	3.024764e+02
2752.00213575161979	3.024800e+02
2753.00167158962768	3.024836e+02
2754.00370862004593	3.024871e+02
2755.0021990440323	3.024905e+02
2756.00354702627146	3.024938e+02
2757.00462840876571	3.024971e+02
2758.00225191160416	3.025003e+02
2759.00268333962504	3.025035e+02
2760.00298694444655	3.025066e+02
2761.00298049801086	3.025096e+02
2762.00257151156893	3.025126e+02
2763.00195130594602	3.025156e+02
2764.00436504291929	3.025184e+02
2765.00383954066729	3.025212e+02
2766.00353509603747	3.025240e+02
2767.00365768327356	3.025266e+02
2768.00440988913761	3.025292e+02
2769.00290045541851	3.025317e+02
2770.00232394414161	3.025342e+02
2771.00268510759042	3.025366e+02
2772.00388943710232	3.025390e+02
2773.00270141047849	3.025414e+02
2774.00211534172195	3.025437e+02
2775.00210665917712	3.025461e+02
2776.00266829587736	3.025484e+02
2777.0038033556657	3.025507e+02
2778.00236964591704	3.025531e+02
2779.00447221479271	3.025554e+02
2780.00385561624626	3.025578e+02
2781.00344547602663	3.025601e+02
2782.00313559245797	3.025625e+02
2783.00299836527074	3.025648e+02
2784.00315872109877	3.025672e+02
2785.00376012766537	3.025695e+02
2786.00174590440611	3.025718e+02
2787.00324963171397	3.025741e+02
2788.00202175776531	3.025762e+02
2789.0041029894669	3.025784e+02
2790.00341473169237	3.025804e+02
2791.00286063143403	3.025824e+02
2792.00218044824896	3.025842e+02
2793.00454115875982	3.025861e+02
2794.00393875315422	3.025878e+02
2795.00336742086529	3.025895e+02
2796.00284947861428	3.025912e+02
2797.0021636679503	3.025929e+02
2798.00411368051346	3.025946e+02
2799.00238684952865	3.025962e+02
2800.00290688149789	3.025979e+02
2801.00229231750927	3.025995e+02
2802.00367845720803	3.026010e+02
2803.00401326841165	3.026025e+02
2804.00313658349205	3.026040e+02
2805.00389455854975	3.026053e+02
2806.0032842197802	3.026065e+02
2807.00457887066341	3.026076e+02
2808.0046635380113	3.026086e+02
2809.00379886035489	3.026095e+02
2810.00259643972868	3.026102e+02
2811.00435147860753	3.026109e+02
2812.00317209263767	3.026115e+02
2813.00243073358024	3.026121e+02
2814.00225405321908	3.026126e+02
2815.00258192735555	3.026131e+02
2816.00324421309688	3.026136e+02
2817.00415047742081	3.026140e+02
2818.00229413851139	3.026145e+02
2819.00389330061853	3.026149e+02
2820.00287175149106	3.026154e+02
2821.00234300793727	3.026159e+02
2822.00237763645509	3.026164e+02
2823.00306685198984	3.026169e+02
2824.004550280903	3.026174e+02
2825.0039020462641	3.026179e+02
2826.00426671334071	3.026184e+02
2827.0026029228984	3.026189e+02
2828.00191878662781	3.026194e+02
2829.00201888741867	3.026200e+02
2830.00276911013088	3.026206e+02
2831.00411175360932	3.026213e+02
2832.00294257939731	3.026220e+02
2833.0023006318952	3.026227e+02
2834.00213185830944	3.026234e+02
2835.00229377892765	3.026241e+02
2836.00252786206329	3.026248e+02
2837.00282025795605	3.026256e+02
2838.00340968963292	3.026263e+02
2839.00449015493859	3.026270e+02
2840.00271436547791	3.026277e+02
2841.00404856395289	3.026284e+02
2842.001954826766	3.026292e+02
2843.00224188905759	3.026299e+02
2844.00173923293642	3.026306e+02
2845.0034941027352	3.026314e+02
2846.00421056402229	3.026321e+02
2847.00379536071114	3.026327e+02
2848.00240522389004	3.026333e+02
2849.00307620137983	3.026338e+02
2850.00250335892088	3.026343e+02
2851.00387480977088	3.026346e+02
2852.00440896016744	3.026349e+02
2853.00420693611068	3.026350e+02
2854.00342992121523	3.026351e+02
2855.00253029578516	3.026351e+02
2856.00174443151627	3.026350e+02
2857.00407818632266	3.026349e+02
2858.00326497603373	3.026348e+02
2859.00227828906009	3.026346e+02
2860.00416165468414	3.026344e+02
2861.002690882347	3.026343e+02
2862.00391250133953	3.026341e+02
2863.00171321110656	3.026339e+02
2864.00239447975127	3.026337e+02
2865.00308919625104	3.026335e+02
2866.00389721596503	3.026332e+02
2867.00182909594878	3.026330e+02
2868.00307714531937	3.026327e+02
2869.00463912123951	3.026323e+02
2870.00353060004863	3.026320e+02
2871.00280968988	3.026316e+02
2872.00248758878161	3.026312e+02
2873.0026416570563	3.026307e+02
2874.00330269690585	3.026303e+02
2875.00442138608332	3.026299e+02
2876.00290499783932	3.026294e+02
2877.00180007960944	3.026289e+02
2878.00413981759266	3.026285e+02
2879.00378969626536	3.026280e+02
2880.00384836070134	3.026275e+02
2881.00434978802241	3.026271e+02
2882.00227603947133	3.026266e+02
2883.00385561459598	3.026262e+02
2884.00290102581994	3.026258e+02
2885.00233245639402	3.026255e+02
2886.00192127046103	3.026251e+02
2887.00452903563792	3.026249e+02
2888.00375006750073	3.026247e+02
2889.00257773598196	3.026245e+02
2890.00415797286814	3.026243e+02
2891.00249877453962	3.026242e+02
2892.00403766621639	3.026241e+02
2893.00284882540063	3.026240e+02
2894.00212260353192	3.026239e+02
2895.0016896348211	3.026237e+02
2896.00438120472336	3.026235e+02
2897.00370193684421	3.026233e+02
2898.00272385892049	3.026230e+02
2899.00168053407742	3.026226e+02
2900.00400086833997	3.026222e+02
2901.00360460337242	3.026218e+02
2902.00355951432039	3.026213e+02
2903.00352180293112	3.026209e+02
2904.00317367100251	3.026204e+02
2905.00255275526342	3.026200e+02
2906.00449664444068	3.026196e+02
2907.00263409741319	3.026192e+02
2908.002945890928	3.026187e+02
2909.0022788022593	3.026183e+02
2910.00370413138853	3.026178e+02
2911.00425004582303	3.026173e+02
2912.00405687686452	3.026168e+02
2913.00329842978408	3.026162e+02
2914.00214202826282	3.026155e+02
2915.00362635789588	3.026147e+02
2916.0045070232959	3.026139e+02
2917.00460347673334	3.026130e+02
2918.0038322929131	3.026120e+02
2919.00228582761702	3.026110e+02
2920.00320681331414	3.026099e+02
2921.00365770539702	3.026089e+02
2922.00386486684556	3.026077e+02
2923.00419688961438	3.026066e+02
2924.00176354393625	3.026054e+02
2925.00270238726307	3.026042e+02
2926.00398283051027	3.026029e+02
2927.00251602054641	3.026017e+02
2928.00453040628372	3.026004e+02
2929.00416009256787	3.025992e+02
2930.00448684537969	3.025979e+02
2931.00235213335463	3.025967e+02
2932.00386069654269	3.025955e+02
2933.00284194254209	3.025944e+02
2934.00229991934339	3.025932e+02
2935.00230367097856	3.025922e+02
2936.00293689930049	3.025911e+02
2937.00421735529335	3.025901e+02
2938.00301847548781	3.025892e+02
2939.00238324267548	3.025883e+02
2940.00235307501589	3.025874e+02
2941.0028996792812	3.025865e+02
2942.00394748280269	3.025857e+02
2943.00239776860826	3.025848e+02
2944.00440269744649	3.025839e+02
2945.0037200348911	3.025830e+02
2946.00336285330695	3.025821e+02
2947.00330138985237	3.025812e+02
2948.00345707312363	3.025803e+02
2949.00369469928319	3.025794e+02
2950.00390481648265	3.025785e+02
2951.00389049977593	3.025777e+02
2952.00359580487884	3.025768e+02
2953.00285917519477	3.025760e+02
2954.00452299091921	3.025753e+02
2955.00225306261655	3.025745e+02
2956.00213505967167	3.025737e+02
2957.00433619621981	3.025729e+02
2958.00293766214691	3.025721e+02
2959.00411600946018	3.025712e+02
2960.00169220061616	3.025703e+02
2961.00173367806974	3.025693e+02
2962.00414395683038	3.025682e+02
2963.00273286564743	3.025670e+02
2964.00357080666163	3.025658e+02
2965.00361467149105	3.025644e+02
2966.00303086602889	3.025631e+02
2967.00203715080943	3.025617e+02
2968.00387795920324	3.025602e+02
2969.00259838936745	3.025587e+02
2970.00434506932243	3.025572e+02
2971.00299577438773	3.025557e+02
2972.00469721059289	3.025541e+02
2973.00336476921575	3.025526e+02
2974.00210783604234	3.025511e+02
2975.00413868584337	3.025495e+02
2976.0035142059678	3.025480e+02
2977.00334754411051	3.025465e+02
2978.00355010610974	3.025450e+02
2979.00401704297929	3.025434e+02
2980.00464728521365	3.025419e+02
2981.00240781331968	3.025405e+02
2982.003459995291	3.025390e+02
2983.00467730118362	3.025375e+02
2984.00290499793709	3.025361e+02
2985.00423576441608	3.025347e+02
2986.00255149658324	3.025332e+02
2987.00393762726981	3.025318e+02
2988.0022008545925	3.025303e+02
2989.00343779861987	3.025288e+02
2990.00462151368583	3.025272e+02
2991.00276427774497	3.025257e+02
2992.00408740396915	3.025240e+02
2993.00256923452662	3.025224e+02
2994.0043984697968	3.025208e+02
2995.00354736675854	3.025192e+02
2996.00317971552977	3.025175e+02
2997.00325434395472	3.025159e+02
2998.00368004228267	3.025144e+02
2999.00430128388825	3.025128e+02
3000.00179019528696	3.025114e+02
3001.0020707608187	3.025099e+02
3002.00195972128768	3.025085e+02
3003.0045487591633	3.025071e+02
3004.00383637497998	3.025058e+02
3005.00297966111521	3.025044e+02
3006.0020011023953	3.025030e+02
3007.0039681256153	3.025017e+02
3008.00277266076137	3.025002e+02
