# Region type : patch sidenode3U_0_Outlet_0
#   Faces  : 202
#   Area   : 1.967635e-02
#        Time	areaAverage(T)
     0.999427	3.001498e+02
      2.00049	3.001495e+02
      3.00031	3.001496e+02
      3.99974	3.001498e+02
     4.999837	3.001498e+02
      6.00101	3.001499e+02
     7.000448	3.001499e+02
     8.000372	3.001499e+02
     9.000012	3.001497e+02
   10.0011397	3.001496e+02
   11.0005124	3.002552e+02
   12.0006243	3.003597e+02
    13.001107	3.004629e+02
   13.9997402	3.005643e+02
  14.99964955	3.006636e+02
  15.99955708	3.007607e+02
  17.00134405	3.008565e+02
  18.00000337	3.009514e+02
  19.00006167	3.010458e+02
 20.001505108	3.011399e+02
 20.999254464	3.012330e+02
  22.00150266	3.013257e+02
 23.001714829	3.014172e+02
 23.999634984	3.015075e+02
25.00095516804	3.015971e+02
25.9996836352	3.016854e+02
26.99932842931	3.017728e+02
28.00029166142	3.018594e+02
28.99937441246	3.019450e+02
30.002134441893	3.020300e+02
31.002014765417	3.021138e+02
32.001552166551	3.021967e+02
33.000560257147	3.022787e+02
33.999249928093	3.023598e+02
35.00108530523362	3.024403e+02
36.00057592118466	3.025197e+02
37.00120630448001	3.025983e+02
38.00022932106895	3.026760e+02
39.00052258115672	3.027529e+02
40.0012943804983152	3.028290e+02
41.0019879837090926	3.029043e+02
41.9992708912271695	3.029787e+02
43.0021545135227328	3.030527e+02
44.0019391598090266	3.031259e+02
44.9992995861729526	3.031983e+02
46.0009844670853099	3.032704e+02
47.0014489491798813	3.033418e+02
48.0008801364990703	3.034125e+02
48.9995304912996801	3.034826e+02
50.0001794237682375	3.035522e+02
50.9993551299025256	3.036212e+02
51.9998205148969248	3.036896e+02
53.0015311001695864	3.037574e+02
54.0013696283965601	3.038245e+02
54.9993238877661597	3.038909e+02
56.0015339065886479	3.039570e+02
57.0018205760141825	3.040224e+02
58.000096433294182	3.040870e+02
58.9991359299691496	3.041512e+02
60.0016627635771727	3.042151e+02
61.0010778941215932	3.042782e+02
62.0000130700834902	3.043407e+02
63.0010986270090001	3.044029e+02
64.0009690790207202	3.044645e+02
64.9994918949116851	3.045255e+02
65.9998560646141783	3.045862e+02
66.9992477683962306	3.046462e+02
68.0009249354785794	3.047059e+02
69.0019475640447695	3.047651e+02
69.9993513960609874	3.048237e+02
70.9993591323269015	3.048819e+02
72.0020465187059102	3.049397e+02
73.0013581031466714	3.049970e+02
74.000423255190384	3.050538e+02
74.9993458644687365	3.051101e+02
76.0013508435945511	3.051662e+02
77.0005510755528491	3.052216e+02
78.0000113736252843	3.052767e+02
78.9992549610128236	3.053312e+02
80.0009720943383229	3.053854e+02
81.0020589541296232	3.054392e+02
81.9992454193614009	3.054923e+02
83.0014611672898184	3.055452e+02
83.9993628440124525	3.055974e+02
85.0020431376517678	3.056495e+02
86.000333987758637	3.057009e+02
87.0003695380874404	3.057519e+02
88.0020658759812022	3.058026e+02
88.9993795452335519	3.058527e+02
90.0015696379174557	3.059026e+02
90.9997903684166971	3.059520e+02
92.0003898830139377	3.060010e+02
93.0006194266289867	3.060497e+02
94.0007057145538596	3.060980e+02
95.0007997335581251	3.061459e+02
96.0009686444809773	3.061935e+02
97.0012373806239623	3.062407e+02
98.0016053172324462	3.062875e+02
99.0020344570527584	3.063340e+02
99.9994552294174497	3.063800e+02
100.999851234731452	3.064258e+02
102.000136850138333	3.064713e+02
103.000241500016131	3.065164e+02
104.000073061910427	3.065611e+02
104.999552930719901	3.066055e+02
106.001633206025147	3.066496e+02
107.000192996165325	3.066932e+02
108.001260471577879	3.067366e+02
109.001819915586253	3.067795e+02
110.001932009313407	3.068221e+02
111.001635624775176	3.068644e+02
112.000980310532839	3.069062e+02
113.000018915714335	3.069477e+02
114.001807672044521	3.069890e+02
115.000361508444968	3.070297e+02
116.001781982353393	3.070702e+02
117.000048097326257	3.071101e+02
118.00122264940498	3.071499e+02
118.999382617868164	3.071891e+02
120.000616562993542	3.072281e+02
121.002007225989203	3.072667e+02
122.000661640430124	3.073048e+02
122.999734831133267	3.073425e+02
123.99952262735836	3.073800e+02
125.000333848736219	3.074171e+02
125.999642959708595	3.074538e+02
127.000956414914896	3.074903e+02
128.001293686371213	3.075265e+02
129.000700621259568	3.075623e+02
130.002135701572797	3.075981e+02
130.999533849213833	3.076334e+02
131.999244240588723	3.076687e+02
133.001101245812436	3.077039e+02
134.0020971077968	3.077388e+02
135.002075643628388	3.077735e+02
136.000848975566782	3.078080e+02
137.001309026256649	3.078423e+02
138.000254544982795	3.078763e+02
139.000649575250975	3.079101e+02
139.999224934568531	3.079436e+02
141.002036637829093	3.079769e+02
141.999654446908238	3.080099e+02
143.001271960468813	3.080427e+02
144.000548532269903	3.080752e+02
145.00044839448563	3.081074e+02
146.000849050599697	3.081394e+02
147.001677167223932	3.081711e+02
147.99975047252525	3.082024e+02
149.001369451029944	3.082336e+02
150.000282434108982	3.082644e+02
150.999551328031998	3.082949e+02
151.999184896249147	3.083251e+02
152.999208185270845	3.083550e+02
153.999585696359787	3.083845e+02
155.00029833082661	3.084137e+02
156.001343237128225	3.084426e+02
156.999457705577299	3.084712e+02
158.000686168546764	3.084996e+02
159.001776087131674	3.085277e+02
159.999561059721657	3.085554e+02
161.000550527382018	3.085829e+02
162.001972559951867	3.086100e+02
163.000888609676053	3.086368e+02
164.000316687785954	3.086633e+02
165.000096140130211	3.086893e+02
166.000088612179667	3.087151e+02
167.000061340522421	3.087404e+02
167.999782828424799	3.087653e+02
168.999172341489157	3.087899e+02
170.001230534148533	3.088141e+02
170.999544804163264	3.088378e+02
172.00045496321485	3.088612e+02
173.000757901779707	3.088844e+02
174.000444045117518	3.089072e+02
174.999760596408947	3.089297e+02
176.002157779350711	3.089520e+02
177.001661582702695	3.089739e+02
178.001628294344187	3.089955e+02
178.999162606507298	3.090167e+02
180.000503473761029	3.090377e+02
180.999207866690625	3.090581e+02
182.001208593017452	3.090782e+02
183.000047488950003	3.090978e+02
184.001808139786192	3.091168e+02
184.999937399233318	3.091353e+02
186.000595667805044	3.091533e+02
187.000530755139152	3.091708e+02
187.999425330199387	3.091878e+02
189.000062339945401	3.092044e+02
189.999357851741564	3.092207e+02
191.001057008974414	3.092366e+02
191.999795576908383	3.092518e+02
193.002046035564831	3.092663e+02
194.001168212745995	3.092800e+02
195.000232847940111	3.092933e+02
195.99953641592225	3.093067e+02
196.999439237675062	3.093203e+02
197.999269378639354	3.093342e+02
199.000650340503455	3.093483e+02
200.000842022656059	3.093624e+02
201.00119110761409	3.093763e+02
202.001134602567248	3.093901e+02
202.999417775043128	3.094036e+02
204.000827370954454	3.094167e+02
205.000559713225243	3.094295e+02
206.000502514791634	3.094421e+02
207.00011763453864	3.094545e+02
207.999195525308778	3.094670e+02
209.000671541921633	3.094796e+02
210.001817201873507	3.094923e+02
211.0002458890323	3.095049e+02
211.999364130299796	3.095173e+02
213.001839980993253	3.095294e+02
214.000870215088923	3.095409e+02
215.002023773923156	3.095521e+02
216.001504856122665	3.095628e+02
217.002189670235424	3.095732e+02
218.001143521538211	3.095832e+02
219.001212277794565	3.095929e+02
219.999323567592427	3.096022e+02
221.002031393932299	3.096112e+02
222.000217558785977	3.096199e+02
222.99997324448853	3.096284e+02
224.001867206834618	3.096368e+02
225.000375206176443	3.096452e+02
226.00200082573221	3.096537e+02
227.000972114187221	3.096621e+02
228.000539892764351	3.096705e+02
229.000893584517286	3.096788e+02
229.999159920018428	3.096871e+02
231.001639840260879	3.096954e+02
231.999283063040082	3.097037e+02
233.00130211069677	3.097121e+02
234.001698960598503	3.097205e+02
235.000597990278322	3.097291e+02
236.001193587127887	3.097379e+02
237.000556169397072	3.097468e+02
238.001863471893813	3.097558e+02
239.002111919382003	3.097650e+02
240.001418570662111	3.097742e+02
240.999928434963607	3.097835e+02
242.000753346005581	3.097928e+02
243.000790839895984	3.098020e+02
244.000120610590187	3.098111e+02
245.0016559814066	3.098200e+02
246.000482859716641	3.098288e+02
246.99990715638009	3.098376e+02
247.999403010268622	3.098463e+02
249.001563930534189	3.098550e+02
249.99991638000995	3.098637e+02
251.00124377511591	3.098724e+02
252.000612908785769	3.098811e+02
253.001586776589619	3.098897e+02
254.001036030762123	3.098980e+02
254.999975551401036	3.099061e+02
256.000901604547437	3.099139e+02
257.000429744924418	3.099214e+02
258.001671223638084	3.099287e+02
259.001589548794925	3.099358e+02
260.000266655218695	3.099429e+02
261.000969535167712	3.099501e+02
262.000494430921947	3.099573e+02
263.002051357954429	3.099645e+02
263.999663054152222	3.099716e+02
264.999816340629877	3.099785e+02
265.999646482167861	3.099853e+02
266.999122460407477	3.099918e+02
268.001488989346399	3.099981e+02
269.000493605175279	3.100040e+02
270.001990224823089	3.100096e+02
270.999337872084311	3.100149e+02
272.001339823267472	3.100201e+02
273.001474013986467	3.100251e+02
273.999720630411105	3.100299e+02
274.999301622459257	3.100347e+02
276.00038858779908	3.100395e+02
277.000037429810845	3.100445e+02
277.99913815271151	3.100496e+02
279.001896234752223	3.100549e+02
279.999861762659407	3.100606e+02
280.999488359605721	3.100665e+02
282.000390167863145	3.100728e+02
283.001987050804189	3.100792e+02
284.000403045574728	3.100854e+02
285.001459538132849	3.100914e+02
286.001911629869539	3.100971e+02
287.001710184502201	3.101026e+02
288.000877315806576	3.101077e+02
288.999535921458005	3.101127e+02
290.000849147452925	3.101175e+02
291.001784583192489	3.101223e+02
291.999470265078116	3.101271e+02
293.000350726228248	3.101319e+02
294.001453998386921	3.101367e+02
294.99966250983897	3.101414e+02
296.001136649546311	3.101463e+02
296.999687551871489	3.101512e+02
298.001247068601629	3.101561e+02
298.999548585051969	3.101609e+02
300.000750059626967	3.101656e+02
301.001680673730334	3.101700e+02
301.999163971664927	3.101743e+02
302.999367282612582	3.101785e+02
303.999165754537898	3.101825e+02
305.001521887055901	3.101864e+02
306.000375119051853	3.101901e+02
307.001951876416115	3.101938e+02
308.000142042528466	3.101974e+02
309.001212895246681	3.102010e+02
309.999178614301854	3.102047e+02
311.000144539620237	3.102084e+02
312.001033491892031	3.102122e+02
313.001930242594824	3.102162e+02
313.999795573081769	3.102201e+02
315.000737111554429	3.102241e+02
316.001795102997278	3.102281e+02
317.00001860641413	3.102320e+02
318.001569055336915	3.102360e+02
319.000370431756608	3.102399e+02
319.999538897728996	3.102439e+02
321.002128177021007	3.102479e+02
322.001976849831294	3.102519e+02
323.002194787671499	3.102559e+02
323.999791101614449	3.102598e+02
325.000926405668565	3.102639e+02
325.999464392117318	3.102679e+02
327.001583740419449	3.102721e+02
328.001120124628414	3.102764e+02
329.001056924662748	3.102807e+02
330.001316807607054	3.102851e+02
331.001922953082271	3.102897e+02
331.999820607277798	3.102942e+02
333.001108668105701	3.102989e+02
333.999592450065279	3.103035e+02
335.001430012474145	3.103083e+02
336.000445902539866	3.103131e+02
336.999658818477883	3.103178e+02
338.002156064041969	3.103226e+02
339.001851563835544	3.103273e+02
340.001899743984723	3.103319e+02
340.999156465230499	3.103365e+02
341.999853923984119	3.103410e+02
343.000704997008711	3.103456e+02
344.001376858938784	3.103501e+02
345.00203887706607	3.103545e+02
345.999955215504826	3.103589e+02
347.000522663162087	3.103633e+02
348.000200029152836	3.103676e+02
349.000522755694988	3.103719e+02
350.001253613143035	3.103762e+02
351.000624273237918	3.103805e+02
351.999435802063715	3.103846e+02
353.002196744729815	3.103888e+02
354.001070048515999	3.103928e+02
355.001641036799754	3.103967e+02
355.999599629701663	3.104004e+02
357.000540487227624	3.104041e+02
358.000075444862205	3.104077e+02
358.999302800154226	3.104113e+02
360.001709987803054	3.104147e+02
361.000074298292702	3.104182e+02
362.000859290272558	3.104215e+02
363.001622746756937	3.104248e+02
364.001832563596452	3.104281e+02
365.001535463384243	3.104314e+02
366.00131467837474	3.104347e+02
367.00110538924082	3.104380e+02
368.000736030787152	3.104413e+02
369.000275218586978	3.104446e+02
369.999824276884169	3.104479e+02
370.999426774194205	3.104513e+02
372.002080612393968	3.104546e+02
373.001588932385062	3.104578e+02
374.001081446833666	3.104610e+02
375.000626116571937	3.104642e+02
376.000218547876443	3.104674e+02
376.999910591726973	3.104707e+02
377.999797780145002	3.104739e+02
378.999906813743962	3.104773e+02
380.000244808336674	3.104807e+02
381.000865619572778	3.104842e+02
382.001806304484546	3.104877e+02
382.999946272056377	3.104913e+02
384.001355606036498	3.104950e+02
384.99985631053687	3.104986e+02
386.0015402976166	3.105023e+02
387.000162701931743	3.105058e+02
388.001801501548812	3.105094e+02
389.000300444038373	3.105128e+02
390.001742707954349	3.105161e+02
390.99990443699852	3.105194e+02
392.000936197689441	3.105226e+02
393.00177492471073	3.105258e+02
393.999328852185783	3.105290e+02
394.999780108992752	3.105321e+02
396.000134804692266	3.105353e+02
397.00042004616688	3.105385e+02
398.000667031307955	3.105417e+02
399.000931769728538	3.105450e+02
400.001227470614424	3.105484e+02
401.001544797640236	3.105517e+02
402.001902596511854	3.105551e+02
402.999246021227464	3.105585e+02
403.999704245461601	3.105618e+02
405.000213976000339	3.105652e+02
406.000785726507388	3.105685e+02
407.001408508531085	3.105718e+02
408.002071314539194	3.105751e+02
408.999708595374841	3.105784e+02
410.000459919667492	3.105816e+02
411.001252828558734	3.105849e+02
412.002098628850092	3.105881e+02
412.999937502784405	3.105914e+02
414.000908309496879	3.105946e+02
415.001942485681127	3.105979e+02
415.999966713914432	3.106012e+02
417.001110452812043	3.106045e+02
417.999223947442431	3.106077e+02
419.000449839982025	3.106110e+02
420.001714127287812	3.106143e+02
420.999943618431587	3.106176e+02
422.001290078822194	3.106208e+02
422.999615985253001	3.106241e+02
424.001060314288623	3.106273e+02
424.999478222599919	3.106306e+02
426.001017745420938	3.106338e+02
426.999530720086625	3.106370e+02
428.001152874177365	3.106402e+02
428.999734515582077	3.106434e+02
430.001408625449528	3.106466e+02
431.000010340225799	3.106498e+02
432.001667839199797	3.106530e+02
433.000221815074497	3.106561e+02
434.001804251808949	3.106592e+02
435.000261415516377	3.106623e+02
436.001731095603191	3.106654e+02
437.000062707295285	3.106684e+02
438.001391866866186	3.106714e+02
438.999570770102707	3.106743e+02
440.000737846380048	3.106773e+02
441.00182111589163	3.106802e+02
441.999771361342766	3.106830e+02
443.000763413799177	3.106859e+02
444.001696459830953	3.106888e+02
444.999500435886944	3.106916e+02
446.00032752414711	3.106945e+02
447.001117645498596	3.106973e+02
448.001883226712721	3.107002e+02
448.999571098762033	3.107030e+02
450.00033578121878	3.107059e+02
451.00111711588346	3.107088e+02
452.001919501336943	3.107116e+02
452.999672442533097	3.107145e+02
454.000509144188925	3.107173e+02
455.001349657630726	3.107201e+02
456.002184940512961	3.107229e+02
456.999938224470498	3.107257e+02
458.000744652436538	3.107284e+02
459.001531729330225	3.107311e+02
459.999229727689283	3.107338e+02
460.999980922561065	3.107365e+02
462.000721221335311	3.107391e+02
463.001457879234579	3.107418e+02
464.002198438059679	3.107444e+02
464.999883907378376	3.107471e+02
466.000675712563577	3.107497e+02
467.001515884230287	3.107524e+02
467.999330505639648	3.107550e+02
469.000266807748972	3.107577e+02
470.001261089356149	3.107604e+02
470.999245163364833	3.107631e+02
472.000360361590424	3.107658e+02
473.001534471459308	3.107685e+02
473.99969086704948	3.107712e+02
475.000964073942441	3.107738e+02
475.999201404603866	3.107765e+02
477.000533716233122	3.107791e+02
478.001873839315238	3.107817e+02
479.000134933457161	3.107843e+02
480.001446950719014	3.107869e+02
480.999654544415421	3.107894e+02
482.00089220139256	3.107919e+02
483.002083364948987	3.107944e+02
484.000154946090731	3.107969e+02
485.001249816296991	3.107993e+02
485.999230737996697	3.108018e+02
487.00024615858581	3.108042e+02
488.001234027089424	3.108066e+02
488.999135972829379	3.108090e+02
490.000107037485407	3.108114e+02
491.001090819159572	3.108138e+02
492.002101665974578	3.108162e+02
493.00008301340813	3.108187e+02
494.001188349803726	3.108211e+02
494.999284798957547	3.108235e+02
496.000521798226259	3.108260e+02
497.001832923759764	3.108284e+02
498.000146640750472	3.108309e+02
499.001605196865512	3.108334e+02
500.000061963698101	3.108358e+02
501.001655800322453	3.108383e+02
502.000234992100616	3.108407e+02
503.001937609868378	3.108432e+02
504.000610741995047	3.108456e+02
504.999319615887543	3.108481e+02
506.001131858100678	3.108505e+02
506.999897443339478	3.108529e+02
508.001760645684897	3.108553e+02
509.00057494393468	3.108578e+02
509.999413898640967	3.108602e+02
511.001351703648083	3.108625e+02
512.000243591651156	3.108649e+02
512.999166595937822	3.108673e+02
514.001198888276008	3.108697e+02
515.000197471901288	3.108721e+02
515.999240191230342	3.108745e+02
517.001404900109492	3.108769e+02
518.000546014341694	3.108793e+02
518.9997392945819	3.108816e+02
520.002060063838258	3.108840e+02
521.001358525883006	3.108864e+02
522.000709177407316	3.108888e+02
523.000105090532884	3.108912e+02
523.999529934207544	3.108936e+02
525.002084781041731	3.108960e+02
526.001622665853461	3.108984e+02
527.001171985616338	3.109007e+02
528.000721685101212	3.109031e+02
529.000262130536157	3.109054e+02
529.999796097172407	3.109077e+02
530.999318975361916	3.109100e+02
532.001899480313568	3.109123e+02
533.001399512774583	3.109146e+02
534.000900020699419	3.109168e+02
535.000404316961408	3.109191e+02
535.999921060856764	3.109214e+02
536.999458418444192	3.109236e+02
538.002103412542056	3.109259e+02
539.001714787084325	3.109282e+02
540.001366371732502	3.109304e+02
541.001061457090373	3.109327e+02
542.000809750296298	3.109349e+02
543.000609536481306	3.109372e+02
544.000457062784562	3.109395e+02
545.000356160035494	3.109417e+02
546.000305324828219	3.109440e+02
547.000296519477502	3.109462e+02
548.00032856348605	3.109485e+02
549.00039992437064	3.109507e+02
550.00050195823269	3.109530e+02
551.000628867013802	3.109552e+02
552.000778619984771	3.109574e+02
553.000945071355659	3.109596e+02
554.001124319738892	3.109619e+02
555.001316586008329	3.109641e+02
556.001519320644888	3.109662e+02
557.001731672484084	3.109684e+02
558.001954675918114	3.109706e+02
559.002190567552361	3.109727e+02
559.999362884992479	3.109749e+02
560.999630826612474	3.109770e+02
561.999920830554856	3.109792e+02
563.000235633839111	3.109813e+02
564.000576550278424	3.109834e+02
565.000944078801922	3.109855e+02
566.001337432372793	3.109877e+02
567.001755222184784	3.109898e+02
568.002196495543558	3.109919e+02
568.999580920182666	3.109940e+02
570.000062861669335	3.109961e+02
571.000563368208532	3.109981e+02
572.001080476734842	3.110002e+02
573.001612390215314	3.110023e+02
574.002157901395321	3.110043e+02
574.999637739490481	3.110064e+02
576.000208103055229	3.110084e+02
577.000790376419445	3.110105e+02
578.00138554894454	3.110125e+02
579.001995962862566	3.110145e+02
579.999544495687815	3.110165e+02
581.000190636220964	3.110185e+02
582.000857445269162	3.110205e+02
583.001547127940512	3.110225e+02
583.999183521675604	3.110244e+02
584.999926948589632	3.110264e+02
586.000700489218843	3.110284e+02
587.001506598911533	3.110303e+02
587.99926799382547	3.110322e+02
589.000145409217112	3.110342e+02
590.001061787678282	3.110361e+02
591.002019298079972	3.110380e+02
591.999939170705602	3.110400e+02
593.000983032244562	3.110419e+02
594.002072942547557	3.110438e+02
595.000129737546672	3.110457e+02
596.001316151765764	3.110476e+02
596.999472665188705	3.110495e+02
598.000761925122447	3.110514e+02
599.002104637616185	3.110533e+02
600.000419838153448	3.110552e+02
601.001870748756801	3.110571e+02
602.000295198039908	3.110590e+02
603.001856482751009	3.110608e+02
604.000391285519527	3.110627e+02
605.002064012870051	3.110646e+02
606.000709777146653	3.110664e+02
606.999409940374107	3.110683e+02
608.001245875481345	3.110701e+02
609.000049676068443	3.110720e+02
610.001977780122729	3.110738e+02
611.000845954300644	3.110757e+02
611.99973879132358	3.110775e+02
613.0017381606973	3.110793e+02
614.000676823116464	3.110811e+02
614.999639012873558	3.110829e+02
616.001711923290941	3.110848e+02
617.000734056203328	3.110866e+02
617.999790448542399	3.110884e+02
619.001965576661064	3.110902e+02
620.001094966328083	3.110921e+02
621.000264110250328	3.110939e+02
621.999473763055789	3.110958e+02
623.001807770423625	3.110976e+02
624.001097977880477	3.110995e+02
625.000428471307941	3.111014e+02
625.99979888765597	3.111032e+02
626.999206816023047	3.111051e+02
628.001734472853627	3.111070e+02
629.001210015546008	3.111088e+02
630.000717516821396	3.111107e+02
631.000256078500001	3.111126e+02
631.999825123270284	3.111144e+02
632.999426658020411	3.111163e+02
634.00214914754838	3.111182e+02
635.00182383606159	3.111201e+02
636.00153826904284	3.111219e+02
637.001295668469538	3.111238e+02
638.001098441052591	3.111257e+02
639.000949078242797	3.111275e+02
640.000852172062196	3.111294e+02
641.000811977679632	3.111313e+02
642.000826046606221	3.111332e+02
643.00088421093858	3.111350e+02
644.000987198982557	3.111369e+02
645.001135073950991	3.111388e+02
646.001327198662466	3.111407e+02
647.001564001378711	3.111425e+02
648.001846248315132	3.111444e+02
649.002175559720968	3.111463e+02
649.999466234982947	3.111481e+02
650.999894350096497	3.111500e+02
652.000373217148535	3.111519e+02
653.000902076524198	3.111537e+02
654.00147562295092	3.111556e+02
655.002088305455345	3.111574e+02
655.999648575967171	3.111593e+02
657.000332758057425	3.111611e+02
658.0010501714155	3.111629e+02
659.001800652544148	3.111647e+02
659.99949457924231	3.111664e+02
661.00031023942654	3.111681e+02
662.001159454296953	3.111699e+02
663.002044136727022	3.111716e+02
663.999875970023027	3.111732e+02
665.000834738074445	3.111749e+02
666.001832272214756	3.111766e+02
666.999780480688059	3.111782e+02
668.00086067640018	3.111799e+02
669.0019849067927	3.111815e+02
670.000066609870373	3.111831e+02
671.001289291633157	3.111847e+02
671.999475757621894	3.111863e+02
673.000807624938147	3.111879e+02
674.00218933117651	3.111895e+02
675.000530347012273	3.111911e+02
676.00201286504398	3.111926e+02
677.000455554626456	3.111942e+02
678.00203940307631	3.111957e+02
679.000578665894523	3.111972e+02
679.999162369956139	3.111987e+02
681.000880745148152	3.112002e+02
681.99954849522635	3.112017e+02
683.001348837939759	3.112032e+02
684.000098695633596	3.112046e+02
685.001982198614996	3.112061e+02
686.000816954055722	3.112075e+02
686.999697858463037	3.112089e+02
688.00171817598391	3.112103e+02
689.000696449352063	3.112117e+02
689.999727806012288	3.112130e+02
691.001907207350882	3.112144e+02
692.001049376099786	3.112157e+02
693.000249775258794	3.112170e+02
693.999509619646233	3.112184e+02
695.001924732240695	3.112197e+02
696.001309593331143	3.112209e+02
697.000760008039492	3.112222e+02
698.000278654198837	3.112235e+02
698.999867765049999	3.112247e+02
699.999528647373381	3.112259e+02
700.999261851223423	3.112272e+02
702.002166662328364	3.112284e+02
703.002048461605796	3.112296e+02
704.002016020040287	3.112308e+02
705.002067926577752	3.112319e+02
706.00220676286699	3.112331e+02
706.999339558774523	3.112343e+02
707.999660490636643	3.112354e+02
709.000074117678878	3.112366e+02
710.000580381524742	3.112377e+02
711.001179537292728	3.112388e+02
712.001873981621088	3.112399e+02
712.999567203269407	3.112410e+02
714.00045794582627	3.112421e+02
715.001450105897447	3.112432e+02
715.999448579511522	3.112443e+02
717.000655854154957	3.112453e+02
718.0019742138428	3.112464e+02
719.000305392174141	3.112474e+02
720.001852983587924	3.112485e+02
721.000416218402506	3.112495e+02
722.002200570993409	3.112505e+02
723.001008981241284	3.112515e+02
723.999950655311068	3.112525e+02
725.002133639869839	3.112536e+02
726.001353102790858	3.112546e+02
727.00071608947178	3.112556e+02
728.00022038558518	3.112566e+02
728.999871265919523	3.112575e+02
729.999674178006103	3.112585e+02
730.999624470423214	3.112595e+02
731.999723814716162	3.112605e+02
732.999981920546702	3.112615e+02
734.000399350975727	3.112624e+02
735.000982023089364	3.112634e+02
736.001751885511112	3.112644e+02
736.999619236443891	3.112654e+02
738.000802725583412	3.112663e+02
739.002187912777913	3.112673e+02
740.000664238488525	3.112683e+02
740.999335135875413	3.112692e+02
742.001306272409806	3.112702e+02
743.00035018367214	3.112711e+02
743.99957864434225	3.112721e+02
745.00209378730176	3.112730e+02
746.001656578055645	3.112739e+02
747.001380774958648	3.112749e+02
748.00126859852594	3.112758e+02
749.001303812227547	3.112767e+02
750.001478226125414	3.112776e+02
751.001804049645898	3.112785e+02
751.999170492685494	3.112794e+02
752.999809978551639	3.112802e+02
754.000617256708324	3.112811e+02
755.00160456231481	3.112820e+02
755.9996414509244	3.112829e+02
757.000951254417714	3.112838e+02
757.999294888358463	3.112846e+02
759.000917716026038	3.112855e+02
759.999566380384408	3.112863e+02
761.001471295675515	3.112872e+02
762.000398866962996	3.112880e+02
762.999480786557797	3.112889e+02
764.001828470308624	3.112897e+02
765.001191457607433	3.112905e+02
766.000702680357449	3.112914e+02
767.000354804227186	3.112922e+02
768.000129205270241	3.112930e+02
769.000031120643371	3.112938e+02
770.000070989382039	3.112946e+02
771.000232985301295	3.112954e+02
772.000507517313849	3.112961e+02
773.00091097560221	3.112973e+02
774.001447959901384	3.112981e+02
774.998969051475342	3.112988e+02
775.999733179126224	3.112996e+02
777.000628535097917	3.113003e+02
777.998511779941055	3.113010e+02
778.999625465291729	3.113017e+02
780.000852992181535	3.113024e+02
780.999067502251023	3.113031e+02
782.000501651750483	3.113038e+02
782.998890402950906	3.113045e+02
784.000510709332616	3.113052e+02
784.999095951145591	3.113058e+02
786.000885146906739	3.113064e+02
786.999626701129273	3.113071e+02
788.001601758150173	3.113077e+02
789.000530123687213	3.113083e+02
789.999530848230279	3.113088e+02
790.99862715721315	3.113094e+02
792.000951261299747	3.113100e+02
793.000211673519857	3.113105e+02
793.999551064803086	3.113110e+02
794.998993047389376	3.113116e+02
795.998539242270454	3.113121e+02
797.00121385970408	3.113125e+02
798.00083212691186	3.113130e+02
799.000522314330169	3.113135e+02
800.000250605756605	3.113139e+02
801.000017169912667	3.113143e+02
801.999842073571358	3.113147e+02
802.999706484609419	3.113151e+02
803.999582733291618	3.113155e+02
804.999482047756146	3.113158e+02
805.999415658781686	3.113162e+02
806.999351759117303	3.113165e+02
807.999274949151413	3.113168e+02
808.999208724711366	3.113170e+02
809.99914808867095	3.113173e+02
810.999056193766251	3.113175e+02
811.998932488494233	3.113177e+02
812.998803996338438	3.113179e+02
813.998654002002354	3.113180e+02
815.001579920991389	3.113182e+02
816.00133257523828	3.113183e+02
817.001074908216992	3.113184e+02
818.000771926080461	3.113184e+02
819.000393426636151	3.113184e+02
819.999981202322829	3.113185e+02
820.999550655257735	3.113184e+02
821.99903903299446	3.113184e+02
823.001566279714211	3.113183e+02
824.000924564271259	3.113182e+02
825.000221582081508	3.113181e+02
825.999382328954994	3.113179e+02
827.001587692406019	3.113177e+02
828.000627895948355	3.113175e+02
828.999551449502519	3.113172e+02
830.001467451544841	3.113169e+02
831.00021531107916	3.113167e+02
831.998895971035608	3.113163e+02
833.00053533753794	3.113160e+02
833.998955071971295	3.113156e+02
835.00047699596098	3.113152e+02
835.998715522652674	3.113148e+02
836.999930671296283	3.113144e+02
838.001123477570104	3.113140e+02
838.999081881752318	3.113135e+02
839.999970080385197	3.113131e+02
841.000794857779169	3.113126e+02
842.001560905365864	3.113121e+02
842.999001408825166	3.113116e+02
843.999452529910513	3.113111e+02
844.999872326116702	3.113105e+02
846.00012386627759	3.113100e+02
847.000222763155534	3.113094e+02
848.000292433634058	3.113088e+02
849.000242785677756	3.113082e+02
850.00002896157423	3.113076e+02
850.999761643604757	3.113069e+02
851.999393702273892	3.113063e+02
852.998859638489989	3.113057e+02
854.001360649677281	3.113050e+02
855.000657095778593	3.113043e+02
855.999813643532775	3.113037e+02
856.998873063266615	3.113030e+02
858.000986364875075	3.113023e+02
858.999868720381755	3.113016e+02
859.998649532608965	3.113009e+02
861.000471721768236	3.113002e+02
861.999066316743551	3.112995e+02
863.00067494956329	3.112988e+02
863.999087793853846	3.112981e+02
865.000544472149613	3.112974e+02
865.998803714020937	3.112966e+02
867.000122603809928	3.112959e+02
868.001384262134707	3.112952e+02
868.999472388112508	3.112944e+02
870.000643261292907	3.112937e+02
870.998667684868224	3.112930e+02
871.999782446837344	3.112923e+02
873.000874958462532	3.112915e+02
873.998827776105145	3.112908e+02
874.999872922336863	3.112901e+02
876.000892789683121	3.112894e+02
876.998770256755165	3.112886e+02
877.999739486612611	3.112879e+02
879.000683825170086	3.112872e+02
880.001608363271998	3.112864e+02
880.999396520939513	3.112857e+02
882.000287412664647	3.112849e+02
883.001169270520791	3.112842e+02
883.998928084996123	3.112834e+02
884.999805708670237	3.112827e+02
886.000690875077112	3.112819e+02
887.001587333905491	3.112812e+02
887.999378046442303	3.112804e+02
889.000298849841215	3.112797e+02
890.001227169192589	3.112789e+02
890.999038491454712	3.112782e+02
891.999963323031352	3.112775e+02
893.000877356106457	3.112767e+02
893.998656425749232	3.112760e+02
894.999532193965592	3.112752e+02
896.00038300383892	3.112744e+02
897.001206450445807	3.112736e+02
897.998883302916397	3.112729e+02
898.999649348573598	3.112721e+02
900.000386891797802	3.112713e+02
901.001097298132891	3.112705e+02
901.998664901937559	3.112697e+02
902.999325858317889	3.112688e+02
903.999963408500321	3.112680e+02
905.00057879198755	3.112672e+02
906.001172663939997	3.112664e+02
906.998627661731803	3.112655e+02
907.999177637872663	3.112647e+02
908.999704328773987	3.112638e+02
910.000205979892371	3.112630e+02
911.000680661403294	3.112621e+02
912.001126076367655	3.112613e+02
913.0015389069398	3.112604e+02
913.998800052091042	3.112595e+02
914.999140677978858	3.112586e+02
915.999443047825253	3.112577e+02
916.999706709535417	3.112568e+02
917.9999324325413	3.112558e+02
919.000120945214121	3.112549e+02
920.000274033838991	3.112540e+02
921.000394375183646	3.112531e+02
922.000485300970581	3.112521e+02
923.000549587474893	3.112512e+02
924.000590745406612	3.112502e+02
925.000611420237874	3.112493e+02
926.000613609053062	3.112483e+02
927.000599446097908	3.112474e+02
928.000569194498098	3.112464e+02
929.000522922412983	3.112455e+02
930.00045981055996	3.112445e+02
931.000378734565288	3.112436e+02
932.000279030365391	3.112426e+02
933.000160171714697	3.112417e+02
934.000022525270765	3.112407e+02
934.999867901941911	3.112397e+02
935.999698896975019	3.112388e+02
936.999519162073966	3.112378e+02
937.999332095546947	3.112368e+02
938.999141000032296	3.112358e+02
939.998949079595945	3.112349e+02
940.998758037671109	3.112339e+02
941.998568508800759	3.112329e+02
943.001495012791338	3.112320e+02
944.001307348309638	3.112310e+02
945.001117308138419	3.112300e+02
946.000922549333836	3.112291e+02
947.000718497132311	3.112281e+02
948.000501810637275	3.112271e+02
949.000268707143277	3.112261e+02
950.000015691923181	3.112251e+02
950.999740415221709	3.112241e+02
951.999440668327338	3.112231e+02
952.999114517718226	3.112221e+02
953.998760791102313	3.112211e+02
955.001492963863257	3.112201e+02
956.001082963674321	3.112190e+02
957.000645038631092	3.112180e+02
958.000178803099629	3.112169e+02
958.999682979672343	3.112159e+02
959.99915611341271	3.112148e+02
960.998596297893869	3.112138e+02
962.001114210052492	3.112127e+02
963.000481022976601	3.112116e+02
963.999807458572491	3.112105e+02
964.999090907294772	3.112094e+02
966.001442156829967	3.112083e+02
967.00063385017711	3.112072e+02
967.999778394348027	3.112060e+02
968.998876222372701	3.112049e+02
970.001041290887429	3.112037e+02
971.00005162988009	3.112026e+02
971.99902222709477	3.112014e+02
973.001068265900244	3.112002e+02
973.999968298627778	3.111990e+02
974.998835801962286	3.111979e+02
976.000783794113772	3.111967e+02
976.999589948280573	3.111955e+02
978.001478315908685	3.111943e+02
979.000227384655773	3.111931e+02
979.998950053329395	3.111919e+02
981.000759147816893	3.111906e+02
981.999433860136037	3.111894e+02
983.001198919287617	3.111882e+02
983.999833765523476	3.111870e+02
985.001562066623023	3.111857e+02
986.000163562993293	3.111845e+02
986.998750851895807	3.111833e+02
988.000436835688788	3.111820e+02
988.999001766113224	3.111808e+02
990.000669566239139	3.111796e+02
990.999220801870592	3.111783e+02
992.000879034973195	3.111771e+02
992.999424557068551	3.111758e+02
994.001079242855212	3.111746e+02
994.999621495325073	3.111733e+02
996.001272379075544	3.111721e+02
996.999808992381304	3.111708e+02
998.00145173852161	3.111695e+02
998.999978241237272	3.111683e+02
1000.00160959835716	3.111670e+02
1001.0001236260174	3.111657e+02
1001.99863129237235	3.111645e+02
1003.00024257300242	3.111632e+02
1003.99873512430747	3.111619e+02
1005.00032852015397	3.111606e+02
1005.99879928425139	3.111593e+02
1007.00036695508913	3.111580e+02
1007.99880919247039	3.111567e+02
1009.00034613438197	3.111553e+02
1009.99875574490147	3.111540e+02
1011.00025693841337	3.111527e+02
1011.99862805223597	3.111514e+02
1013.00008661249171	3.111500e+02
1014.00152002830805	3.111486e+02
1014.99981539430576	3.111473e+02
1016.00118991158695	3.111459e+02
1016.99942133770173	3.111445e+02
1018.00072743686451	3.111432e+02
1018.99888733657883	3.111418e+02
1020.0001194479787	3.111403e+02
1021.0013144051718	3.111389e+02
1021.99936417932599	3.111375e+02
1023.00048793499343	3.111361e+02
1024.00157635031769	3.111346e+02
1024.99951923650224	3.111332e+02
1026.00053376456799	3.111315e+02
1026.99840141366099	3.111301e+02
1027.99934028847269	3.111286e+02
1029.00024373670999	3.111271e+02
1029.99800516408482	3.111256e+02
1030.99884221824027	3.111241e+02
1031.99964671941939	3.111226e+02
1033.00041802231635	3.111211e+02
1033.99804952709655	3.111196e+02
1034.99875870898768	3.111180e+02
1035.99944064779402	3.111164e+02
1037.00009994695847	3.111148e+02
1038.00074205531064	3.111132e+02
1038.99826386522864	3.111115e+02
1039.99888329008604	3.111099e+02
1040.99949323576243	3.111082e+02
1042.00009334319179	3.111065e+02
1043.00068206451465	3.111048e+02
1043.99814967603993	3.111031e+02
1044.99870863692104	3.111013e+02
1045.99924781729806	3.110996e+02
1046.99976355174067	3.110978e+02
1048.00025367515536	3.110960e+02
1049.00071861765264	3.110942e+02
1049.99805381919327	3.110924e+02
1050.99847620815876	3.110905e+02
1051.99888214853831	3.110887e+02
1052.99927355657019	3.110868e+02
1053.9996523324719	3.110849e+02
1055.00002043905374	3.110831e+02
1056.00037971354323	3.110811e+02
1057.00073245915132	3.110792e+02
1057.99797295655617	3.110773e+02
1058.99831543682899	3.110754e+02
1059.99865196832684	3.110734e+02
1060.99898010463107	3.110714e+02
1061.99929558142412	3.110695e+02
1062.99959473043623	3.110675e+02
1063.99987413955296	3.110654e+02
1065.00013162082382	3.110634e+02
1066.0003666061491	3.110614e+02
1067.00058056368607	3.110594e+02
1068.00077596735809	3.110573e+02
1069.00095477978175	3.110553e+02
1069.99801178201983	3.110533e+02
1070.99815862411697	3.110512e+02
1071.99828564748941	3.110492e+02
1072.99838778802427	3.110471e+02
1073.99845913444005	3.110451e+02
1074.9984943237796	3.110431e+02
1075.99848998123457	3.110410e+02
1076.99844496008745	3.110390e+02
1077.99835962096631	3.110369e+02
1078.99823550914539	3.110349e+02
1079.99804283451908	3.110327e+02
1080.99777406137309	3.110307e+02
1081.99757889515672	3.110286e+02
1082.99736940244225	3.110265e+02
1083.997131230901	3.110245e+02
1084.99997233226168	3.110224e+02
1085.99968519321806	3.110203e+02
1086.99937344953241	3.110183e+02
1087.99903579596662	3.110162e+02
1088.99867164629632	3.110141e+02
1089.99828016497986	3.110121e+02
1090.99786207309512	3.110100e+02
1091.99741979769374	3.110079e+02
1092.99695453449795	3.110058e+02
1093.99957109156776	3.110037e+02
1094.99906341952942	3.110016e+02
1095.99853767852869	3.109996e+02
1096.99799652755314	3.109975e+02
1097.99744266236758	3.109954e+02
1098.99998253767399	3.109933e+02
1099.99941124372504	3.109912e+02
1100.99883557991279	3.109891e+02
1101.99825767902257	3.109870e+02
1102.99768014663232	3.109849e+02
1103.99710595075726	3.109828e+02
1104.99964161450657	3.109806e+02
1105.99908297351203	3.109785e+02
1106.99853713760399	3.109763e+02
1107.99800585816433	3.109741e+02
1108.9974892800883	3.109719e+02
1109.99698550838366	3.109697e+02
1110.9995967161592	3.109675e+02
1111.99911250392847	3.109652e+02
1112.99863366098452	3.109629e+02
1113.99815714160036	3.109607e+02
1114.99768068710409	3.109584e+02
1115.9972029713133	3.109561e+02
1116.99982721927131	3.109537e+02
1117.99934466068339	3.109514e+02
1118.99885918591713	3.109490e+02
1119.99837112821047	3.109467e+02
1120.99788002591595	3.109443e+02
1121.9973852182859	3.109419e+02
1122.99999101212848	3.109394e+02
1123.99948905605766	3.109370e+02
1124.99898330748624	3.109345e+02
1125.99847339668077	3.109320e+02
1126.99795813229139	3.109295e+02
1127.99743513206772	3.109270e+02
1129.00000566831295	3.109245e+02
1129.99945815789215	3.109220e+02
1130.99889325602135	3.109194e+02
1131.99830841874882	3.109169e+02
1133.00080490487903	3.109143e+02
1134.00017295241537	3.109118e+02
1134.99951269206895	3.109092e+02
1135.99882001690776	3.109067e+02
1136.9980899825764	3.109041e+02
1138.00042121801789	3.109015e+02
1138.99960350566766	3.108990e+02
1139.99873758961189	3.108964e+02
1141.00092542982816	3.108938e+02
1141.99996276609818	3.108912e+02
1142.99895494689849	3.108887e+02
1144.00100640711162	3.108861e+02
1144.99991575993818	3.108835e+02
1145.99878880975484	3.108809e+02
1147.0007313388096	3.108783e+02
1147.99954265645124	3.108757e+02
1148.99832711965564	3.108732e+02
1150.000187799591	3.108706e+02
1150.99892189105094	3.108680e+02
1152.00073346352883	3.108654e+02
1152.99942172058309	3.108628e+02
1153.99809208171928	3.108602e+02
1154.99985105495193	3.108575e+02
1155.99850184254683	3.108549e+02
1157.00025319591782	3.108522e+02
1157.99890694103397	3.108496e+02
1159.00066832192624	3.108469e+02
1159.99933451059292	3.108442e+02
1160.99800622983889	3.108416e+02
1161.9997834014282	3.108389e+02
1162.99846151705219	3.108362e+02
1164.00024126092603	3.108334e+02
1164.99891712956332	3.108307e+02
1166.00068994524736	3.108279e+02
1166.99935646339691	3.108252e+02
1167.9980188936504	3.108224e+02
1168.99978069425833	3.108196e+02
1169.9984467029667	3.108168e+02
1171.00022526371276	3.108140e+02
1171.99892255418968	3.108112e+02
1173.00074953688045	3.108084e+02
1173.99949361987819	3.108056e+02
1174.99825013742043	3.108027e+02
1176.00013710691951	3.107999e+02
1176.99895466628141	3.107970e+02
1178.00090672586907	3.107941e+02
1178.99978597725067	3.107913e+02
1179.99868844415846	3.107884e+02
1181.0007103556602	3.107854e+02
1181.99964151327413	3.107825e+02
1182.99858001971097	3.107796e+02
1184.00062515109835	3.107766e+02
1184.99957067028504	3.107736e+02
1185.99851899484156	3.107706e+02
1187.00057351632518	3.107676e+02
1187.99953059631616	3.107646e+02
1188.99849362446412	3.107615e+02
1190.00056565881141	3.107585e+02
1190.99954199423428	3.107554e+02
1191.99852380361835	3.107523e+02
1193.0006089512633	3.107492e+02
1193.99958603475943	3.107461e+02
1194.99855016271181	3.107430e+02
1196.00059544823239	3.107398e+02
1196.99950960317574	3.107367e+02
1197.99838901838962	3.107335e+02
1199.00033048155274	3.107303e+02
1199.99912615566609	3.107270e+02
1201.00097866831493	3.107238e+02
1201.99968382255634	3.107205e+02
1202.99834003880733	3.107173e+02
1204.000048194486	3.107140e+02
1204.99862036699483	3.107108e+02
1206.00026296274086	3.107075e+02
1206.99877532803589	3.107043e+02
1208.00035765685629	3.107010e+02
1208.99880374529289	3.106977e+02
1210.00030765006909	3.106945e+02
1210.99866048260742	3.106912e+02
1212.00005521470644	3.106879e+02
1212.99828645891466	3.106847e+02
1213.99955647530646	3.106813e+02
1215.00077473615215	3.106780e+02
1215.99885572998278	3.106748e+02
1217.00001534245234	3.106715e+02
1217.99807015916804	3.106682e+02
1218.99923182491011	3.106649e+02
1220.00040784604539	3.106617e+02
1220.99850238459476	3.106585e+02
1221.99971680765952	3.106552e+02
1223.0009526615288	3.106520e+02
1223.99911018558737	3.106487e+02
1225.00038901855055	3.106455e+02
1225.99859035402733	3.106422e+02
1226.99991543423243	3.106390e+02
1227.9981656946045	3.106357e+02
1228.9995445570305	3.106324e+02
1230.0009559124162	3.106292e+02
1230.99930306384226	3.106259e+02
1232.00079096131367	3.106226e+02
1232.99922256000877	3.106193e+02
1234.00080150474764	3.106160e+02
1234.99932704594016	3.106127e+02
1236.00100135483262	3.106094e+02
1236.99962158512949	3.106061e+02
1237.99828767946792	3.106027e+02
1239.00009935828234	3.105994e+02
1239.99885077281624	3.105960e+02
1241.00074088707311	3.105926e+02
1241.99955992815626	3.105892e+02
1242.99840375107306	3.105858e+02
1244.00036954211714	3.105823e+02
1244.99924899340976	3.105788e+02
1245.99814252710053	3.105754e+02
1247.00015233778663	3.105719e+02
1247.99907446850011	3.105683e+02
1248.99801245657409	3.105648e+02
1250.00006949212343	3.105612e+02
1250.99903874465963	3.105577e+02
1251.9980171517559	3.105541e+02
1253.00009871743578	3.105504e+02
1253.99906924520496	3.105468e+02
1254.99802171148099	3.105431e+02
1256.00004890617402	3.105394e+02
1256.99893735115597	3.105357e+02
1258.00088512359002	3.105320e+02
1258.99968529377657	3.105282e+02
1259.99843966837557	3.105245e+02
1261.00025147559381	3.105207e+02
1261.99892107124424	3.105169e+02
1263.00065423065553	3.105130e+02
1263.99925049751687	3.105092e+02
1265.0009135610826	3.105054e+02
1265.99944161575922	3.105015e+02
1266.99793565363575	3.104976e+02
1267.99949549814323	3.104938e+02
1268.99791731754135	3.104899e+02
1269.9993999202743	3.104859e+02
1271.00083948422684	3.104820e+02
1271.99913290560312	3.104781e+02
1273.00047962419103	3.104741e+02
1273.99868037886404	3.104702e+02
1274.99993909200953	3.104662e+02
1275.99806137866858	3.104623e+02
1276.99925376117221	3.104584e+02
1278.00042350549757	3.104545e+02
1278.99847846206808	3.104506e+02
1279.9996250331501	3.104467e+02
1281.00076718556329	3.104428e+02
1281.99880365085437	3.104389e+02
1282.99993413125026	3.104350e+02
1283.99796679431188	3.104311e+02
1284.99911057220856	3.104272e+02
1286.00027752006417	3.104234e+02
1286.99837975066725	3.104195e+02
1287.99962550355622	3.104156e+02
1289.0009215487255	3.104117e+02
1289.99917414749689	3.104078e+02
1291.00058816401247	3.104040e+02
1291.99896510465373	3.104001e+02
1293.00051009187996	3.103962e+02
1293.9990221543444	3.103924e+02
1295.0006992244821	3.103885e+02
1295.99933696642756	3.103846e+02
1296.99803311771893	3.103807e+02
1297.99988504428347	3.103768e+02
1298.99868789046354	3.103729e+02
1300.00064337446429	3.103690e+02
1300.99954346376671	3.103650e+02
1301.99848729543987	3.103611e+02
1303.00057421883002	3.103571e+02
1303.99959571877844	3.103531e+02
1304.99865258077125	3.103491e+02
1306.00084756155638	3.103451e+02
1306.99997568614435	3.103411e+02
1307.99914038046791	3.103371e+02
1308.99834180037737	3.103330e+02
1310.00068060740341	3.103289e+02
1310.99994679110318	3.103248e+02
1311.99923955881809	3.103207e+02
1312.99855416577725	3.103166e+02
1314.00098871274236	3.103124e+02
1315.00033118233068	3.103082e+02
1315.99968035228039	3.103040e+02
1316.99903062470958	3.102998e+02
1317.99837596639827	3.102955e+02
1319.00081431395529	3.102912e+02
1320.00013219435982	3.102869e+02
1320.99942818310433	3.102826e+02
1321.99869978614174	3.102783e+02
1322.99794457855933	3.102739e+02
1324.00026133372853	3.102695e+02
1324.99944066448029	3.102651e+02
1325.9985875870309	3.102607e+02
1327.00080828060459	3.102563e+02
1327.99989652433896	3.102519e+02
1328.99895469004514	3.102474e+02
1329.99798759769919	3.102430e+02
1331.00009817108776	3.102385e+02
1331.99907272872133	3.102340e+02
1332.9980161248659	3.102295e+02
1334.00004250575012	3.102250e+02
1334.99894359480732	3.102205e+02
1336.00092217373071	3.102159e+02
1336.99978862095145	3.102114e+02
1337.99864279015287	3.102069e+02
1339.00057781168721	3.102024e+02
1339.99939990603571	3.101978e+02
1340.99821403393571	3.101933e+02
1342.00011797293246	3.101887e+02
1342.99891625323062	3.101842e+02
1344.00081712779388	3.101796e+02
1344.99961532945053	3.101751e+02
1345.99841945113303	3.101705e+02
1347.00033626975369	3.101660e+02
1347.9991612664146	3.101614e+02
1348.99800061232236	3.101569e+02
1349.99995843046486	3.101523e+02
1350.99882884485237	3.101478e+02
1352.00081784367558	3.101432e+02
1352.99972466956524	3.101387e+02
1353.99865292872482	3.101341e+02
1355.00070862963616	3.101295e+02
1355.99969133071227	3.101250e+02
1356.99870541472819	3.101204e+02
1358.00085484322972	3.101158e+02
1358.99993565592968	3.101113e+02
1359.99904835064194	3.101067e+02
1360.99819117085349	3.101021e+02
1362.00046895444302	3.100975e+02
1362.9996744606367	3.100929e+02
1363.99890983446517	3.100883e+02
1364.99817625000514	3.100837e+02
1366.00057675993003	3.100791e+02
1366.99990367562941	3.100744e+02
1367.9992590363438	3.100698e+02
1368.99864066007058	3.100651e+02
1369.99804663080772	3.100604e+02
1371.00057959637684	3.100557e+02
1372.00002990975213	3.100510e+02
1372.9995002470821	3.100462e+02
1373.99899004972622	3.100415e+02
1374.99849884930177	3.100367e+02
1375.99802611657037	3.100319e+02
1377.0006751514743	3.100271e+02
1378.00023421828473	3.100222e+02
1378.99980186620587	3.100174e+02
1379.99937287725652	3.100125e+02
1380.99894108755052	3.100076e+02
1381.99850130410346	3.100027e+02
1382.99804987963262	3.099977e+02
1384.00068734541537	3.099927e+02
1385.0002043187983	3.099877e+02
1385.99970579036994	3.099827e+02
1386.99919015351657	3.099777e+02
1387.9986536510246	3.099726e+02
1388.99809272032599	3.099675e+02
1390.00060974385337	3.099624e+02
1390.99999660132357	3.099573e+02
1391.99935726255489	3.099522e+02
1392.99869173706816	3.099471e+02
1393.9979991575558	3.099419e+02
1395.00037999900633	3.099367e+02
1395.99962390962583	3.099316e+02
1396.99883211560154	3.099264e+02
1397.99800414250876	3.099212e+02
1399.00024344831309	3.099160e+02
1399.99934490739838	3.099107e+02
1400.9984116419314	3.099055e+02
1402.00054648821447	3.099003e+02
1402.99954453430087	3.098951e+02
1403.99850834173913	3.098899e+02
1405.00053967198528	3.098846e+02
1405.99943391035413	3.098794e+02
1406.99829450752236	3.098742e+02
1408.00022814772478	3.098690e+02
1408.99903329382164	3.098638e+02
1410.00091412937172	3.098586e+02
1410.99966626340984	3.098534e+02
1411.9983906948205	3.098482e+02
1413.00019518133809	3.098430e+02
1413.99888386547832	3.098378e+02
1415.00066595208682	3.098327e+02
1415.99934766114984	3.098275e+02
1416.9980370354624	3.098224e+02
1417.99983869231846	3.098172e+02
1418.99855226288651	3.098121e+02
1420.00038617582095	3.098069e+02
1420.99914001706429	3.098018e+02
1421.99792000870934	3.097967e+02
1422.99982909249775	3.097915e+02
1423.99866679425713	3.097864e+02
1425.00064067122162	3.097813e+02
1425.99955111646295	3.097761e+02
1426.99850618558708	3.097710e+02
1428.00061483366107	3.097659e+02
1428.99967494484235	3.097607e+02
1429.99878924253017	3.097556e+02
1430.99795362734608	3.097504e+02
1432.00026670837451	3.097452e+02
1432.99951741945915	3.097400e+02
1433.99880633259363	3.097348e+02
1434.99813322529735	3.097295e+02
1436.00060118761689	3.097243e+02
1437.00000441811471	3.097190e+02
1437.99944825605439	3.097137e+02
1438.99893273974135	3.097084e+02
1439.99845539545322	3.097030e+02
1440.99801166552561	3.096977e+02
1442.00069993741477	3.096923e+02
1443.00030417449284	3.096868e+02
1443.99992098048074	3.096814e+02
1444.99954376078949	3.096759e+02
1445.99916897508547	3.096704e+02
1446.99879542122426	3.096648e+02
1447.99842022787266	3.096593e+02
1448.99803658171481	3.096537e+02
1450.00074251822184	3.096480e+02
1451.00032547006595	3.096424e+02
1451.99989047009171	3.096367e+02
1452.99943915289964	3.096310e+02
1453.99897263919183	3.096253e+02
1454.99849251259775	3.096195e+02
1455.99799841150116	3.096138e+02
1457.00059184705924	3.096080e+02
1458.00006146936698	3.096022e+02
1458.99950821755465	3.095964e+02
1459.99892970872861	3.095906e+02
1460.99832273732682	3.095847e+02
1462.00078713971266	3.095789e+02
1463.00011302539178	3.095730e+02
1463.99940313452635	3.095672e+02
1464.99865863753894	3.095613e+02
1466.00098595879172	3.095554e+02
1467.00018237721974	3.095495e+02
1467.99935405881047	3.095436e+02
1468.99850226643298	3.095378e+02
1470.00072925667791	3.095319e+02
1470.99982757685984	3.095260e+02
1471.9988974616665	3.095201e+02
1472.99793641740439	3.095143e+02
1474.00004542403713	3.095084e+02
1474.99902393116145	3.095025e+02
1475.99798331380998	3.094967e+02
1477.00003275532003	3.094908e+02
1477.99896764514278	3.094850e+02
1479.00098971328089	3.094791e+02
1479.99989016698669	3.094733e+02
1480.9987717291865	3.094675e+02
1482.00074561971337	3.094617e+02
1482.99962385314484	3.094559e+02
1483.99852982484094	3.094501e+02
1485.00058344117451	3.094443e+02
1485.99959041304328	3.094386e+02
1486.99865669960923	3.094328e+02
1488.00088243404866	3.094271e+02
1489.00005568623578	3.094213e+02
1489.99927060181244	3.094155e+02
1490.99852111164478	3.094098e+02
1492.00090713276791	3.094040e+02
1493.00022362862455	3.093982e+02
1493.99958070080538	3.093924e+02
1494.99898601783889	3.093866e+02
1495.99844407874298	3.093808e+02
1496.99795267212198	3.093750e+02
1498.00061017970302	3.093691e+02
1499.00020024652781	3.093633e+02
1499.99982124123744	3.093574e+02
1500.9994711555787	3.093515e+02
1501.99915476841147	3.093456e+02
1502.99888210405743	3.093397e+02
1503.99866218352054	3.093337e+02
1504.99850046269671	3.093278e+02
1505.99839741814117	3.093217e+02
1506.99834498102905	3.093157e+02
1507.99832982226803	3.093096e+02
1508.99834377057755	3.093035e+02
1509.9983812867863	3.092973e+02
1510.99843940311575	3.092911e+02
1511.99851754542328	3.092849e+02
1512.99862037456728	3.092787e+02
1513.99875680543801	3.092724e+02
1514.99893992752845	3.092661e+02
1515.99916719891712	3.092598e+02
1516.99943167005972	3.092535e+02
1517.99971705804433	3.092471e+02
1519.00000507093364	3.092407e+02
1520.00028064636444	3.092342e+02
1521.00054344655064	3.092277e+02
1522.00080604227378	3.092213e+02
1522.99797203784647	3.092148e+02
1523.9982617297137	3.092083e+02
1524.99857104828561	3.092017e+02
1525.99889287421797	3.091952e+02
1526.99920744121346	3.091886e+02
1527.99949332756796	3.091820e+02
1528.99972890828735	3.091754e+02
1529.99989843304297	3.091687e+02
1530.99999660623575	3.091621e+02
1532.00002834752672	3.091555e+02
1533.0000056497388	3.091489e+02
1533.99994379792724	3.091422e+02
1534.99985489382766	3.091356e+02
1535.99974107227354	3.091290e+02
1536.99959318218407	3.091224e+02
1537.9993945457486	3.091158e+02
1538.99912737611771	3.091092e+02
1539.99878050831308	3.091025e+02
1540.99835962920133	3.090959e+02
1542.0009963747616	3.090893e+02
1543.00051612376092	3.090828e+02
1544.00004650489836	3.090762e+02
1544.99959031082108	3.090697e+02
1545.99913767881571	3.090632e+02
1546.99866683407481	3.090566e+02
1547.99815230633658	3.090501e+02
1549.00068285709017	3.090435e+02
1550.00005989398483	3.090370e+02
1550.99940805667757	3.090305e+02
1551.99875115231362	3.090240e+02
1552.99810340256977	3.090176e+02
1554.00057779378039	3.090111e+02
1554.99996085500288	3.090046e+02
1555.99934013623056	3.089982e+02
1556.99870004641639	3.089917e+02
1557.99802508664197	3.089852e+02
1559.00040351372286	3.089787e+02
1559.99962961638175	3.089722e+02
1560.99883185458475	3.089657e+02
1561.99804665354827	3.089592e+02
1563.00040512244777	3.089527e+02
1563.99971697969067	3.089463e+02
1564.99910425874737	3.089397e+02
1565.99856707239883	3.089332e+02
1566.99807599091628	3.089266e+02
1568.00070774537676	3.089200e+02
1569.00026169563853	3.089133e+02
1569.99985397141518	3.089067e+02
1570.99947455884217	3.089000e+02
1571.99913249478072	3.088933e+02
1572.99887431463685	3.088865e+02
1573.99872674321773	3.088798e+02
1574.99867493132228	3.088730e+02
1575.99869628956208	3.088662e+02
1576.99876896870296	3.088593e+02
1577.99887053899829	3.088524e+02
1578.99898700611743	3.088455e+02
1579.99911920877094	3.088385e+02
1580.99929604950307	3.088315e+02
1581.99954333203823	3.088246e+02
1582.99986456861598	3.088176e+02
1584.00026526690181	3.088105e+02
1585.00074982126171	3.088035e+02
1585.99819811651037	3.087964e+02
1586.99880664137254	3.087893e+02
1587.99945226420368	3.087821e+02
1589.0001050525093	3.087749e+02
1590.0007417046229	3.087677e+02
1590.99824813146188	3.087605e+02
1591.99884023885124	3.087533e+02
1592.99942972519125	3.087460e+02
1594.00002958172672	3.087387e+02
1595.00064829070243	3.087314e+02
1595.99818229142693	3.087242e+02
1596.99883056767135	3.087168e+02
1597.99946764110496	3.087095e+02
1599.00008495377551	3.087021e+02
1600.00067270199793	3.086947e+02
1600.99811693056563	3.086873e+02
1601.99863573761127	3.086798e+02
1602.99912012433379	3.086724e+02
1603.99955882001245	3.086650e+02
1604.99994378683573	3.086575e+02
1606.00026089057701	3.086500e+02
1607.00048996083433	3.086425e+02
1608.00061823184706	3.086351e+02
1609.00063726449798	3.086276e+02
1610.0005459719514	3.086201e+02
1611.00035693762493	3.086127e+02
1612.00008533486721	3.086053e+02
1612.99974030925409	3.085979e+02
1613.99933008162088	3.085905e+02
1614.99885544376457	3.085831e+02
1615.99829926410507	3.085757e+02
1617.00074608381328	3.085683e+02
1617.99999151333782	3.085610e+02
1618.99916022374327	3.085536e+02
1619.99827274183122	3.085463e+02
1621.00046467299944	3.085390e+02
1621.99955921158471	3.085318e+02
1622.99868939079943	3.085245e+02
1624.00096420526552	3.085173e+02
1625.0001752008875	3.085101e+02
1625.99941093398934	3.085028e+02
1626.99864202277604	3.084956e+02
1628.00095094900098	3.084883e+02
1629.00012708075269	3.084810e+02
1629.99926862994425	3.084738e+02
1630.99839600341625	3.084665e+02
1632.00064545422356	3.084593e+02
1632.999830789101	3.084521e+02
1633.99906500187512	3.084448e+02
1634.99834936202728	3.084375e+02
1636.00077795229117	3.084302e+02
1637.00013341642921	3.084229e+02
1637.99951203272235	3.084156e+02
1638.99891425364126	3.084082e+02
1639.99835136539605	3.084008e+02
1641.00094891576464	3.083934e+02
1642.00052419316467	3.083860e+02
1643.00020450171905	3.083786e+02
1643.99999952621715	3.083712e+02
1644.99990031811558	3.083637e+02
1645.9998853409802	3.083562e+02
1646.99992774030056	3.083486e+02
1648.00000741580061	3.083411e+02
1649.00012525584066	3.083335e+02
1650.0003044318978	3.083259e+02
1651.00057667982696	3.083182e+02
1652.00097306798943	3.083106e+02
1652.9984012384748	3.083030e+02
1653.99906609368327	3.082953e+02
1654.9998186113578	3.082876e+02
1656.00059973348289	3.082797e+02
1656.99825718648094	3.082719e+02
1657.99898360932161	3.082640e+02
1658.99966849767975	3.082561e+02
1660.00032889122303	3.082482e+02
1661.00098436380154	3.082403e+02
1661.99854619226448	3.082323e+02
1662.99925115638712	3.082244e+02
1664.00001017106456	3.082164e+02
1665.00081724871029	3.082083e+02
1665.99854239466185	3.082003e+02
1666.99936593392567	3.081922e+02
1668.00013978533343	3.081840e+02
1669.00085085916248	3.081758e+02
1669.99840096049707	3.081676e+02
1670.99901862720822	3.081594e+02
1671.9996011514902	3.081511e+02
1673.00014282323718	3.081429e+02
1674.00062690990535	3.081346e+02
1674.99793006669779	3.081264e+02
1675.99825913159702	3.081181e+02
1676.9985159332075	3.081099e+02
1677.99873305586266	3.081016e+02
1678.99894984492721	3.080934e+02
1679.9991844537949	3.080852e+02
1680.99942100389649	3.080770e+02
1681.99961178412059	3.080687e+02
1682.99969481212179	3.080604e+02
1683.99961417643317	3.080521e+02
1684.99933732720092	3.080438e+02
1685.99886835550888	3.080356e+02
1686.99826333853071	3.080274e+02
1688.00070195106059	3.080192e+02
1689.00002689868484	3.080112e+02
1689.99935696480293	3.080031e+02
1690.99869182296447	3.079951e+02
1691.99802643554904	3.079870e+02
1693.00044817745015	3.079790e+02
1693.9997459726842	3.079709e+02
1694.99903910307034	3.079629e+02
1695.99833840348583	3.079549e+02
1697.00075316265634	3.079469e+02
1698.00007672925381	3.079389e+02
1698.99939518658698	3.079310e+02
1699.99868049662655	3.079230e+02
1700.99791381765954	3.079150e+02
1702.00018950024923	3.079071e+02
1702.99931216928599	3.078992e+02
1703.99841821405221	3.078913e+02
1705.00066237152009	3.078834e+02
1705.99989378959776	3.078756e+02
1706.99925281337846	3.078678e+02
1707.99875871085374	3.078599e+02
1708.9984074327424	3.078520e+02
1709.99817324317451	3.078441e+02
1710.99800487291645	3.078361e+02
1712.00095314679879	3.078280e+02
1713.00077544386886	3.078199e+02
1714.00057550727479	3.078119e+02
1715.00038130945882	3.078038e+02
1716.00023802081137	3.077957e+02
1717.00019297839776	3.077877e+02
1718.00027819476122	3.077797e+02
1719.00050654086658	3.077716e+02
1720.00087646197721	3.077635e+02
1720.99825701122109	3.077553e+02
1721.99882484980481	3.077471e+02
1722.99944642589753	3.077388e+02
1724.00010876766851	3.077305e+02
1725.0007972407634	3.077222e+02
1725.99838250384119	3.077138e+02
1726.99907796378784	3.077054e+02
1727.99979450504793	3.076969e+02
1729.00054098330065	3.076884e+02
1729.99817993578563	3.076800e+02
1730.9988351227255	3.076714e+02
1731.99930843447328	3.076628e+02
1732.99960140813437	3.076542e+02
1733.99981711714031	3.076457e+02
1735.00010576322961	3.076372e+02
1736.00061319661063	3.076288e+02
1736.99831962602411	3.076203e+02
1737.99942471794657	3.076118e+02
1739.00069142894085	3.076031e+02
1739.99879142569853	3.075943e+02
1740.99972082434397	3.075854e+02
1742.0002595753615	3.075764e+02
1743.00042499239476	3.075676e+02
1744.00033711463016	3.075589e+02
1745.00020420483202	3.075503e+02
1746.00020305081262	3.075419e+02
1747.00044924191297	3.075335e+02
1748.00098229104992	3.075251e+02
1748.99862559907751	3.075165e+02
1749.99937443698445	3.075078e+02
1750.99993341300956	3.074990e+02
1752.00020452842364	3.074901e+02
1753.00018539774965	3.074813e+02
1753.99995722605786	3.074725e+02
1754.99965172305224	3.074638e+02
1755.99937420901142	3.074552e+02
1756.99918398843283	3.074466e+02
1757.99905727546616	3.074379e+02
1758.99890197778745	3.074293e+02
1759.99861603758336	3.074206e+02
1760.99815084045258	3.074118e+02
1762.00064772574046	3.074032e+02
1763.00000454708311	3.073946e+02
1763.99944313344577	3.073861e+02
1764.99905837673236	3.073776e+02
1765.99888355959615	3.073692e+02
1766.99884729628457	3.073606e+02
1767.99883162080027	3.073520e+02
1768.99871689796737	3.073433e+02
1769.99837543997342	3.073346e+02
1771.00083206083377	3.073259e+02
1771.99993232871066	3.073173e+02
1772.99891571185594	3.073089e+02
1773.9979439962824	3.073006e+02
1775.00028853091226	3.072924e+02
1775.99985701588776	3.072842e+02
1776.9997644951352	3.072759e+02
1777.99990352173882	3.072675e+02
1779.00007262439976	3.072590e+02
1780.00005311805398	3.072503e+02
1780.99972359915159	3.072416e+02
1781.99911606461114	3.072329e+02
1782.99838244358966	3.072244e+02
1784.000824727397	3.072160e+02
1785.00041188977411	3.072076e+02
1786.00031015063769	3.071993e+02
1787.00047433238024	3.071908e+02
1788.00079576195844	3.071822e+02
1788.99804110645005	3.071736e+02
1789.99833056785428	3.071648e+02
1790.99854521824045	3.071561e+02
1791.99875201646159	3.071474e+02
1792.99905301074273	3.071387e+02
1793.99956153303106	3.071301e+02
1795.00037569769552	3.071214e+02
1795.99842001382149	3.071127e+02
1796.99984002621409	3.071038e+02
1797.99821822073977	3.070948e+02
1798.99947944337873	3.070856e+02
1800.00027864572485	3.070764e+02
1801.00056012321079	3.070673e+02
1802.00048960482559	3.070583e+02
1803.00033879808689	3.070495e+02
1804.00034899565208	3.070409e+02
1805.00070417638608	3.070323e+02
1805.99834349052003	3.070237e+02
1806.99936069278101	3.070148e+02
1808.0004092353056	3.070058e+02
1808.99812186720555	3.069966e+02
1809.99854570925777	3.069873e+02
1810.99856121576249	3.069781e+02
1811.99830226419863	3.069690e+02
1812.99798186818407	3.069602e+02
1814.00089884028694	3.069514e+02
1815.00095200638179	3.069426e+02
1815.99812846920872	3.069338e+02
1816.9985271850544	3.069248e+02
1817.99889735535976	3.069158e+02
1818.99913309599242	3.069066e+02
1819.99921614260279	3.068975e+02
1820.99922274400001	3.068884e+02
1821.9992828819145	3.068794e+02
1822.9994983329093	3.068704e+02
1823.99987717613885	3.068613e+02
1825.00031684566693	3.068521e+02
1826.00063631033709	3.068428e+02
1827.00065115859502	3.068334e+02
1828.0002588480736	3.068241e+02
1828.999521290345	3.068149e+02
1829.9986634692209	3.068059e+02
1830.99798581434948	3.067970e+02
1832.00082425095457	3.067883e+02
1832.99794337922572	3.067796e+02
1833.99852546420016	3.067707e+02
1834.99916815684355	3.067616e+02
1835.99950287222032	3.067523e+02
1836.99926197810851	3.067429e+02
1837.99845557101821	3.067336e+02
1839.0004610645974	3.067246e+02
1839.99946844884767	3.067159e+02
1840.99889490637406	3.067075e+02
1841.99882978537903	3.066990e+02
1842.99915568361689	3.066903e+02
1843.99962394086606	3.066815e+02
1844.9999339175306	3.066724e+02
1845.99984691075065	3.066632e+02
1846.99937196937162	3.066542e+02
1847.99875222213336	3.066454e+02
1848.9983355002023	3.066368e+02
1849.99841663746088	3.066283e+02
1850.99907064851641	3.066198e+02
1852.00023379756112	3.066111e+02
1852.99850626381544	3.066021e+02
1853.99957871549464	3.065927e+02
1855.00004137674819	3.065833e+02
1855.99993206196245	3.065741e+02
1856.99962127416029	3.065651e+02
1857.99947772035603	3.065564e+02
1858.99983540032395	3.065479e+02
1860.00087601343103	3.065392e+02
1860.99940074094002	3.065304e+02
1861.99821972287737	3.065211e+02
1862.99985620170742	3.065115e+02
1864.00073654599191	3.065018e+02
1865.00079823534224	3.064921e+02
1866.00023590001365	3.064828e+02
1866.99936799980014	3.064737e+02
1867.99851343587943	3.064649e+02
1869.0009532396025	3.064561e+02
1870.00041894692572	3.064472e+02
1870.99976274147139	3.064381e+02
1871.9987072297788	3.064289e+02
1873.00016324044873	3.064197e+02
1874.00096078780825	3.064106e+02
1874.99814290175391	3.064018e+02
1875.99817497179083	3.063932e+02
1876.99826133029728	3.063848e+02
1877.99858335500471	3.063766e+02
1878.99911000948509	3.063683e+02
1879.99959120604399	3.063598e+02
1880.99966701720768	3.063514e+02
1881.99906092747733	3.063430e+02
1883.00082289671991	3.063348e+02
1883.99895188739174	3.063269e+02
1884.99999827907118	3.063194e+02
1885.9982135368839	3.063123e+02
1887.00003193897987	3.063052e+02
1887.99923803263118	3.062982e+02
1888.9986619013298	3.062910e+02
1890.0009782374259	3.062837e+02
1890.9996120218068	3.062765e+02
1892.00060902208838	3.062695e+02
1892.99796475072867	3.062629e+02
1893.99834801076008	3.062567e+02
1894.99921205038618	3.062510e+02
1896.00078212942276	3.062456e+02
1896.99985531762559	3.062402e+02
1897.99922337217936	3.062348e+02
1898.998514202754	3.062294e+02
1900.00049934267236	3.062239e+02
1900.99893317374926	3.062187e+02
1902.00019646337023	3.062139e+02
1902.99848172231191	3.062096e+02
1904.00035835896188	3.062057e+02
1904.99983568619928	3.062021e+02
1905.99992277003275	3.061987e+02
1907.00032134021694	3.061952e+02
1908.0008322899414	3.061915e+02
1909.00093160232086	3.061878e+02
1910.00030599308934	3.061842e+02
1910.99915416881481	3.061810e+02
1912.00096180215701	3.061781e+02
1912.99985416341951	3.061758e+02
1913.99916159502141	3.061739e+02
1915.00183493017198	3.061722e+02
1915.99884508729065	3.061706e+02
1916.99943377915861	3.061688e+02
1918.00014863020897	3.061668e+02
1919.00056764200008	3.061649e+02
1920.00045193746428	3.061631e+02
1920.999817220767	3.061616e+02
1921.99885407788929	3.061605e+02
1923.00093528869252	3.061597e+02
1924.00015154858534	3.061592e+02
1924.9996942356795	3.061589e+02
1925.99951501246892	3.061586e+02
1926.9994556337756	3.061583e+02
1927.99924453677409	3.061579e+02
1929.00169876828068	3.061576e+02
1930.00053873376396	3.061574e+02
1930.99901672645274	3.061576e+02
1932.00052548632129	3.061581e+02
1932.99922801006664	3.061589e+02
1934.0015359973911	3.061600e+02
1935.00131940371921	3.061612e+02
1936.00158843669146	3.061624e+02
1936.99896437524126	3.061635e+02
1937.99915532118575	3.061645e+02
1939.00169088058715	3.061655e+02
1940.00026699132422	3.061667e+02
1941.00131005967296	3.061683e+02
1941.99907159494342	3.061702e+02
1943.00016854220166	3.061725e+02
1943.99876931042331	3.061751e+02
1945.0013154265514	3.061778e+02
1946.00145902451573	3.061805e+02
1947.00184707857534	3.061832e+02
1947.99894027443679	3.061857e+02
1949.00159173641941	3.061883e+02
1950.0005148195396	3.061911e+02
1950.99915708621666	3.061942e+02
1952.00121105374001	3.061978e+02
1953.00099918931824	3.062017e+02
1954.00175856958867	3.062058e+02
1955.00025833826953	3.062100e+02
1955.99891357040747	3.062142e+02
1956.99998347217434	3.062183e+02
1957.99995687250339	3.062225e+02
1958.99898139444576	3.062267e+02
1960.00060367275319	3.062312e+02
1960.99908875227379	3.062360e+02
1962.00098840628698	3.062411e+02
1963.00035636391385	3.062463e+02
1964.00013511165548	3.062516e+02
1964.99958884015041	3.062568e+02
1966.00117777936748	3.062619e+02
1967.00166040344834	3.062669e+02
1968.00103332507774	3.062717e+02
1968.99926208336751	3.062765e+02
1969.99984270938785	3.062815e+02
1971.00066921584312	3.062867e+02
1972.00156233056987	3.062919e+02
1973.00163917092277	3.062972e+02
1974.00116417228719	3.063024e+02
1975.00054692965341	3.063074e+02
1976.00169083237279	3.063122e+02
1977.00122177684921	3.063169e+02
1978.00073247297109	3.063217e+02
1979.00099174790853	3.063266e+02
1980.00060676208864	3.063318e+02
1980.9999655791205	3.063373e+02
1982.00038738718672	3.063427e+02
1982.99987281407948	3.063480e+02
1984.00023924400102	3.063531e+02
1985.00078188989801	3.063580e+02
1986.00130190178152	3.063630e+02
1987.00082094559184	3.063684e+02
1988.00124635556813	3.063743e+02
1989.00020087422172	3.063808e+02
1989.999123837252	3.063877e+02
1991.00087133326883	3.063947e+02
1991.99942744573468	3.064014e+02
1992.99978404438912	3.064078e+02
1993.99925602162261	3.064138e+02
1994.999169630285	3.064199e+02
1995.99991512042811	3.064265e+02
1997.00115585923368	3.064340e+02
1997.99970297082518	3.064420e+02
1999.00140827003497	3.064502e+02
1999.99864306339714	3.064578e+02
2001.00049341427098	3.064646e+02
2001.99871974126404	3.064710e+02
2002.99998310215051	3.064778e+02
2003.99892672382498	3.064852e+02
2004.99910086211912	3.064935e+02
2005.99975132704435	3.065024e+02
2006.99968559747913	3.065114e+02
2007.99838059500075	3.065200e+02
2008.99946407483458	3.065281e+02
2010.00017958868057	3.065359e+02
2010.99811436887239	3.065440e+02
2012.00009799786471	3.065527e+02
2013.00007377642805	3.065623e+02
2014.00024334006048	3.065724e+02
2014.99984687250253	3.065826e+02
2015.99872423445186	3.065926e+02
2017.00039146966742	3.066022e+02
2017.99944762206155	3.066115e+02
2018.99902973931535	3.066210e+02
2019.99926510331693	3.066311e+02
2021.00041439558163	3.066420e+02
2021.99893569980145	3.066533e+02
2023.00014567225253	3.066647e+02
2023.99799465514093	3.066757e+02
2024.99925690021951	3.066865e+02
2025.9981258396333	3.066974e+02
2026.99802969827783	3.067086e+02
2027.99863002482357	3.067204e+02
2028.99912882977151	3.067325e+02
2029.99940003971801	3.067448e+02
2030.99961806678425	3.067570e+02
2031.99984647913698	3.067689e+02
2033.00038005481906	3.067807e+02
2033.99871361746636	3.067927e+02
2035.0005466491109	3.068050e+02
2035.99886036417092	3.068175e+02
2036.99988564581076	3.068302e+02
2037.9982610211141	3.068427e+02
2039.00006026532355	3.068551e+02
2039.99878396542613	3.068673e+02
2040.99772480244224	3.068796e+02
2042.00012038723753	3.068922e+02
2042.99966677357202	3.069051e+02
2043.99909102798074	3.069181e+02
2044.99866566660921	3.069311e+02
2045.99868470683373	3.069440e+02
2046.99904399035381	3.069571e+02
2047.99968019166795	3.069703e+02
2049.00057878516054	3.069837e+02
2049.9985104174707	3.069972e+02
2050.99974557565474	3.070107e+02
2051.99827445028086	3.070240e+02
2053.00040170725606	3.070373e+02
2053.99975117620988	3.070504e+02
2054.99917963931011	3.070636e+02
2055.99906816382008	3.070771e+02
2057.00010239177618	3.070902e+02
2057.99957034940689	3.071031e+02
2059.00033855696984	3.071158e+02
2059.99877427408364	3.071285e+02
2061.00068028990472	3.071413e+02
2061.99967126352203	3.071540e+02
2062.9986247787715	3.071667e+02
2064.0005915181905	3.071795e+02
2064.99889326900075	3.071922e+02
2065.99960981869208	3.072049e+02
2066.99975605732197	3.072175e+02
2067.99950374386253	3.072300e+02
2068.99903816909227	3.072422e+02
2069.99854899783304	3.072546e+02
2070.99835310048456	3.072669e+02
2071.99848359109592	3.072791e+02
2072.99844596715275	3.072912e+02
2073.99778702077265	3.073032e+02
2074.99967222318037	3.073153e+02
2075.99810136242013	3.073274e+02
2076.99934962724456	3.073396e+02
2078.00007264182295	3.073517e+02
2078.9997303476639	3.073638e+02
2079.99798609703339	3.073760e+02
2080.99795342414836	3.073883e+02
2081.99986423388145	3.074008e+02
2082.99768968741637	3.074134e+02
2083.99737290915937	3.074261e+02
2084.99894619512907	3.074388e+02
2085.99976832878156	3.074517e+02
2087.00031337056316	3.074646e+02
2087.99766901176326	3.074776e+02
2088.99789846065732	3.074907e+02
2089.99794567799563	3.075038e+02
2090.99800346861957	3.075169e+02
2091.99812405934608	3.075300e+02
2092.99840201409143	3.075431e+02
2093.99876380594333	3.075561e+02
2094.99869089617778	3.075689e+02
2095.9978550317137	3.075816e+02
2096.9991733022307	3.075943e+02
2097.99977647816695	3.076071e+02
2098.99987393665151	3.076199e+02
2099.99979300803352	3.076329e+02
2101.00010186090003	3.076458e+02
2101.99846402574758	3.076588e+02
2102.99866839115339	3.076718e+02
2103.99813623537784	3.076849e+02
2104.99996692578725	3.076980e+02
2105.99816976857392	3.077111e+02
2106.99866919346414	3.077244e+02
2107.99782810185116	3.077377e+02
2108.9981657680155	3.077510e+02
2109.99908141417063	3.077646e+02
2111.00014270524571	3.077784e+02
2111.99784360021431	3.077923e+02
2112.9980692155591	3.078066e+02
2113.99772421590706	3.078210e+02
2115.00025172177084	3.078356e+02
2115.99995989037507	3.078502e+02
2116.99743479911331	3.078650e+02
2117.99936725192401	3.078800e+02
2118.99971794856356	3.078952e+02
2119.99836479931173	3.079107e+02
2120.99811993371668	3.079265e+02
2121.99882706652033	3.079425e+02
2122.9973407326479	3.079588e+02
2123.9997887224763	3.079755e+02
2124.99981503044955	3.079924e+02
2125.99746819986694	3.080095e+02
2126.99908667016416	3.080269e+02
2127.9985176557293	3.080444e+02
2128.99886088528137	3.080621e+02
2129.9999912036451	3.080800e+02
2130.99865504492345	3.080978e+02
2131.99786809570242	3.081156e+02
2132.99751634167706	3.081334e+02
2133.99753946215287	3.081510e+02
2134.99786540615605	3.081685e+02
2135.99851037891131	3.081859e+02
2136.9995630294261	3.082032e+02
2137.99793694486607	3.082204e+02
2138.99984749607711	3.082376e+02
2139.99877445712855	3.082548e+02
2140.99753084719578	3.082720e+02
2141.99917903327423	3.082891e+02
2142.99749645313159	3.083061e+02
2143.99886796876945	3.083230e+02
2144.99993714993252	3.083397e+02
2145.99733484778471	3.083562e+02
2147.00039487450886	3.083726e+02
2147.99976503022026	3.083889e+02
2148.99875176522892	3.084051e+02
2149.99746583337583	3.084212e+02
2150.99907529154007	3.084373e+02
2152.00030219342352	3.084533e+02
2152.99785677024329	3.084690e+02
2153.99733257606476	3.084846e+02
2154.99748501575414	3.084999e+02
2156.000377352143	3.085150e+02
2156.99863758590345	3.085297e+02
2157.99919717638477	3.085443e+02
2158.99807518371426	3.085586e+02
2159.9998077229543	3.085728e+02
2161.00031085701812	3.085868e+02
2162.00036355467819	3.086006e+02
2162.99924782493918	3.086143e+02
2163.99943658260054	3.086277e+02
2165.00044714256319	3.086409e+02
2165.99874920609682	3.086540e+02
2167.00033799808352	3.086670e+02
2167.99877640363593	3.086799e+02
2169.00023517328327	3.086930e+02
2169.99850800146805	3.087060e+02
2170.99994296293926	3.087190e+02
2171.99863989052164	3.087321e+02
2172.99750202157702	3.087453e+02
2173.9992223670597	3.087585e+02
2174.99740299741461	3.087717e+02
2175.99833749423806	3.087849e+02
2176.99911416738041	3.087979e+02
2177.99978870693667	3.088107e+02
2179.00033647576856	3.088233e+02
2179.9976957639301	3.088356e+02
2180.99803515688518	3.088479e+02
2181.99820458052909	3.088601e+02
2182.99845473769528	3.088722e+02
2183.99895209592114	3.088844e+02
2184.99950017484889	3.088965e+02
2186.00019397418373	3.089087e+02
2186.99787029970958	3.089210e+02
2187.99826391316947	3.089332e+02
2188.99771439201459	3.089453e+02
2189.99907864252827	3.089572e+02
2190.99935342400659	3.089688e+02
2191.99883265925837	3.089800e+02
2192.99795951929855	3.089909e+02
2193.99983017743807	3.090014e+02
2194.99780033080879	3.090117e+02
2195.99755666840838	3.090218e+02
2196.99925646415886	3.090318e+02
2197.99984148038402	3.090419e+02
2198.99928127135126	3.090518e+02
2199.99808676481643	3.090616e+02
2200.99998098248716	3.090716e+02
2201.99918517415335	3.090816e+02
2202.99908315789162	3.090917e+02
2203.9995327011743	3.091019e+02
2205.00010956640926	3.091120e+02
2205.9974725342804	3.091221e+02
2206.9976090697246	3.091320e+02
2208.0003674833938	3.091418e+02
2208.99940244910567	3.091515e+02
2209.99771086723058	3.091610e+02
2210.9985298354004	3.091705e+02
2211.99910742249858	3.091797e+02
2212.99971696180592	3.091888e+02
2213.99752000513672	3.091978e+02
2214.99894471088874	3.092067e+02
2215.9981775852375	3.092156e+02
2216.99840338094509	3.092244e+02
2217.99954605298126	3.092332e+02
2218.99848923973559	3.092420e+02
2219.99827675633151	3.092508e+02
2220.99872301500773	3.092597e+02
2221.99962852024055	3.092687e+02
2222.99777183598962	3.092778e+02
2223.99902753071365	3.092870e+02
2224.99982873955014	3.092961e+02
2225.9998707552727	3.093052e+02
2226.99913600122863	3.093141e+02
2227.99759010323805	3.093227e+02
2228.99846232958998	3.093309e+02
2229.99897909293577	3.093388e+02
2230.9996306599669	3.093465e+02
2232.00039433140728	3.093539e+02
2232.99787400434116	3.093613e+02
2233.99871370510118	3.093688e+02
2234.9999537612639	3.093763e+02
2235.99848415860879	3.093840e+02
2236.9976012285706	3.093918e+02
2237.9974617870439	3.093998e+02
2238.99784214628562	3.094080e+02
2239.99891322069834	3.094163e+02
2240.99789000996088	3.094247e+02
2242.00030983782108	3.094333e+02
2242.99914185837042	3.094419e+02
2243.99743710862595	3.094504e+02
2244.9984691276054	3.094588e+02
2245.9992081517712	3.094670e+02
2246.99974073588555	3.094748e+02
2248.00018196718929	3.094822e+02
2248.99762751118942	3.094894e+02
2249.99801405747576	3.094964e+02
2250.99809761508232	3.095032e+02
2251.99820086085674	3.095100e+02
2252.99882295924635	3.095169e+02
2254.00006169661992	3.095239e+02
2254.99875315346162	3.095312e+02
2255.99810970797625	3.095387e+02
2256.99824355901546	3.095465e+02
2257.99905473568333	3.095544e+02
2259.00019969251434	3.095625e+02
2259.9981875817798	3.095708e+02
2260.99919128155943	3.095790e+02
2262.00032459015301	3.095871e+02
2262.99873406835104	3.095947e+02
2264.0002081860398	3.096019e+02
2264.99863667349973	3.096087e+02
2266.00027632655883	3.096151e+02
2266.9985431275627	3.096211e+02
2267.99951118267973	3.096269e+02
2269.00016699129947	3.096326e+02
2269.99758185133123	3.096383e+02
2270.99786821735279	3.096443e+02
2271.99790892851388	3.096507e+02
2272.99816742215307	3.096574e+02
2273.99930044262283	3.096644e+02
2274.99835017376199	3.096715e+02
2275.99842348579068	3.096789e+02
2276.99740792660987	3.096865e+02
2277.99822741756543	3.096943e+02
2278.99984385249445	3.097020e+02
2279.99807266022026	3.097094e+02
2280.99875640573237	3.097164e+02
2281.99830753409651	3.097228e+02
2282.99894213778862	3.097286e+02
2283.99766376034813	3.097339e+02
2284.998243751882	3.097387e+02
2285.9982282519054	3.097432e+02
2286.99869785351211	3.097475e+02
2288.00041530655244	3.097521e+02
2288.99951252740084	3.097570e+02
2289.99786921335908	3.097623e+02
2290.99812690473073	3.097681e+02
2291.9977693247115	3.097741e+02
2292.99805242413095	3.097803e+02
2293.99830070155258	3.097868e+02
2294.9988735932684	3.097936e+02
2295.99737680840144	3.098004e+02
2296.997362918004	3.098074e+02
2297.99835026838127	3.098143e+02
2298.99810139530109	3.098209e+02
2299.99896535442485	3.098268e+02
2301.00015453566448	3.098321e+02
2301.99949696415069	3.098366e+02
2302.99774808424536	3.098405e+02
2303.99907972232177	3.098440e+02
2304.99849876808003	3.098476e+02
2305.99941864096763	3.098514e+02
2306.99814169517276	3.098556e+02
2307.99912113494747	3.098602e+02
2308.99866296727805	3.098653e+02
2309.99740859131316	3.098706e+02
2310.99987246703085	3.098762e+02
2311.99820423129177	3.098820e+02
2312.99859138255442	3.098880e+02
2313.9994256144837	3.098942e+02
2314.99908323351883	3.099004e+02
2316.00008394815541	3.099066e+02
2316.99989285751553	3.099124e+02
2317.99884932061877	3.099176e+02
2319.00006736875866	3.099223e+02
2319.99787336056079	3.099265e+02
2320.99868770266175	3.099303e+02
2322.00010910638866	3.099338e+02
2323.00034540120851	3.099374e+02
2323.99997020282581	3.099412e+02
2324.99781788980272	3.099453e+02
2325.99819909263806	3.099498e+02
2327.00007667975842	3.099547e+02
2328.00027143664965	3.099599e+02
2328.99961233529211	3.099656e+02
2329.999652867431	3.099715e+02
2330.99835263534351	3.099776e+02
2331.99841108730061	3.099837e+02
2332.99840211696892	3.099898e+02
2333.99763965347938	3.099956e+02
2334.99957929431184	3.100011e+02
2335.99803029698614	3.100061e+02
2336.99890683774356	3.100106e+02
2337.99955209680638	3.100148e+02
2339.00034084638401	3.100187e+02
2339.99829559317095	3.100225e+02
2340.99967267216425	3.100263e+02
2341.99800723161434	3.100303e+02
2342.99890011629896	3.100347e+02
2343.99892908347601	3.100393e+02
2344.99827801677657	3.100442e+02
2345.997805155278	3.100494e+02
2346.99903193915088	3.100548e+02
2347.99961710966136	3.100604e+02
2348.99858992739382	3.100661e+02
2350.00041670362452	3.100718e+02
2350.99831128024289	3.100774e+02
2351.99882692585015	3.100827e+02
2352.9983404695754	3.100876e+02
2353.99964050988183	3.100921e+02
2355.00015843287702	3.100962e+02
2356.00035204070218	3.101001e+02
2356.99748193251799	3.101038e+02
2357.99790440889547	3.101074e+02
2358.99840253773255	3.101110e+02
2359.99880880956607	3.101149e+02
2360.99891648527046	3.101189e+02
2361.99861574990382	3.101233e+02
2362.99863355898651	3.101280e+02
2364.00024669444701	3.101329e+02
2364.99810022804013	3.101379e+02
2365.99763788779637	3.101430e+02
2367.00011005986244	3.101482e+02
2367.99796373717663	3.101533e+02
2369.00042317796442	3.101584e+02
2369.99883797816256	3.101633e+02
2370.99953219971803	3.101679e+02
2371.99945387799426	3.101722e+02
2372.99897667841287	3.101761e+02
2373.99849069003858	3.101797e+02
2374.99828936273707	3.101832e+02
2375.99834002907892	3.101866e+02
2376.9986668221236	3.101902e+02
2377.99903901132166	3.101939e+02
2378.99908183994557	3.101978e+02
2379.9985360598921	3.102021e+02
2380.99748482587938	3.102065e+02
2381.99960393491756	3.102113e+02
2382.9995179112866	3.102161e+02
2383.99737201020798	3.102209e+02
2384.9987046308911	3.102257e+02
2385.99952367580681	3.102304e+02
2386.99957175900454	3.102350e+02
2387.99895135302222	3.102394e+02
2388.99773264053056	3.102435e+02
2389.99934795109812	3.102473e+02
2390.99794611844391	3.102508e+02
2392.000071067514	3.102543e+02
2392.99986942474106	3.102576e+02
2393.99735909048286	3.102609e+02
2394.99861755764323	3.102644e+02
2396.00038049822797	3.102679e+02
2396.999280046271	3.102715e+02
2397.9980206531327	3.102752e+02
2398.99936990546212	3.102790e+02
2400.00009661273771	3.102829e+02
2401.00022862171454	3.102868e+02
2401.99975452106037	3.102905e+02
2402.99857882436754	3.102941e+02
2403.99987990839827	3.102975e+02
2404.99771436263154	3.103007e+02
2405.99850742203034	3.103037e+02
2406.99943760110773	3.103065e+02
2407.99773064108285	3.103091e+02
2408.99994245487642	3.103118e+02
2410.00033731595931	3.103146e+02
2410.99895595835778	3.103175e+02
2411.99883692786898	3.103205e+02
2412.99975301639915	3.103237e+02
2413.99843709958805	3.103269e+02
2414.99756668073724	3.103300e+02
2415.99978622502795	3.103331e+02
2416.99856364521656	3.103361e+02
2418.00001604584122	3.103389e+02
2418.99799271498659	3.103415e+02
2419.9987927418324	3.103438e+02
2420.99938329038832	3.103460e+02
2421.99982983369091	3.103480e+02
2423.00018911715779	3.103498e+02
2423.99751364332587	3.103517e+02
2424.9981777602884	3.103535e+02
2425.99912214524238	3.103553e+02
2427.00019506984881	3.103572e+02
2427.9981607959844	3.103592e+02
2428.99928472065631	3.103613e+02
2429.99736154411175	3.103635e+02
2430.99842009405165	3.103656e+02
2431.99921838544333	3.103677e+02
2432.99973280321046	3.103698e+02
2433.99988832222334	3.103717e+02
2434.99956375596548	3.103736e+02
2435.99865888192835	3.103754e+02
2437.0001885427655	3.103770e+02
2437.99804783782565	3.103786e+02
2438.99856199650139	3.103800e+02
2439.9987412791188	3.103814e+02
2440.99863100579387	3.103827e+02
2441.99828404650953	3.103840e+02
2442.99768514480547	3.103853e+02
2443.99988470843846	3.103867e+02
2444.9987306353064	3.103881e+02
2445.99742126215824	3.103895e+02
2446.99919619922366	3.103909e+02
2447.99800719339055	3.103924e+02
2449.00008267641579	3.103940e+02
2449.99927919990387	3.103955e+02
2450.99861444218186	3.103971e+02
2451.99791152140278	3.103985e+02
2453.00013688460331	3.103996e+02
2453.99914594800839	3.104005e+02
2454.9979210174979	3.104011e+02
2455.99960560640875	3.104016e+02
2456.99819897199541	3.104020e+02
2457.99999726007673	3.104024e+02
2458.99811008820507	3.104030e+02
2459.99801173524884	3.104038e+02
2460.9973812106341	3.104052e+02
2461.999602100218	3.104073e+02
2462.99849580337514	3.104101e+02
2463.99949130303048	3.104135e+02
2464.99894132724648	3.104173e+02
2465.99884914598897	3.104218e+02
2466.99910480596418	3.104266e+02
2467.99937686812382	3.104317e+02
2468.99798518704938	3.104367e+02
2469.99991054773227	3.104417e+02
2470.99856156170927	3.104466e+02
2472.00010733379759	3.104514e+02
2472.99822254590345	3.104563e+02
2473.99863329917798	3.104611e+02
2474.99815405534582	3.104660e+02
2476.00005594850836	3.104709e+02
2476.99817209166258	3.104757e+02
2477.99865629239775	3.104803e+02
2478.99836041636036	3.104847e+02
2480.00023966126992	3.104888e+02
2480.99803662861541	3.104926e+02
2482.00039712141552	3.104960e+02
2482.9982461498239	3.104990e+02
2483.99807190137017	3.105016e+02
2484.99958241501281	3.105039e+02
2486.00013007160533	3.105059e+02
2487.00024099135953	3.105078e+02
2487.9997162465761	3.105097e+02
2488.99883911418601	3.105115e+02
2489.99813519589907	3.105134e+02
2490.99772194033585	3.105154e+02
2491.99765629056583	3.105175e+02
2492.9980162916745	3.105198e+02
2493.99889117297562	3.105221e+02
2495.00034273794836	3.105246e+02
2495.99936673973116	3.105272e+02
2496.99905960229626	3.105299e+02
2497.9994557521095	3.105326e+02
2498.99753238008907	3.105355e+02
2499.99947729902715	3.105385e+02
2500.99919630359909	3.105416e+02
2501.99967339764999	3.105447e+02
2503.00079409065529	3.105483e+02
2503.99938634722639	3.105514e+02
2504.99840853773048	3.105545e+02
2506.00086927230268	3.105575e+02
2507.0005589385014	3.105606e+02
2508.0005466460957	3.105636e+02
2509.00073594086234	3.105667e+02
2509.99805346357516	3.105698e+02
2510.99871320600323	3.105731e+02
2511.99973411103974	3.105764e+02
2512.99809854275554	3.105798e+02
2513.99994797670161	3.105833e+02
2514.99907669717004	3.105868e+02
2515.9987003076576	3.105903e+02
2516.99887012493264	3.105939e+02
2517.99960778680634	3.105975e+02
2519.00092831216534	3.106012e+02
2519.99953051158673	3.106049e+02
2520.99836085585366	3.106086e+02
2522.00036118810021	3.106124e+02
2522.99945027961076	3.106161e+02
2523.99842825720361	3.106198e+02
2525.00015672435393	3.106236e+02
2525.99848770081462	3.106274e+02
2526.99958009738111	3.106312e+02
2528.00036314507406	3.106351e+02
2529.00074844603978	3.106391e+02
2530.00064158086252	3.106431e+02
2531.00023862287844	3.106471e+02
2531.99958838139719	3.106510e+02
2532.99853022830484	3.106549e+02
2534.00025830022696	3.106587e+02
2534.99884392441436	3.106626e+02
2536.00048399108164	3.106664e+02
2536.99905064259292	3.106703e+02
2538.0008637657611	3.106741e+02
2538.9998327799799	3.106780e+02
2539.99901032525668	3.106820e+02
2540.99851782799442	3.106860e+02
2541.99855123628504	3.106901e+02
2542.99904870387536	3.106942e+02
2543.99996914063968	3.106985e+02
2544.99832916726973	3.107027e+02
2546.00021546476637	3.107071e+02
2546.99931673698256	3.107114e+02
2547.99881992875771	3.107157e+02
2548.99862262136003	3.107199e+02
2549.99845127508843	3.107242e+02
2550.99844442773247	3.107283e+02
2551.998593112035	3.107325e+02
2552.99871533058831	3.107365e+02
2553.9989976212928	3.107406e+02
2554.99952693893238	3.107446e+02
2556.00016099880759	3.107487e+02
2557.00094128681849	3.107528e+02
2557.99895570057834	3.107569e+02
2559.00036794657717	3.107610e+02
2559.99876402940254	3.107652e+02
2561.00029048555871	3.107693e+02
2561.99881457109268	3.107735e+02
2563.00036329194745	3.107776e+02
2563.99864794126188	3.107817e+02
2564.99997951802061	3.107857e+02
2565.99806654894201	3.107896e+02
2566.99887539327392	3.107935e+02
2567.99932199801924	3.107973e+02
2568.99937951830952	3.108010e+02
2569.99888282642405	3.108046e+02
2571.00088605964902	3.108081e+02
2571.99913804690959	3.108114e+02
2572.9997520523807	3.108146e+02
2573.99973460387309	3.108177e+02
2574.9991399030705	3.108207e+02
2575.99794255559391	3.108236e+02
2576.99933542342978	3.108264e+02
2578.00034653739704	3.108291e+02
2578.99793964354012	3.108317e+02
2579.99837141146509	3.108343e+02
2580.99860515131604	3.108369e+02
2581.99865806965227	3.108394e+02
2582.99858803817642	3.108419e+02
2583.99854520136341	3.108444e+02
2584.99860877221636	3.108469e+02
2585.99886769613204	3.108495e+02
2586.99940052540296	3.108521e+02
2588.00032822619914	3.108547e+02
2588.99868937208157	3.108574e+02
2590.00067251721293	3.108601e+02
2591.00007771264291	3.108628e+02
2591.999961690899	3.108656e+02
2593.00030722982319	3.108683e+02
2593.9979344911676	3.108711e+02
2594.998875517329	3.108738e+02
2596.00005991303124	3.108765e+02
2596.99857683497385	3.108792e+02
2598.00040491428535	3.108818e+02
2598.99919503987849	3.108845e+02
2599.99832176697328	3.108872e+02
2601.00078869902381	3.108899e+02
2602.00021481696558	3.108926e+02
2602.99993773763299	3.108953e+02
2604.00000663840683	3.108981e+02
2605.00028319116655	3.109009e+02
2606.00091222106585	3.109038e+02
2606.9987735065306	3.109067e+02
2607.99980269569915	3.109096e+02
2609.00076333192055	3.109126e+02
2609.99855893318454	3.109155e+02
2610.99928448174023	3.109183e+02
2611.99980045247003	3.109210e+02
2613.00014886259714	3.109237e+02
2614.00032546469038	3.109263e+02
2615.00027960245825	3.109289e+02
2615.99994637583222	3.109313e+02
2616.99924406199898	3.109337e+02
2617.9980576806588	3.109360e+02
2618.99938925570723	3.109381e+02
2620.00006816725318	3.109400e+02
2621.00010709850994	3.109418e+02
2621.99965731460088	3.109435e+02
2622.99882609439192	3.109451e+02
2624.00065838655109	3.109467e+02
2624.99906433560773	3.109482e+02
2626.00040335024778	3.109497e+02
2626.99848679841398	3.109511e+02
2627.99942005976436	3.109523e+02
2629.00021244846221	3.109536e+02
2629.99786268051685	3.109550e+02
2630.99851703354034	3.109564e+02
2631.99915995577385	3.109578e+02
2632.99999060617347	3.109593e+02
2633.998094927073	3.109608e+02
2634.99962825516013	3.109624e+02
2635.99843288546663	3.109640e+02
2636.99773663496444	3.109657e+02
2637.99760571516163	3.109675e+02
2638.99778690327184	3.109693e+02
2639.99830057556437	3.109712e+02
2640.99930329624567	3.109730e+02
2642.00049370648321	3.109749e+02
2642.99877582441013	3.109767e+02
2643.99757536305378	3.109786e+02
2644.99979533819624	3.109804e+02
2645.99889300449559	3.109823e+02
2646.99833597070574	3.109842e+02
2647.99813330419329	3.109861e+02
2648.99797848054914	3.109880e+02
2649.99826243877351	3.109901e+02
2650.99910091956144	3.109921e+02
2652.00022928678391	3.109943e+02
2652.99867573842175	3.109965e+02
2653.9975287735524	3.109988e+02
2654.99961209333287	3.110011e+02
2655.99870525406504	3.110034e+02
2656.99799105220563	3.110056e+02
2658.00045412392728	3.110079e+02
2658.99983573578857	3.110101e+02
2659.99931554451723	3.110124e+02
2660.99878235005872	3.110146e+02
2661.99808774638359	3.110167e+02
2663.00026451472104	3.110188e+02
2663.99897693488856	3.110207e+02
2665.0002880089196	3.110224e+02
2665.99801132077073	3.110240e+02
2666.99837887208196	3.110254e+02
2667.99829893663491	3.110268e+02
2668.99783730216404	3.110281e+02
2670.00017353254998	3.110293e+02
2670.99913104654706	3.110304e+02
2671.99782579633984	3.110315e+02
2672.99942548677382	3.110325e+02
2673.99778609802115	3.110335e+02
2674.99909865687141	3.110344e+02
2676.00029638023307	3.110353e+02
2676.99830942368817	3.110362e+02
2677.99935028333084	3.110371e+02
2679.0003654772695	3.110379e+02
2679.99830579483614	3.110388e+02
2680.99939321280681	3.110397e+02
2682.00055523101764	3.110407e+02
2682.99869837807182	3.110416e+02
2684.00004568391796	3.110425e+02
2684.99851993432549	3.110435e+02
2686.00031583854297	3.110444e+02
2686.99921593488534	3.110453e+02
2687.99831397159369	3.110463e+02
2688.99762290014041	3.110473e+02
2690.00027590692935	3.110482e+02
2690.99999547597145	3.110492e+02
2691.99977746517061	3.110501e+02
2692.99981644030277	3.110510e+02
2694.00017155536761	3.110519e+02
2694.99772649186116	3.110530e+02
2695.99885377340388	3.110541e+02
2697.00046887395001	3.110553e+02
2697.9993934163017	3.110566e+02
2698.99876738618514	3.110580e+02
2699.99865489591184	3.110594e+02
2700.9990826995313	3.110609e+02
2702.0000149007069	3.110626e+02
2702.99836930913671	3.110643e+02
2704.00033308723232	3.110661e+02
2704.99946880740708	3.110680e+02
2705.99874803743933	3.110699e+02
2706.99816590584351	3.110718e+02
2707.99756580653138	3.110736e+02
2708.99990188669699	3.110753e+02
2709.99895450594067	3.110770e+02
2710.99778392072312	3.110786e+02
2711.99940795776774	3.110802e+02
2712.99763720082137	3.110816e+02
2713.99872550815689	3.110829e+02
2714.99954709951135	3.110842e+02
2716.00015619130727	3.110853e+02
2716.99752266370433	3.110864e+02
2717.99786898524098	3.110874e+02
2718.9981179681904	3.110883e+02
2719.99833251796827	3.110892e+02
2720.99851282848158	3.110900e+02
2721.99865080398149	3.110908e+02
2722.99877233849793	3.110915e+02
2723.99886266513386	3.110921e+02
2724.99886657676097	3.110928e+02
2725.99873763257528	3.110934e+02
2726.99846546551362	3.110939e+02
2727.9981010648703	3.110945e+02
2728.9976843829736	3.110950e+02
2730.00035840969122	3.110954e+02
2730.99996070567022	3.110960e+02
2731.99961359939516	3.110965e+02
2732.99934192592218	3.110971e+02
2733.99919432913339	3.110976e+02
2734.99922580758403	3.110980e+02
2735.99946555459383	3.110985e+02
2736.99992229074496	3.110989e+02
2738.00057490861263	3.110993e+02
2738.99831257485448	3.110997e+02
2739.99937935182015	3.111000e+02
2740.99754048845125	3.111004e+02
2741.99902451592243	3.111007e+02
2742.99766334834021	3.111011e+02
2743.99971227169408	3.111015e+02
2744.99897148291438	3.111021e+02
2745.99862066898504	3.111027e+02
2746.99873735936671	3.111035e+02
2747.99934858969027	3.111044e+02
2749.00049996806138	3.111053e+02
2749.99909429389663	3.111064e+02
2750.9982082681945	3.111076e+02
2751.9978040475321	3.111088e+02
2752.99786482638046	3.111101e+02
2753.99834415190799	3.111114e+02
2754.99910241042335	3.111127e+02
2755.99998668010585	3.111140e+02
2756.9977270847462	3.111153e+02
2757.99846597625265	3.111165e+02
2758.99901732126773	3.111177e+02
2759.99933732970476	3.111188e+02
2760.99934944763163	3.111198e+02
2761.99903831849861	3.111207e+02
2762.99843229781391	3.111215e+02
2763.99753766924823	3.111221e+02
2764.9995297544956	3.111227e+02
2765.99824121572101	3.111232e+02
2766.99993920934639	3.111237e+02
2767.99840236972841	3.111240e+02
2768.99990027811918	3.111243e+02
2769.99817972866913	3.111245e+02
2770.99944623232204	3.111247e+02
2772.00056690254041	3.111248e+02
2772.99841457706179	3.111248e+02
2773.99920637450896	3.111248e+02
2774.99980997238254	3.111248e+02
2776.00022643083412	3.111248e+02
2777.00047745049324	3.111247e+02
2778.00059357119881	3.111247e+02
2779.00060210025686	3.111246e+02
2780.00053056490015	3.111245e+02
2781.00040933635682	3.111243e+02
2782.00025681299303	3.111242e+02
2783.00007981718772	3.111240e+02
2783.9999094651248	3.111238e+02
2784.99978609565824	3.111236e+02
2785.99970857577682	3.111233e+02
2786.99967699975059	3.111231e+02
2787.99973639800464	3.111228e+02
2788.9998819860084	3.111226e+02
2790.00011241906213	3.111223e+02
2791.00048445079892	3.111221e+02
2791.99792296568467	3.111220e+02
2792.99870966538174	3.111219e+02
2793.99980533089456	3.111219e+02
2794.99814324459066	3.111220e+02
2795.99998008805551	3.111222e+02
2796.99910140148131	3.111224e+02
2797.99864561077948	3.111228e+02
2798.99857346735871	3.111232e+02
2799.99882604556296	3.111236e+02
2800.99935140733623	3.111241e+02
2802.00007076547126	3.111246e+02
2802.99778266680732	3.111250e+02
2803.99870001165209	3.111255e+02
2804.99964568148607	3.111259e+02
2806.00055099140627	3.111263e+02
2806.99823017126346	3.111267e+02
2807.99890079282204	3.111270e+02
2808.99938861525698	3.111272e+02
2809.99969086145347	3.111273e+02
2810.99985466412863	3.111274e+02
2811.99987339113432	3.111274e+02
2812.99973711734629	3.111273e+02
2813.99949959149126	3.111272e+02
2814.99910169612394	3.111269e+02
2815.99850798087118	3.111266e+02
2816.99775242364149	3.111262e+02
2817.99993398254901	3.111257e+02
2818.99875278360332	3.111252e+02
2820.00041913608993	3.111246e+02
2820.99868258738843	3.111239e+02
2821.99975684999572	3.111232e+02
2823.00050025327755	3.111225e+02
2823.99781988198538	3.111218e+02
2824.99797953310508	3.111210e+02
2825.99787079712632	3.111202e+02
2826.99752400357602	3.111194e+02
2828.00009517123453	3.111186e+02
2828.99937309692905	3.111177e+02
2829.99848164044533	3.111169e+02
2831.00051385396773	3.111160e+02
2831.99934374564509	3.111152e+02
2832.99815101384183	3.111143e+02
2833.99993218959071	3.111135e+02
2834.99847098656801	3.111126e+02
2836.00002786650839	3.111117e+02
2836.99842692314951	3.111108e+02
2837.99997599358403	3.111100e+02
2838.99857233503189	3.111092e+02
2840.0004832745949	3.111085e+02
2840.99948532379813	3.111078e+02
2841.99869504890466	3.111071e+02
2842.99806443157513	3.111065e+02
2843.99754858404549	3.111059e+02
2845.00028381328593	3.111053e+02
2846.00007246186897	3.111048e+02
2847.00006165629793	3.111044e+02
2848.00031450211964	3.111040e+02
2848.99775783342284	3.111037e+02
2849.99863363367194	3.111035e+02
2850.99982555372026	3.111032e+02
2851.99817937527996	3.111030e+02
2852.99987255858059	3.111028e+02
2853.99860941159932	3.111026e+02
2855.00059105707669	3.111024e+02
2855.9995370689353	3.111021e+02
2856.99855813274007	3.111018e+02
2857.99766692333287	3.111015e+02
2858.9999956206334	3.111012e+02
2859.99930785326524	3.111009e+02
2860.99873526533247	3.111005e+02
2861.99826933368786	3.111001e+02
2862.99786879663861	3.110997e+02
2864.00062357392972	3.110992e+02
2865.00026576370419	3.110986e+02
2865.9998439128517	3.110979e+02
2866.99926004866938	3.110972e+02
2867.99855292796565	3.110964e+02
2868.99766193429832	3.110955e+02
2869.99965851680554	3.110946e+02
2870.99825992603019	3.110936e+02
2871.99965536026457	3.110925e+02
2872.99755919371	3.110914e+02
2873.99818645784126	3.110902e+02
2874.99840513695381	3.110890e+02
2875.99819912794965	3.110877e+02
2876.99757544710064	3.110864e+02
2877.99967094089698	3.110852e+02
2878.99828746838648	3.110838e+02
2879.99967835713323	3.110825e+02
2880.99765908685413	3.110812e+02
2881.99848382585424	3.110799e+02
2882.99907607965861	3.110785e+02
2883.99945711702321	3.110772e+02
2884.99956041807172	3.110758e+02
2885.99953928932428	3.110745e+02
2886.99940162959319	3.110731e+02
2887.99910088683737	3.110718e+02
2888.99866296788377	3.110704e+02
2889.99812889266923	3.110691e+02
2890.99754712771346	3.110678e+02
2892.00007764612064	3.110665e+02
2892.99957142305402	3.110653e+02
2893.99917356502283	3.110641e+02
2894.99891113235526	3.110629e+02
2895.99881272031462	3.110618e+02
2896.99890228911363	3.110607e+02
2897.99919440826079	3.110597e+02
2898.99969898907921	3.110587e+02
2900.00042538156822	3.110578e+02
2900.99827257065681	3.110569e+02
2901.99944926494891	3.110560e+02
2902.99772888530606	3.110552e+02
2903.99933826368306	3.110544e+02
2904.99804350447357	3.110536e+02
2906.00005878848015	3.110528e+02
2906.99916950012766	3.110520e+02
2907.99849670960748	3.110513e+02
2908.99806431657908	3.110505e+02
2909.99791295359046	3.110498e+02
2910.99807359191254	3.110491e+02
2911.99857211342396	3.110484e+02
2912.99942276642787	3.110477e+02
2914.00062368954741	3.110471e+02
2914.99903405660643	3.110464e+02
2915.99774740466	3.110456e+02
2916.99984136788544	3.110449e+02
2917.99902520207797	3.110441e+02
2918.99836946620962	3.110432e+02
2919.99782958261767	3.110423e+02
2921.00049845586864	3.110414e+02
2921.99997040520066	3.110403e+02
2922.99937649817048	3.110392e+02
2923.99866305935166	3.110380e+02
2924.99777637816533	3.110367e+02
2925.99978712385882	3.110353e+02
2926.99841892929589	3.110339e+02
2927.99989034549253	3.110324e+02
2928.99793172498221	3.110308e+02
2929.99874946110549	3.110292e+02
2930.99920424626862	3.110275e+02
2931.99927517524247	3.110257e+02
2932.99893598591143	3.110239e+02
2933.99816092099627	3.110221e+02
2935.00004464529275	3.110202e+02
2935.99834124196968	3.110182e+02
2936.99924771074438	3.110163e+02
2937.99964680275434	3.110143e+02
2938.99955002328579	3.110123e+02
2939.99898475730561	3.110103e+02
2940.99799142477559	3.110083e+02
2941.99969899304142	3.110062e+02
2942.99789763447097	3.110042e+02
2943.99900723070186	3.110022e+02
2944.99986880195729	3.110002e+02
2946.00050428817485	3.109982e+02
2946.99785858360246	3.109963e+02
2947.99816832813258	3.109943e+02
2948.99840250985471	3.109924e+02
2949.99862809933074	3.109905e+02
