# Region type : patch node2U_6_Inlet_0
#   Faces  : 184
#   Area   : 1.734797e-02
#        Time	areaAverage(T)
     0.999427	3.001500e+02
      2.00049	3.001500e+02
      3.00031	3.001500e+02
      3.99974	3.001500e+02
     4.999837	3.001500e+02
      6.00101	3.001500e+02
     7.000448	3.001500e+02
     8.000372	3.001500e+02
     9.000012	3.001500e+02
   10.0011397	3.001500e+02
   11.0005124	3.001471e+02
   12.0006243	3.000937e+02
    13.001107	2.998418e+02
   13.9997402	2.995822e+02
  14.99964955	2.996256e+02
  15.99955708	2.997482e+02
  17.00134405	2.998401e+02
  18.00000337	2.999155e+02
  19.00006167	2.999667e+02
 20.001505108	3.000115e+02
 20.999254464	3.000501e+02
  22.00150266	3.000740e+02
 23.001714829	3.000854e+02
 23.999634984	3.000916e+02
25.00095516804	3.000976e+02
25.9996836352	3.001059e+02
26.99932842931	3.001158e+02
28.00029166142	3.001260e+02
28.99937441246	3.001354e+02
30.002134441893	3.001439e+02
31.002014765417	3.001511e+02
32.001552166551	3.001571e+02
33.000560257147	3.001615e+02
33.999249928093	3.001631e+02
35.00108530523362	3.001603e+02
36.00057592118466	3.001520e+02
37.00120630448001	3.001383e+02
38.00022932106895	3.001227e+02
39.00052258115672	3.001102e+02
40.0012943804983152	3.001051e+02
41.0019879837090926	3.001092e+02
41.9992708912271695	3.001220e+02
43.0021545135227328	3.001421e+02
44.0019391598090266	3.001675e+02
44.9992995861729526	3.001961e+02
46.0009844670853099	3.002264e+02
47.0014489491798813	3.002565e+02
48.0008801364990703	3.002851e+02
48.9995304912996801	3.003115e+02
50.0001794237682375	3.003357e+02
50.9993551299025256	3.003580e+02
51.9998205148969248	3.003788e+02
53.0015311001695864	3.003990e+02
54.0013696283965601	3.004189e+02
54.9993238877661597	3.004392e+02
56.0015339065886479	3.004602e+02
57.0018205760141825	3.004819e+02
58.000096433294182	3.005040e+02
58.9991359299691496	3.005266e+02
60.0016627635771727	3.005494e+02
61.0010778941215932	3.005720e+02
62.0000130700834902	3.005944e+02
63.0010986270090001	3.006165e+02
64.0009690790207202	3.006382e+02
64.9994918949116851	3.006594e+02
65.9998560646141783	3.006804e+02
66.9992477683962306	3.007011e+02
68.0009249354785794	3.007216e+02
69.0019475640447695	3.007419e+02
69.9993513960609874	3.007620e+02
70.9993591323269015	3.007820e+02
72.0020465187059102	3.008020e+02
73.0013581031466714	3.008218e+02
74.000423255190384	3.008413e+02
74.9993458644687365	3.008601e+02
76.0013508435945511	3.008779e+02
77.0005510755528491	3.008942e+02
78.0000113736252843	3.009091e+02
78.9992549610128236	3.009228e+02
80.0009720943383229	3.009355e+02
81.0020589541296232	3.009475e+02
81.9992454193614009	3.009592e+02
83.0014611672898184	3.009711e+02
83.9993628440124525	3.009836e+02
85.0020431376517678	3.009970e+02
86.000333987758637	3.010115e+02
87.0003695380874404	3.010269e+02
88.0020658759812022	3.010430e+02
88.9993795452335519	3.010593e+02
90.0015696379174557	3.010755e+02
90.9997903684166971	3.010914e+02
92.0003898830139377	3.011069e+02
93.0006194266289867	3.011219e+02
94.0007057145538596	3.011363e+02
95.0007997335581251	3.011499e+02
96.0009686444809773	3.011628e+02
97.0012373806239623	3.011748e+02
98.0016053172324462	3.011861e+02
99.0020344570527584	3.011965e+02
99.9994552294174497	3.012062e+02
100.999851234731452	3.012153e+02
102.000136850138333	3.012237e+02
103.000241500016131	3.012315e+02
104.000073061910427	3.012389e+02
104.999552930719901	3.012458e+02
106.001633206025147	3.012524e+02
107.000192996165325	3.012589e+02
108.001260471577879	3.012653e+02
109.001819915586253	3.012716e+02
110.001932009313407	3.012779e+02
111.001635624775176	3.012836e+02
112.000980310532839	3.012885e+02
113.000018915714335	3.012920e+02
114.001807672044521	3.012939e+02
115.000361508444968	3.012943e+02
116.001781982353393	3.012934e+02
117.000048097326257	3.012914e+02
118.00122264940498	3.012883e+02
118.999382617868164	3.012840e+02
120.000616562993542	3.012780e+02
121.002007225989203	3.012702e+02
122.000661640430124	3.012611e+02
122.999734831133267	3.012516e+02
123.99952262735836	3.012430e+02
125.000333848736219	3.012372e+02
125.999642959708595	3.012354e+02
127.000956414914896	3.012383e+02
128.001293686371213	3.012463e+02
129.000700621259568	3.012601e+02
130.002135701572797	3.012791e+02
130.999533849213833	3.013029e+02
131.999244240588723	3.013306e+02
133.001101245812436	3.013598e+02
134.0020971077968	3.013880e+02
135.002075643628388	3.014128e+02
136.000848975566782	3.014326e+02
137.001309026256649	3.014464e+02
138.000254544982795	3.014544e+02
139.000649575250975	3.014572e+02
139.999224934568531	3.014571e+02
141.002036637829093	3.014564e+02
141.999654446908238	3.014573e+02
143.001271960468813	3.014609e+02
144.000548532269903	3.014672e+02
145.00044839448563	3.014763e+02
146.000849050599697	3.014882e+02
147.001677167223932	3.015028e+02
147.99975047252525	3.015198e+02
149.001369451029944	3.015384e+02
150.000282434108982	3.015571e+02
150.999551328031998	3.015759e+02
151.999184896249147	3.015954e+02
152.999208185270845	3.016145e+02
153.999585696359787	3.016306e+02
155.00029833082661	3.016401e+02
156.001343237128225	3.016417e+02
156.999457705577299	3.016386e+02
158.000686168546764	3.016366e+02
159.001776087131674	3.016396e+02
159.999561059721657	3.016471e+02
161.000550527382018	3.016572e+02
162.001972559951867	3.016682e+02
163.000888609676053	3.016759e+02
164.000316687785954	3.016755e+02
165.000096140130211	3.016663e+02
166.000088612179667	3.016528e+02
167.000061340522421	3.016400e+02
167.999782828424799	3.016294e+02
168.999172341489157	3.016212e+02
170.001230534148533	3.016159e+02
170.999544804163264	3.016156e+02
172.00045496321485	3.016230e+02
173.000757901779707	3.016377e+02
174.000444045117518	3.016603e+02
174.999760596408947	3.016947e+02
176.002157779350711	3.017416e+02
177.001661582702695	3.017945e+02
178.001628294344187	3.018377e+02
178.999162606507298	3.018570e+02
180.000503473761029	3.018516e+02
180.999207866690625	3.018289e+02
182.001208593017452	3.017958e+02
183.000047488950003	3.017568e+02
184.001808139786192	3.017152e+02
184.999937399233318	3.016746e+02
186.000595667805044	3.016364e+02
187.000530755139152	3.016024e+02
187.999425330199387	3.015745e+02
189.000062339945401	3.015452e+02
189.999357851741564	3.014976e+02
191.001057008974414	3.014317e+02
191.999795576908383	3.013652e+02
193.002046035564831	3.013198e+02
194.001168212745995	3.012996e+02
195.000232847940111	3.012903e+02
195.99953641592225	3.012749e+02
196.999439237675062	3.012527e+02
197.999269378639354	3.012348e+02
199.000650340503455	3.012232e+02
200.000842022656059	3.012184e+02
201.00119110761409	3.011952e+02
202.001134602567248	3.011579e+02
202.999417775043128	3.011245e+02
204.000827370954454	3.010995e+02
205.000559713225243	3.010825e+02
206.000502514791634	3.010701e+02
207.00011763453864	3.010589e+02
207.999195525308778	3.010416e+02
209.000671541921633	3.010061e+02
210.001817201873507	3.009438e+02
211.0002458890323	3.008514e+02
211.999364130299796	3.007422e+02
213.001839980993253	3.006373e+02
214.000870215088923	3.005489e+02
215.002023773923156	3.004787e+02
216.001504856122665	3.004272e+02
217.002189670235424	3.003952e+02
218.001143521538211	3.003809e+02
219.001212277794565	3.003830e+02
219.999323567592427	3.004035e+02
221.002031393932299	3.004452e+02
222.000217558785977	3.005049e+02
222.99997324448853	3.005780e+02
224.001867206834618	3.006599e+02
225.000375206176443	3.007400e+02
226.00200082573221	3.008114e+02
227.000972114187221	3.008668e+02
228.000539892764351	3.009070e+02
229.000893584517286	3.009344e+02
229.999159920018428	3.009478e+02
231.001639840260879	3.009507e+02
231.999283063040082	3.009492e+02
233.00130211069677	3.009475e+02
234.001698960598503	3.009464e+02
235.000597990278322	3.009454e+02
236.001193587127887	3.009450e+02
237.000556169397072	3.009455e+02
238.001863471893813	3.009464e+02
239.002111919382003	3.009478e+02
240.001418570662111	3.009494e+02
240.999928434963607	3.009508e+02
242.000753346005581	3.009534e+02
243.000790839895984	3.009576e+02
244.000120610590187	3.009614e+02
245.0016559814066	3.009646e+02
246.000482859716641	3.009665e+02
246.99990715638009	3.009660e+02
247.999403010268622	3.009608e+02
249.001563930534189	3.009473e+02
249.99991638000995	3.009219e+02
251.00124377511591	3.008833e+02
252.000612908785769	3.008336e+02
253.001586776589619	3.007799e+02
254.001036030762123	3.007312e+02
254.999975551401036	3.006936e+02
256.000901604547437	3.006700e+02
257.000429744924418	3.006605e+02
258.001671223638084	3.006640e+02
259.001589548794925	3.006791e+02
260.000266655218695	3.007057e+02
261.000969535167712	3.007429e+02
262.000494430921947	3.007819e+02
263.002051357954429	3.008132e+02
263.999663054152222	3.008347e+02
264.999816340629877	3.008437e+02
265.999646482167861	3.008382e+02
266.999122460407477	3.008222e+02
268.001488989346399	3.008021e+02
269.000493605175279	3.007831e+02
270.001990224823089	3.007669e+02
270.999337872084311	3.007539e+02
272.001339823267472	3.007458e+02
273.001474013986467	3.007476e+02
273.999720630411105	3.007653e+02
274.999301622459257	3.008004e+02
276.00038858779908	3.008533e+02
277.000037429810845	3.009214e+02
277.99913815271151	3.009952e+02
279.001896234752223	3.010719e+02
279.999861762659407	3.011373e+02
280.999488359605721	3.011742e+02
282.000390167863145	3.011752e+02
283.001987050804189	3.011446e+02
284.000403045574728	3.010983e+02
285.001459538132849	3.010515e+02
286.001911629869539	3.010096e+02
287.001710184502201	3.009725e+02
288.000877315806576	3.009409e+02
288.999535921458005	3.009160e+02
290.000849147452925	3.009002e+02
291.001784583192489	3.008942e+02
291.999470265078116	3.008945e+02
293.000350726228248	3.009006e+02
294.001453998386921	3.009150e+02
294.99966250983897	3.009318e+02
296.001136649546311	3.009379e+02
296.999687551871489	3.009287e+02
298.001247068601629	3.009091e+02
298.999548585051969	3.008810e+02
300.000750059626967	3.008491e+02
301.001680673730334	3.008235e+02
301.999163971664927	3.008036e+02
302.999367282612582	3.007831e+02
303.999165754537898	3.007630e+02
305.001521887055901	3.007486e+02
306.000375119051853	3.007408e+02
307.001951876416115	3.007384e+02
308.000142042528466	3.007408e+02
309.001212895246681	3.007490e+02
309.999178614301854	3.007614e+02
311.000144539620237	3.007764e+02
312.001033491892031	3.007906e+02
313.001930242594824	3.008001e+02
313.999795573081769	3.008063e+02
315.000737111554429	3.008126e+02
316.001795102997278	3.008191e+02
317.00001860641413	3.008258e+02
318.001569055336915	3.008331e+02
319.000370431756608	3.008410e+02
319.999538897728996	3.008492e+02
321.002128177021007	3.008580e+02
322.001976849831294	3.008678e+02
323.002194787671499	3.008791e+02
323.999791101614449	3.008934e+02
325.000926405668565	3.009106e+02
325.999464392117318	3.009282e+02
327.001583740419449	3.009438e+02
328.001120124628414	3.009565e+02
329.001056924662748	3.009668e+02
330.001316807607054	3.009734e+02
331.001922953082271	3.009751e+02
331.999820607277798	3.009735e+02
333.001108668105701	3.009689e+02
333.999592450065279	3.009597e+02
335.001430012474145	3.009444e+02
336.000445902539866	3.009249e+02
336.999658818477883	3.009041e+02
338.002156064041969	3.008839e+02
339.001851563835544	3.008661e+02
340.001899743984723	3.008513e+02
340.999156465230499	3.008403e+02
341.999853923984119	3.008330e+02
343.000704997008711	3.008290e+02
344.001376858938784	3.008268e+02
345.00203887706607	3.008275e+02
345.999955215504826	3.008338e+02
347.000522663162087	3.008434e+02
348.000200029152836	3.008502e+02
349.000522755694988	3.008542e+02
350.001253613143035	3.008611e+02
351.000624273237918	3.008644e+02
351.999435802063715	3.008581e+02
353.002196744729815	3.008494e+02
354.001070048515999	3.008407e+02
355.001641036799754	3.008262e+02
355.999599629701663	3.008143e+02
357.000540487227624	3.008089e+02
358.000075444862205	3.008025e+02
358.999302800154226	3.007961e+02
360.001709987803054	3.007951e+02
361.000074298292702	3.007978e+02
362.000859290272558	3.008036e+02
363.001622746756937	3.008162e+02
364.001832563596452	3.008336e+02
365.001535463384243	3.008516e+02
366.00131467837474	3.008705e+02
367.00110538924082	3.008907e+02
368.000736030787152	3.009100e+02
369.000275218586978	3.009262e+02
369.999824276884169	3.009387e+02
370.999426774194205	3.009479e+02
372.002080612393968	3.009544e+02
373.001588932385062	3.009596e+02
374.001081446833666	3.009642e+02
375.000626116571937	3.009673e+02
376.000218547876443	3.009700e+02
376.999910591726973	3.009732e+02
377.999797780145002	3.009765e+02
378.999906813743962	3.009799e+02
380.000244808336674	3.009827e+02
381.000865619572778	3.009839e+02
382.001806304484546	3.009830e+02
382.999946272056377	3.009797e+02
384.001355606036498	3.009737e+02
384.99985631053687	3.009645e+02
386.0015402976166	3.009529e+02
387.000162701931743	3.009396e+02
388.001801501548812	3.009259e+02
389.000300444038373	3.009140e+02
390.001742707954349	3.009046e+02
390.99990443699852	3.009003e+02
392.000936197689441	3.009001e+02
393.00177492471073	3.009019e+02
393.999328852185783	3.009068e+02
394.999780108992752	3.009155e+02
396.000134804692266	3.009259e+02
397.00042004616688	3.009363e+02
398.000667031307955	3.009460e+02
399.000931769728538	3.009539e+02
400.001227470614424	3.009590e+02
401.001544797640236	3.009617e+02
402.001902596511854	3.009625e+02
402.999246021227464	3.009617e+02
403.999704245461601	3.009601e+02
405.000213976000339	3.009586e+02
406.000785726507388	3.009573e+02
407.001408508531085	3.009566e+02
408.002071314539194	3.009572e+02
408.999708595374841	3.009594e+02
410.000459919667492	3.009631e+02
411.001252828558734	3.009685e+02
412.002098628850092	3.009756e+02
412.999937502784405	3.009833e+02
414.000908309496879	3.009911e+02
415.001942485681127	3.009986e+02
415.999966713914432	3.010050e+02
417.001110452812043	3.010099e+02
417.999223947442431	3.010133e+02
419.000449839982025	3.010152e+02
420.001714127287812	3.010155e+02
420.999943618431587	3.010143e+02
422.001290078822194	3.010118e+02
422.999615985253001	3.010082e+02
424.001060314288623	3.010037e+02
424.999478222599919	3.009990e+02
426.001017745420938	3.009942e+02
426.999530720086625	3.009897e+02
428.001152874177365	3.009860e+02
428.999734515582077	3.009832e+02
430.001408625449528	3.009814e+02
431.000010340225799	3.009804e+02
432.001667839199797	3.009803e+02
433.000221815074497	3.009809e+02
434.001804251808949	3.009823e+02
435.000261415516377	3.009844e+02
436.001731095603191	3.009869e+02
437.000062707295285	3.009897e+02
438.001391866866186	3.009923e+02
438.999570770102707	3.009948e+02
440.000737846380048	3.009971e+02
441.00182111589163	3.009993e+02
441.999771361342766	3.010011e+02
443.000763413799177	3.010026e+02
444.001696459830953	3.010036e+02
444.999500435886944	3.010043e+02
446.00032752414711	3.010046e+02
447.001117645498596	3.010047e+02
448.001883226712721	3.010045e+02
448.999571098762033	3.010041e+02
450.00033578121878	3.010035e+02
451.00111711588346	3.010028e+02
452.001919501336943	3.010022e+02
452.999672442533097	3.010017e+02
454.000509144188925	3.010014e+02
455.001349657630726	3.010016e+02
456.002184940512961	3.010024e+02
456.999938224470498	3.010039e+02
458.000744652436538	3.010060e+02
459.001531729330225	3.010088e+02
459.999229727689283	3.010120e+02
460.999980922561065	3.010155e+02
462.000721221335311	3.010192e+02
463.001457879234579	3.010229e+02
464.002198438059679	3.010266e+02
464.999883907378376	3.010296e+02
466.000675712563577	3.010317e+02
467.001515884230287	3.010326e+02
467.999330505639648	3.010324e+02
469.000266807748972	3.010311e+02
470.001261089356149	3.010286e+02
470.999245163364833	3.010251e+02
472.000360361590424	3.010209e+02
473.001534471459308	3.010163e+02
473.99969086704948	3.010115e+02
475.000964073942441	3.010068e+02
475.999201404603866	3.010024e+02
477.000533716233122	3.009986e+02
478.001873839315238	3.009957e+02
479.000134933457161	3.009938e+02
480.001446950719014	3.009931e+02
480.999654544415421	3.009934e+02
482.00089220139256	3.009946e+02
483.002083364948987	3.009966e+02
484.000154946090731	3.009993e+02
485.001249816296991	3.010025e+02
485.999230737996697	3.010064e+02
487.00024615858581	3.010105e+02
488.001234027089424	3.010145e+02
488.999135972829379	3.010181e+02
490.000107037485407	3.010214e+02
491.001090819159572	3.010242e+02
492.002101665974578	3.010265e+02
493.00008301340813	3.010282e+02
494.001188349803726	3.010292e+02
494.999284798957547	3.010297e+02
496.000521798226259	3.010297e+02
497.001832923759764	3.010292e+02
498.000146640750472	3.010285e+02
499.001605196865512	3.010276e+02
500.000061963698101	3.010268e+02
501.001655800322453	3.010261e+02
502.000234992100616	3.010258e+02
503.001937609868378	3.010259e+02
504.000610741995047	3.010264e+02
504.999319615887543	3.010274e+02
506.001131858100678	3.010288e+02
506.999897443339478	3.010305e+02
508.001760645684897	3.010324e+02
509.00057494393468	3.010344e+02
509.999413898640967	3.010364e+02
511.001351703648083	3.010384e+02
512.000243591651156	3.010404e+02
512.999166595937822	3.010422e+02
514.001198888276008	3.010438e+02
515.000197471901288	3.010450e+02
515.999240191230342	3.010459e+02
517.001404900109492	3.010463e+02
518.000546014341694	3.010462e+02
518.9997392945819	3.010457e+02
520.002060063838258	3.010448e+02
521.001358525883006	3.010436e+02
522.000709177407316	3.010421e+02
523.000105090532884	3.010405e+02
523.999529934207544	3.010390e+02
525.002084781041731	3.010378e+02
526.001622665853461	3.010369e+02
527.001171985616338	3.010364e+02
528.000721685101212	3.010366e+02
529.000262130536157	3.010372e+02
529.999796097172407	3.010383e+02
530.999318975361916	3.010400e+02
532.001899480313568	3.010422e+02
533.001399512774583	3.010450e+02
534.000900020699419	3.010481e+02
535.000404316961408	3.010514e+02
535.999921060856764	3.010546e+02
536.999458418444192	3.010575e+02
538.002103412542056	3.010600e+02
539.001714787084325	3.010620e+02
540.001366371732502	3.010636e+02
541.001061457090373	3.010646e+02
542.000809750296298	3.010652e+02
543.000609536481306	3.010653e+02
544.000457062784562	3.010652e+02
545.000356160035494	3.010648e+02
546.000305324828219	3.010643e+02
547.000296519477502	3.010637e+02
548.00032856348605	3.010631e+02
549.00039992437064	3.010625e+02
550.00050195823269	3.010620e+02
551.000628867013802	3.010617e+02
552.000778619984771	3.010615e+02
553.000945071355659	3.010616e+02
554.001124319738892	3.010620e+02
555.001316586008329	3.010625e+02
556.001519320644888	3.010633e+02
557.001731672484084	3.010642e+02
558.001954675918114	3.010652e+02
559.002190567552361	3.010662e+02
559.999362884992479	3.010673e+02
560.999630826612474	3.010684e+02
561.999920830554856	3.010693e+02
563.000235633839111	3.010701e+02
564.000576550278424	3.010706e+02
565.000944078801922	3.010709e+02
566.001337432372793	3.010709e+02
567.001755222184784	3.010708e+02
568.002196495543558	3.010705e+02
568.999580920182666	3.010702e+02
570.000062861669335	3.010698e+02
571.000563368208532	3.010695e+02
572.001080476734842	3.010692e+02
573.001612390215314	3.010690e+02
574.002157901395321	3.010689e+02
574.999637739490481	3.010690e+02
576.000208103055229	3.010691e+02
577.000790376419445	3.010694e+02
578.00138554894454	3.010698e+02
579.001995962862566	3.010704e+02
579.999544495687815	3.010709e+02
581.000190636220964	3.010716e+02
582.000857445269162	3.010722e+02
583.001547127940512	3.010729e+02
583.999183521675604	3.010736e+02
584.999926948589632	3.010742e+02
586.000700489218843	3.010748e+02
587.001506598911533	3.010753e+02
587.99926799382547	3.010757e+02
589.000145409217112	3.010761e+02
590.001061787678282	3.010764e+02
591.002019298079972	3.010767e+02
591.999939170705602	3.010769e+02
593.000983032244562	3.010770e+02
594.002072942547557	3.010770e+02
595.000129737546672	3.010770e+02
596.001316151765764	3.010770e+02
596.999472665188705	3.010769e+02
598.000761925122447	3.010767e+02
599.002104637616185	3.010765e+02
600.000419838153448	3.010763e+02
601.001870748756801	3.010760e+02
602.000295198039908	3.010758e+02
603.001856482751009	3.010756e+02
604.000391285519527	3.010754e+02
605.002064012870051	3.010753e+02
606.000709777146653	3.010752e+02
606.999409940374107	3.010752e+02
608.001245875481345	3.010752e+02
609.000049676068443	3.010753e+02
610.001977780122729	3.010755e+02
611.000845954300644	3.010759e+02
611.99973879132358	3.010763e+02
613.0017381606973	3.010768e+02
614.000676823116464	3.010774e+02
614.999639012873558	3.010781e+02
616.001711923290941	3.010790e+02
617.000734056203328	3.010797e+02
617.999790448542399	3.010805e+02
619.001965576661064	3.010813e+02
620.001094966328083	3.010819e+02
621.000264110250328	3.010825e+02
621.999473763055789	3.010830e+02
623.001807770423625	3.010835e+02
624.001097977880477	3.010840e+02
625.000428471307941	3.010846e+02
625.99979888765597	3.010851e+02
626.999206816023047	3.010857e+02
628.001734472853627	3.010863e+02
629.001210015546008	3.010871e+02
630.000717516821396	3.010881e+02
631.000256078500001	3.010892e+02
631.999825123270284	3.010904e+02
632.999426658020411	3.010916e+02
634.00214914754838	3.010928e+02
635.00182383606159	3.010940e+02
636.00153826904284	3.010951e+02
637.001295668469538	3.010963e+02
638.001098441052591	3.010974e+02
639.000949078242797	3.010985e+02
640.000852172062196	3.010994e+02
641.000811977679632	3.011002e+02
642.000826046606221	3.011009e+02
643.00088421093858	3.011015e+02
644.000987198982557	3.011020e+02
645.001135073950991	3.011024e+02
646.001327198662466	3.011028e+02
647.001564001378711	3.011031e+02
648.001846248315132	3.011035e+02
649.002175559720968	3.011038e+02
649.999466234982947	3.011040e+02
650.999894350096497	3.011043e+02
652.000373217148535	3.011046e+02
653.000902076524198	3.011048e+02
654.00147562295092	3.011050e+02
655.002088305455345	3.011052e+02
655.999648575967171	3.011054e+02
657.000332758057425	3.011055e+02
658.0010501714155	3.011056e+02
659.001800652544148	3.011056e+02
659.99949457924231	3.011055e+02
661.00031023942654	3.011054e+02
662.001159454296953	3.011052e+02
663.002044136727022	3.011050e+02
663.999875970023027	3.011047e+02
665.000834738074445	3.011044e+02
666.001832272214756	3.011040e+02
666.999780480688059	3.011035e+02
668.00086067640018	3.011029e+02
669.0019849067927	3.011022e+02
670.000066609870373	3.011013e+02
671.001289291633157	3.011002e+02
671.999475757621894	3.010991e+02
673.000807624938147	3.010977e+02
674.00218933117651	3.010961e+02
675.000530347012273	3.010943e+02
676.00201286504398	3.010923e+02
677.000455554626456	3.010901e+02
678.00203940307631	3.010878e+02
679.000578665894523	3.010855e+02
679.999162369956139	3.010831e+02
681.000880745148152	3.010807e+02
681.99954849522635	3.010783e+02
683.001348837939759	3.010761e+02
684.000098695633596	3.010739e+02
685.001982198614996	3.010717e+02
686.000816954055722	3.010695e+02
686.999697858463037	3.010674e+02
688.00171817598391	3.010652e+02
689.000696449352063	3.010629e+02
689.999727806012288	3.010605e+02
691.001907207350882	3.010580e+02
692.001049376099786	3.010554e+02
693.000249775258794	3.010527e+02
693.999509619646233	3.010499e+02
695.001924732240695	3.010471e+02
696.001309593331143	3.010442e+02
697.000760008039492	3.010408e+02
698.000278654198837	3.010373e+02
698.999867765049999	3.010339e+02
699.999528647373381	3.010306e+02
700.999261851223423	3.010273e+02
702.002166662328364	3.010240e+02
703.002048461605796	3.010206e+02
704.002016020040287	3.010170e+02
705.002067926577752	3.010134e+02
706.00220676286699	3.010097e+02
706.999339558774523	3.010060e+02
707.999660490636643	3.010023e+02
709.000074117678878	3.009987e+02
710.000580381524742	3.009950e+02
711.001179537292728	3.009914e+02
712.001873981621088	3.009877e+02
712.999567203269407	3.009840e+02
714.00045794582627	3.009803e+02
715.001450105897447	3.009766e+02
715.999448579511522	3.009729e+02
717.000655854154957	3.009692e+02
718.0019742138428	3.009656e+02
719.000305392174141	3.009620e+02
720.001852983587924	3.009584e+02
721.000416218402506	3.009548e+02
722.002200570993409	3.009512e+02
723.001008981241284	3.009476e+02
723.999950655311068	3.009439e+02
725.002133639869839	3.009401e+02
726.001353102790858	3.009362e+02
727.00071608947178	3.009324e+02
728.00022038558518	3.009287e+02
728.999871265919523	3.009252e+02
729.999674178006103	3.009215e+02
730.999624470423214	3.009177e+02
731.999723814716162	3.009139e+02
732.999981920546702	3.009105e+02
734.000399350975727	3.009072e+02
735.000982023089364	3.009034e+02
736.001751885511112	3.008992e+02
736.999619236443891	3.008949e+02
738.000802725583412	3.008906e+02
739.002187912777913	3.008865e+02
740.000664238488525	3.008826e+02
740.999335135875413	3.008788e+02
742.001306272409806	3.008752e+02
743.00035018367214	3.008718e+02
743.99957864434225	3.008687e+02
745.00209378730176	3.008660e+02
746.001656578055645	3.008635e+02
747.001380774958648	3.008612e+02
748.00126859852594	3.008592e+02
749.001303812227547	3.008575e+02
750.001478226125414	3.008561e+02
751.001804049645898	3.008551e+02
751.999170492685494	3.008545e+02
752.999809978551639	3.008535e+02
754.000617256708324	3.008519e+02
755.00160456231481	3.008502e+02
755.9996414509244	3.008488e+02
757.000951254417714	3.008475e+02
757.999294888358463	3.008464e+02
759.000917716026038	3.008457e+02
759.999566380384408	3.008452e+02
761.001471295675515	3.008445e+02
762.000398866962996	3.008440e+02
762.999480786557797	3.008436e+02
764.001828470308624	3.008431e+02
765.001191457607433	3.008424e+02
766.000702680357449	3.008419e+02
767.000354804227186	3.008416e+02
768.000129205270241	3.008412e+02
769.000031120643371	3.008408e+02
770.000070989382039	3.008406e+02
771.000232985301295	3.008405e+02
772.000507517313849	3.008401e+02
773.00091097560221	3.008398e+02
774.001447959901384	3.008397e+02
774.998969051475342	3.008395e+02
775.999733179126224	3.008391e+02
777.000628535097917	3.008391e+02
777.998511779941055	3.008391e+02
778.999625465291729	3.008389e+02
780.000852992181535	3.008386e+02
780.999067502251023	3.008388e+02
782.000501651750483	3.008391e+02
782.998890402950906	3.008392e+02
784.000510709332616	3.008395e+02
784.999095951145591	3.008403e+02
786.000885146906739	3.008410e+02
786.999626701129273	3.008416e+02
788.001601758150173	3.008425e+02
789.000530123687213	3.008437e+02
789.999530848230279	3.008447e+02
790.99862715721315	3.008456e+02
792.000951261299747	3.008469e+02
793.000211673519857	3.008483e+02
793.999551064803086	3.008493e+02
794.998993047389376	3.008504e+02
795.998539242270454	3.008517e+02
797.00121385970408	3.008526e+02
798.00083212691186	3.008532e+02
799.000522314330169	3.008542e+02
800.000250605756605	3.008550e+02
801.000017169912667	3.008554e+02
801.999842073571358	3.008557e+02
802.999706484609419	3.008564e+02
803.999582733291618	3.008568e+02
804.999482047756146	3.008568e+02
805.999415658781686	3.008571e+02
806.999351759117303	3.008576e+02
807.999274949151413	3.008579e+02
808.999208724711366	3.008578e+02
809.99914808867095	3.008580e+02
810.999056193766251	3.008585e+02
811.998932488494233	3.008586e+02
812.998803996338438	3.008585e+02
813.998654002002354	3.008587e+02
815.001579920991389	3.008592e+02
816.00133257523828	3.008592e+02
817.001074908216992	3.008590e+02
818.000771926080461	3.008594e+02
819.000393426636151	3.008599e+02
819.999981202322829	3.008597e+02
820.999550655257735	3.008596e+02
821.99903903299446	3.008602e+02
823.001566279714211	3.008605e+02
824.000924564271259	3.008605e+02
825.000221582081508	3.008618e+02
825.999382328954994	3.008632e+02
827.001587692406019	3.008639e+02
828.000627895948355	3.008656e+02
828.999551449502519	3.008678e+02
830.001467451544841	3.008692e+02
831.00021531107916	3.008704e+02
831.998895971035608	3.008733e+02
833.00053533753794	3.008756e+02
833.998955071971295	3.008767e+02
835.00047699596098	3.008793e+02
835.998715522652674	3.008820e+02
836.999930671296283	3.008831e+02
838.001123477570104	3.008844e+02
838.999081881752318	3.008869e+02
839.999970080385197	3.008883e+02
841.000794857779169	3.008887e+02
842.001560905365864	3.008908e+02
842.999001408825166	3.008925e+02
843.999452529910513	3.008928e+02
844.999872326116702	3.008944e+02
846.00012386627759	3.008962e+02
847.000222763155534	3.008969e+02
848.000292433634058	3.008980e+02
849.000242785677756	3.009000e+02
850.00002896157423	3.009016e+02
850.999761643604757	3.009028e+02
851.999393702273892	3.009046e+02
852.998859638489989	3.009069e+02
854.001360649677281	3.009086e+02
855.000657095778593	3.009107e+02
855.999813643532775	3.009132e+02
856.998873063266615	3.009152e+02
858.000986364875075	3.009172e+02
858.999868720381755	3.009191e+02
859.998649532608965	3.009207e+02
861.000471721768236	3.009223e+02
861.999066316743551	3.009242e+02
863.00067494956329	3.009261e+02
863.999087793853846	3.009282e+02
865.000544472149613	3.009305e+02
865.998803714020937	3.009329e+02
867.000122603809928	3.009351e+02
868.001384262134707	3.009373e+02
868.999472388112508	3.009392e+02
870.000643261292907	3.009407e+02
870.998667684868224	3.009419e+02
871.999782446837344	3.009428e+02
873.000874958462532	3.009435e+02
873.998827776105145	3.009441e+02
874.999872922336863	3.009447e+02
876.000892789683121	3.009454e+02
876.998770256755165	3.009460e+02
877.999739486612611	3.009468e+02
879.000683825170086	3.009476e+02
880.001608363271998	3.009485e+02
880.999396520939513	3.009494e+02
882.000287412664647	3.009505e+02
883.001169270520791	3.009516e+02
883.998928084996123	3.009527e+02
884.999805708670237	3.009537e+02
886.000690875077112	3.009546e+02
887.001587333905491	3.009552e+02
887.999378046442303	3.009555e+02
889.000298849841215	3.009555e+02
890.001227169192589	3.009552e+02
890.999038491454712	3.009548e+02
891.999963323031352	3.009543e+02
893.000877356106457	3.009537e+02
893.998656425749232	3.009530e+02
894.999532193965592	3.009523e+02
896.00038300383892	3.009515e+02
897.001206450445807	3.009508e+02
897.998883302916397	3.009501e+02
898.999649348573598	3.009495e+02
900.000386891797802	3.009488e+02
901.001097298132891	3.009481e+02
901.998664901937559	3.009475e+02
902.999325858317889	3.009468e+02
903.999963408500321	3.009461e+02
905.00057879198755	3.009453e+02
906.001172663939997	3.009445e+02
906.998627661731803	3.009437e+02
907.999177637872663	3.009428e+02
908.999704328773987	3.009420e+02
910.000205979892371	3.009412e+02
911.000680661403294	3.009405e+02
912.001126076367655	3.009399e+02
913.0015389069398	3.009394e+02
913.998800052091042	3.009391e+02
914.999140677978858	3.009389e+02
915.999443047825253	3.009389e+02
916.999706709535417	3.009390e+02
917.9999324325413	3.009392e+02
919.000120945214121	3.009396e+02
920.000274033838991	3.009400e+02
921.000394375183646	3.009405e+02
922.000485300970581	3.009410e+02
923.000549587474893	3.009414e+02
924.000590745406612	3.009419e+02
925.000611420237874	3.009422e+02
926.000613609053062	3.009426e+02
927.000599446097908	3.009430e+02
928.000569194498098	3.009433e+02
929.000522922412983	3.009437e+02
930.00045981055996	3.009441e+02
931.000378734565288	3.009446e+02
932.000279030365391	3.009452e+02
933.000160171714697	3.009458e+02
934.000022525270765	3.009465e+02
934.999867901941911	3.009473e+02
935.999698896975019	3.009481e+02
936.999519162073966	3.009489e+02
937.999332095546947	3.009495e+02
938.999141000032296	3.009501e+02
939.998949079595945	3.009505e+02
940.998758037671109	3.009507e+02
941.998568508800759	3.009508e+02
943.001495012791338	3.009507e+02
944.001307348309638	3.009504e+02
945.001117308138419	3.009501e+02
946.000922549333836	3.009496e+02
947.000718497132311	3.009491e+02
948.000501810637275	3.009486e+02
949.000268707143277	3.009481e+02
950.000015691923181	3.009476e+02
950.999740415221709	3.009470e+02
951.999440668327338	3.009465e+02
952.999114517718226	3.009459e+02
953.998760791102313	3.009453e+02
955.001492963863257	3.009447e+02
956.001082963674321	3.009440e+02
957.000645038631092	3.009432e+02
958.000178803099629	3.009423e+02
958.999682979672343	3.009413e+02
959.99915611341271	3.009403e+02
960.998596297893869	3.009393e+02
962.001114210052492	3.009382e+02
963.000481022976601	3.009372e+02
963.999807458572491	3.009362e+02
964.999090907294772	3.009353e+02
966.001442156829967	3.009345e+02
967.00063385017711	3.009338e+02
967.999778394348027	3.009332e+02
968.998876222372701	3.009327e+02
970.001041290887429	3.009323e+02
971.00005162988009	3.009319e+02
971.99902222709477	3.009316e+02
973.001068265900244	3.009314e+02
973.999968298627778	3.009311e+02
974.998835801962286	3.009309e+02
976.000783794113772	3.009307e+02
976.999589948280573	3.009305e+02
978.001478315908685	3.009303e+02
979.000227384655773	3.009301e+02
979.998950053329395	3.009300e+02
981.000759147816893	3.009298e+02
981.999433860136037	3.009296e+02
983.001198919287617	3.009295e+02
983.999833765523476	3.009293e+02
985.001562066623023	3.009291e+02
986.000163562993293	3.009289e+02
986.998750851895807	3.009286e+02
988.000436835688788	3.009283e+02
988.999001766113224	3.009280e+02
990.000669566239139	3.009276e+02
990.999220801870592	3.009272e+02
992.000879034973195	3.009267e+02
992.999424557068551	3.009260e+02
994.001079242855212	3.009253e+02
994.999621495325073	3.009246e+02
996.001272379075544	3.009238e+02
996.999808992381304	3.009229e+02
998.00145173852161	3.009220e+02
998.999978241237272	3.009211e+02
1000.00160959835716	3.009202e+02
1001.0001236260174	3.009192e+02
1001.99863129237235	3.009182e+02
1003.00024257300242	3.009172e+02
1003.99873512430747	3.009161e+02
1005.00032852015397	3.009150e+02
1005.99879928425139	3.009138e+02
1007.00036695508913	3.009126e+02
1007.99880919247039	3.009114e+02
1009.00034613438197	3.009101e+02
1009.99875574490147	3.009088e+02
1011.00025693841337	3.009074e+02
1011.99862805223597	3.009061e+02
1013.00008661249171	3.009046e+02
1014.00152002830805	3.009032e+02
1014.99981539430576	3.009018e+02
1016.00118991158695	3.009004e+02
1016.99942133770173	3.008991e+02
1018.00072743686451	3.008978e+02
1018.99888733657883	3.008966e+02
1020.0001194479787	3.008953e+02
1021.0013144051718	3.008942e+02
1021.99936417932599	3.008930e+02
1023.00048793499343	3.008919e+02
1024.00157635031769	3.008907e+02
1024.99951923650224	3.008896e+02
1026.00053376456799	3.008885e+02
1026.99840141366099	3.008874e+02
1027.99934028847269	3.008863e+02
1029.00024373670999	3.008852e+02
1029.99800516408482	3.008841e+02
1030.99884221824027	3.008830e+02
1031.99964671941939	3.008814e+02
1033.00041802231635	3.008798e+02
1033.99804952709655	3.008782e+02
1034.99875870898768	3.008765e+02
1035.99944064779402	3.008746e+02
1037.00009994695847	3.008727e+02
1038.00074205531064	3.008706e+02
1038.99826386522864	3.008686e+02
1039.99888329008604	3.008665e+02
1040.99949323576243	3.008644e+02
1042.00009334319179	3.008622e+02
1043.00068206451465	3.008600e+02
1043.99814967603993	3.008579e+02
1044.99870863692104	3.008558e+02
1045.99924781729806	3.008539e+02
1046.99976355174067	3.008521e+02
1048.00025367515536	3.008503e+02
1049.00071861765264	3.008485e+02
1049.99805381919327	3.008468e+02
1050.99847620815876	3.008450e+02
1051.99888214853831	3.008432e+02
1052.99927355657019	3.008414e+02
1053.9996523324719	3.008396e+02
1055.00002043905374	3.008377e+02
1056.00037971354323	3.008359e+02
1057.00073245915132	3.008340e+02
1057.99797295655617	3.008320e+02
1058.99831543682899	3.008300e+02
1059.99865196832684	3.008281e+02
1060.99898010463107	3.008261e+02
1061.99929558142412	3.008243e+02
1062.99959473043623	3.008225e+02
1063.99987413955296	3.008207e+02
1065.00013162082382	3.008190e+02
1066.0003666061491	3.008176e+02
1067.00058056368607	3.008165e+02
1068.00077596735809	3.008153e+02
1069.00095477978175	3.008141e+02
1069.99801178201983	3.008128e+02
1070.99815862411697	3.008115e+02
1071.99828564748941	3.008101e+02
1072.99838778802427	3.008088e+02
1073.99845913444005	3.008074e+02
1074.9984943237796	3.008061e+02
1075.99848998123457	3.008047e+02
1076.99844496008745	3.008034e+02
1077.99835962096631	3.008022e+02
1078.99823550914539	3.008009e+02
1079.99804283451908	3.007992e+02
1080.99777406137309	3.007979e+02
1081.99757889515672	3.007967e+02
1082.99736940244225	3.007954e+02
1083.997131230901	3.007942e+02
1084.99997233226168	3.007928e+02
1085.99968519321806	3.007915e+02
1086.99937344953241	3.007901e+02
1087.99903579596662	3.007888e+02
1088.99867164629632	3.007875e+02
1089.99828016497986	3.007862e+02
1090.99786207309512	3.007850e+02
1091.99741979769374	3.007838e+02
1092.99695453449795	3.007826e+02
1093.99957109156776	3.007813e+02
1094.99906341952942	3.007801e+02
1095.99853767852869	3.007789e+02
1096.99799652755314	3.007776e+02
1097.99744266236758	3.007763e+02
1098.99998253767399	3.007750e+02
1099.99941124372504	3.007735e+02
1100.99883557991279	3.007714e+02
1101.99825767902257	3.007691e+02
1102.99768014663232	3.007666e+02
1103.99710595075726	3.007640e+02
1104.99964161450657	3.007612e+02
1105.99908297351203	3.007583e+02
1106.99853713760399	3.007553e+02
1107.99800585816433	3.007522e+02
1108.9974892800883	3.007491e+02
1109.99698550838366	3.007459e+02
1110.9995967161592	3.007427e+02
1111.99911250392847	3.007396e+02
1112.99863366098452	3.007364e+02
1113.99815714160036	3.007332e+02
1114.99768068710409	3.007300e+02
1115.9972029713133	3.007268e+02
1116.99982721927131	3.007236e+02
1117.99934466068339	3.007204e+02
1118.99885918591713	3.007173e+02
1119.99837112821047	3.007141e+02
1120.99788002591595	3.007110e+02
1121.9973852182859	3.007080e+02
1122.99999101212848	3.007049e+02
1123.99948905605766	3.007019e+02
1124.99898330748624	3.006989e+02
1125.99847339668077	3.006959e+02
1126.99795813229139	3.006929e+02
1127.99743513206772	3.006899e+02
1129.00000566831295	3.006869e+02
1129.99945815789215	3.006840e+02
1130.99889325602135	3.006811e+02
1131.99830841874882	3.006802e+02
1133.00080490487903	3.006783e+02
1134.00017295241537	3.006764e+02
1134.99951269206895	3.006746e+02
1135.99882001690776	3.006728e+02
1136.9980899825764	3.006709e+02
1138.00042121801789	3.006692e+02
1138.99960350566766	3.006674e+02
1139.99873758961189	3.006657e+02
1141.00092542982816	3.006640e+02
1141.99996276609818	3.006623e+02
1142.99895494689849	3.006606e+02
1144.00100640711162	3.006590e+02
1144.99991575993818	3.006574e+02
1145.99878880975484	3.006558e+02
1147.0007313388096	3.006542e+02
1147.99954265645124	3.006526e+02
1148.99832711965564	3.006511e+02
1150.000187799591	3.006495e+02
1150.99892189105094	3.006475e+02
1152.00073346352883	3.006454e+02
1152.99942172058309	3.006432e+02
1153.99809208171928	3.006409e+02
1154.99985105495193	3.006384e+02
1155.99850184254683	3.006357e+02
1157.00025319591782	3.006329e+02
1157.99890694103397	3.006300e+02
1159.00066832192624	3.006270e+02
1159.99933451059292	3.006240e+02
1160.99800622983889	3.006209e+02
1161.9997834014282	3.006177e+02
1162.99846151705219	3.006145e+02
1164.00024126092603	3.006113e+02
1164.99891712956332	3.006081e+02
1166.00068994524736	3.006050e+02
1166.99935646339691	3.006019e+02
1167.9980188936504	3.005989e+02
1168.99978069425833	3.005959e+02
1169.9984467029667	3.005929e+02
1171.00022526371276	3.005899e+02
1171.99892255418968	3.005868e+02
1173.00074953688045	3.005838e+02
1173.99949361987819	3.005806e+02
1174.99825013742043	3.005772e+02
1176.00013710691951	3.005737e+02
1176.99895466628141	3.005700e+02
1178.00090672586907	3.005663e+02
1178.99978597725067	3.005626e+02
1179.99868844415846	3.005589e+02
1181.0007103556602	3.005552e+02
1181.99964151327413	3.005516e+02
1182.99858001971097	3.005480e+02
1184.00062515109835	3.005443e+02
1184.99957067028504	3.005406e+02
1185.99851899484156	3.005369e+02
1187.00057351632518	3.005331e+02
1187.99953059631616	3.005292e+02
1188.99849362446412	3.005252e+02
1190.00056565881141	3.005211e+02
1190.99954199423428	3.005168e+02
1191.99852380361835	3.005125e+02
1193.0006089512633	3.005081e+02
1193.99958603475943	3.005037e+02
1194.99855016271181	3.004993e+02
1196.00059544823239	3.004950e+02
1196.99950960317574	3.004908e+02
1197.99838901838962	3.004867e+02
1199.00033048155274	3.004826e+02
1199.99912615566609	3.004787e+02
1201.00097866831493	3.004750e+02
1201.99968382255634	3.004720e+02
1202.99834003880733	3.004693e+02
1204.000048194486	3.004666e+02
1204.99862036699483	3.004639e+02
1206.00026296274086	3.004612e+02
1206.99877532803589	3.004584e+02
1208.00035765685629	3.004556e+02
1208.99880374529289	3.004529e+02
1210.00030765006909	3.004503e+02
1210.99866048260742	3.004472e+02
1212.00005521470644	3.004442e+02
1212.99828645891466	3.004418e+02
1213.99955647530646	3.004401e+02
1215.00077473615215	3.004384e+02
1215.99885572998278	3.004368e+02
1217.00001534245234	3.004352e+02
1217.99807015916804	3.004336e+02
1218.99923182491011	3.004320e+02
1220.00040784604539	3.004304e+02
1220.99850238459476	3.004286e+02
1221.99971680765952	3.004261e+02
1223.0009526615288	3.004234e+02
1223.99911018558737	3.004206e+02
1225.00038901855055	3.004175e+02
1225.99859035402733	3.004144e+02
1226.99991543423243	3.004111e+02
1227.9981656946045	3.004077e+02
1228.9995445570305	3.004043e+02
1230.0009559124162	3.004009e+02
1230.99930306384226	3.003972e+02
1232.00079096131367	3.003935e+02
1232.99922256000877	3.003895e+02
1234.00080150474764	3.003854e+02
1234.99932704594016	3.003811e+02
1236.00100135483262	3.003766e+02
1236.99962158512949	3.003721e+02
1237.99828767946792	3.003674e+02
1239.00009935828234	3.003626e+02
1239.99885077281624	3.003577e+02
1241.00074088707311	3.003529e+02
1241.99955992815626	3.003481e+02
1242.99840375107306	3.003434e+02
1244.00036954211714	3.003388e+02
1244.99924899340976	3.003343e+02
1245.99814252710053	3.003298e+02
1247.00015233778663	3.003253e+02
1247.99907446850011	3.003207e+02
1248.99801245657409	3.003160e+02
1250.00006949212343	3.003112e+02
1250.99903874465963	3.003063e+02
1251.9980171517559	3.003014e+02
1253.00009871743578	3.002965e+02
1253.99906924520496	3.002916e+02
1254.99802171148099	3.002867e+02
1256.00004890617402	3.002819e+02
1256.99893735115597	3.002773e+02
1258.00088512359002	3.002728e+02
1258.99968529377657	3.002684e+02
1259.99843966837557	3.002642e+02
1261.00025147559381	3.002599e+02
1261.99892107124424	3.002557e+02
1263.00065423065553	3.002515e+02
1263.99925049751687	3.002473e+02
1265.0009135610826	3.002431e+02
1265.99944161575922	3.002389e+02
1266.99793565363575	3.002347e+02
1267.99949549814323	3.002305e+02
1268.99791731754135	3.002265e+02
1269.9993999202743	3.002226e+02
1271.00083948422684	3.002188e+02
1271.99913290560312	3.002153e+02
1273.00047962419103	3.002119e+02
1273.99868037886404	3.002095e+02
1274.99993909200953	3.002071e+02
1275.99806137866858	3.002048e+02
1276.99925376117221	3.002026e+02
1278.00042350549757	3.002005e+02
1278.99847846206808	3.001985e+02
1279.9996250331501	3.001965e+02
1281.00076718556329	3.001939e+02
1281.99880365085437	3.001914e+02
1282.99993413125026	3.001889e+02
1283.99796679431188	3.001863e+02
1284.99911057220856	3.001836e+02
1286.00027752006417	3.001807e+02
1286.99837975066725	3.001777e+02
1287.99962550355622	3.001746e+02
1289.0009215487255	3.001713e+02
1289.99917414749689	3.001680e+02
1291.00058816401247	3.001646e+02
1291.99896510465373	3.001609e+02
1293.00051009187996	3.001570e+02
1293.9990221543444	3.001530e+02
1295.0006992244821	3.001488e+02
1295.99933696642756	3.001444e+02
1296.99803311771893	3.001400e+02
1297.99988504428347	3.001353e+02
1298.99868789046354	3.001305e+02
1300.00064337446429	3.001255e+02
1300.99954346376671	3.001205e+02
1301.99848729543987	3.001154e+02
1303.00057421883002	3.001103e+02
1303.99959571877844	3.001051e+02
1304.99865258077125	3.000999e+02
1306.00084756155638	3.000947e+02
1306.99997568614435	3.000894e+02
1307.99914038046791	3.000840e+02
1308.99834180037737	3.000785e+02
1310.00068060740341	3.000731e+02
1310.99994679110318	3.000676e+02
1311.99923955881809	3.000621e+02
1312.99855416577725	3.000566e+02
1314.00098871274236	3.000512e+02
1315.00033118233068	3.000457e+02
1315.99968035228039	3.000403e+02
1316.99903062470958	3.000349e+02
1317.99837596639827	3.000296e+02
1319.00081431395529	3.000242e+02
1320.00013219435982	3.000190e+02
1320.99942818310433	3.000139e+02
1321.99869978614174	3.000087e+02
1322.99794457855933	3.000035e+02
1324.00026133372853	2.999985e+02
1324.99944066448029	2.999936e+02
1325.9985875870309	2.999886e+02
1327.00080828060459	2.999838e+02
1327.99989652433896	2.999791e+02
1328.99895469004514	2.999743e+02
1329.99798759769919	2.999694e+02
1331.00009817108776	2.999649e+02
1331.99907272872133	2.999606e+02
1332.9980161248659	2.999561e+02
1334.00004250575012	2.999518e+02
1334.99894359480732	2.999477e+02
1336.00092217373071	2.999433e+02
1336.99978862095145	2.999391e+02
1337.99864279015287	2.999351e+02
1339.00057781168721	2.999310e+02
1339.99939990603571	2.999269e+02
1340.99821403393571	2.999231e+02
1342.00011797293246	2.999190e+02
1342.99891625323062	2.999149e+02
1344.00081712779388	2.999109e+02
1344.99961532945053	2.999068e+02
1345.99841945113303	2.999026e+02
1347.00033626975369	2.998985e+02
1347.9991612664146	2.998942e+02
1348.99800061232236	2.998899e+02
1349.99995843046486	2.998856e+02
1350.99882884485237	2.998813e+02
1352.00081784367558	2.998769e+02
1352.99972466956524	2.998726e+02
1353.99865292872482	2.998681e+02
1355.00070862963616	2.998634e+02
1355.99969133071227	2.998588e+02
1356.99870541472819	2.998540e+02
1358.00085484322972	2.998490e+02
1358.99993565592968	2.998440e+02
1359.99904835064194	2.998389e+02
1360.99819117085349	2.998336e+02
1362.00046895444302	2.998281e+02
1362.9996744606367	2.998226e+02
1363.99890983446517	2.998169e+02
1364.99817625000514	2.998111e+02
1366.00057675993003	2.998052e+02
1366.99990367562941	2.997993e+02
1367.9992590363438	2.997932e+02
1368.99864066007058	2.997872e+02
1369.99804663080772	2.997811e+02
1371.00057959637684	2.997749e+02
1372.00002990975213	2.997688e+02
1372.9995002470821	2.997626e+02
1373.99899004972622	2.997564e+02
1374.99849884930177	2.997502e+02
1375.99802611657037	2.997439e+02
1377.0006751514743	2.997377e+02
1378.00023421828473	2.997315e+02
1378.99980186620587	2.997253e+02
1379.99937287725652	2.997193e+02
1380.99894108755052	2.997133e+02
1381.99850130410346	2.997074e+02
1382.99804987963262	2.997017e+02
1384.00068734541537	2.996961e+02
1385.0002043187983	2.996905e+02
1385.99970579036994	2.996849e+02
1386.99919015351657	2.996793e+02
1387.9986536510246	2.996739e+02
1388.99809272032599	2.996685e+02
1390.00060974385337	2.996633e+02
1390.99999660132357	2.996581e+02
1391.99935726255489	2.996530e+02
1392.99869173706816	2.996480e+02
1393.9979991575558	2.996430e+02
1395.00037999900633	2.996382e+02
1395.99962390962583	2.996336e+02
1396.99883211560154	2.996290e+02
1397.99800414250876	2.996246e+02
1399.00024344831309	2.996203e+02
1399.99934490739838	2.996161e+02
1400.9984116419314	2.996119e+02
1402.00054648821447	2.996079e+02
1402.99954453430087	2.996038e+02
1403.99850834173913	2.995999e+02
1405.00053967198528	2.995960e+02
1405.99943391035413	2.995921e+02
1406.99829450752236	2.995883e+02
1408.00022814772478	2.995843e+02
1408.99903329382164	2.995802e+02
1410.00091412937172	2.995761e+02
1410.99966626340984	2.995720e+02
1411.9983906948205	2.995678e+02
1413.00019518133809	2.995636e+02
1413.99888386547832	2.995593e+02
1415.00066595208682	2.995548e+02
1415.99934766114984	2.995500e+02
1416.9980370354624	2.995451e+02
1417.99983869231846	2.995401e+02
1418.99855226288651	2.995350e+02
1420.00038617582095	2.995297e+02
1420.99914001706429	2.995244e+02
1421.99792000870934	2.995190e+02
1422.99982909249775	2.995135e+02
1423.99866679425713	2.995079e+02
1425.00064067122162	2.995022e+02
1425.99955111646295	2.994964e+02
1426.99850618558708	2.994903e+02
1428.00061483366107	2.994841e+02
1428.99967494484235	2.994777e+02
1429.99878924253017	2.994713e+02
1430.99795362734608	2.994648e+02
1432.00026670837451	2.994584e+02
1432.99951741945915	2.994520e+02
1433.99880633259363	2.994455e+02
1434.99813322529735	2.994391e+02
1436.00060118761689	2.994325e+02
1437.00000441811471	2.994260e+02
1437.99944825605439	2.994194e+02
1438.99893273974135	2.994128e+02
1439.99845539545322	2.994063e+02
1440.99801166552561	2.993998e+02
1442.00069993741477	2.993933e+02
1443.00030417449284	2.993870e+02
1443.99992098048074	2.993809e+02
1444.99954376078949	2.993749e+02
1445.99916897508547	2.993689e+02
1446.99879542122426	2.993628e+02
1447.99842022787266	2.993568e+02
1448.99803658171481	2.993510e+02
1450.00074251822184	2.993452e+02
1451.00032547006595	2.993397e+02
1451.99989047009171	2.993342e+02
1452.99943915289964	2.993287e+02
1453.99897263919183	2.993232e+02
1454.99849251259775	2.993177e+02
1455.99799841150116	2.993123e+02
1457.00059184705924	2.993071e+02
1458.00006146936698	2.993020e+02
1458.99950821755465	2.992970e+02
1459.99892970872861	2.992921e+02
1460.99832273732682	2.992873e+02
1462.00078713971266	2.992826e+02
1463.00011302539178	2.992782e+02
1463.99940313452635	2.992738e+02
1464.99865863753894	2.992695e+02
1466.00098595879172	2.992653e+02
1467.00018237721974	2.992610e+02
1467.99935405881047	2.992567e+02
1468.99850226643298	2.992524e+02
1470.00072925667791	2.992482e+02
1470.99982757685984	2.992440e+02
1471.9988974616665	2.992398e+02
1472.99793641740439	2.992357e+02
1474.00004542403713	2.992316e+02
1474.99902393116145	2.992274e+02
1475.99798331380998	2.992229e+02
1477.00003275532003	2.992181e+02
1477.99896764514278	2.992132e+02
1479.00098971328089	2.992084e+02
1479.99989016698669	2.992037e+02
1480.9987717291865	2.991990e+02
1482.00074561971337	2.991941e+02
1482.99962385314484	2.991888e+02
1483.99852982484094	2.991830e+02
1485.00058344117451	2.991768e+02
1485.99959041304328	2.991704e+02
1486.99865669960923	2.991638e+02
1488.00088243404866	2.991571e+02
1489.00005568623578	2.991504e+02
1489.99927060181244	2.991438e+02
1490.99852111164478	2.991371e+02
1492.00090713276791	2.991304e+02
1493.00022362862455	2.991236e+02
1493.99958070080538	2.991165e+02
1494.99898601783889	2.991092e+02
1495.99844407874298	2.991016e+02
1496.99795267212198	2.990939e+02
1498.00061017970302	2.990861e+02
1499.00020024652781	2.990785e+02
1499.99982124123744	2.990710e+02
1500.9994711555787	2.990636e+02
1501.99915476841147	2.990560e+02
1502.99888210405743	2.990482e+02
1503.99866218352054	2.990401e+02
1504.99850046269671	2.990319e+02
1505.99839741814117	2.990238e+02
1506.99834498102905	2.990159e+02
1507.99832982226803	2.990084e+02
1508.99834377057755	2.990011e+02
1509.9983812867863	2.989939e+02
1510.99843940311575	2.989867e+02
1511.99851754542328	2.989796e+02
1512.99862037456728	2.989726e+02
1513.99875680543801	2.989656e+02
1514.99893992752845	2.989584e+02
1515.99916719891712	2.989513e+02
1516.99943167005972	2.989443e+02
1517.99971705804433	2.989377e+02
1519.00000507093364	2.989316e+02
1520.00028064636444	2.989260e+02
1521.00054344655064	2.989205e+02
1522.00080604227378	2.989150e+02
1522.99797203784647	2.989094e+02
1523.9982617297137	2.989038e+02
1524.99857104828561	2.988983e+02
1525.99889287421797	2.988930e+02
1526.99920744121346	2.988881e+02
1527.99949332756796	2.988835e+02
1528.99972890828735	2.988792e+02
1529.99989843304297	2.988750e+02
1530.99999660623575	2.988709e+02
1532.00002834752672	2.988667e+02
1533.0000056497388	2.988622e+02
1533.99994379792724	2.988574e+02
1534.99985489382766	2.988524e+02
1535.99974107227354	2.988472e+02
1536.99959318218407	2.988422e+02
1537.9993945457486	2.988375e+02
1538.99912737611771	2.988331e+02
1539.99878050831308	2.988292e+02
1540.99835962920133	2.988253e+02
1542.0009963747616	2.988210e+02
1543.00051612376092	2.988161e+02
1544.00004650489836	2.988106e+02
1544.99959031082108	2.988048e+02
1545.99913767881571	2.987992e+02
1546.99866683407481	2.987939e+02
1547.99815230633658	2.987891e+02
1549.00068285709017	2.987846e+02
1550.00005989398483	2.987800e+02
1550.99940805667757	2.987749e+02
1551.99875115231362	2.987691e+02
1552.99810340256977	2.987627e+02
1554.00057779378039	2.987558e+02
1554.99996085500288	2.987489e+02
1555.99934013623056	2.987420e+02
1556.99870004641639	2.987352e+02
1557.99802508664197	2.987285e+02
1559.00040351372286	2.987219e+02
1559.99962961638175	2.987152e+02
1560.99883185458475	2.987081e+02
1561.99804665354827	2.987004e+02
1563.00040512244777	2.986919e+02
1563.99971697969067	2.986831e+02
1564.99910425874737	2.986741e+02
1565.99856707239883	2.986651e+02
1566.99807599091628	2.986566e+02
1568.00070774537676	2.986486e+02
1569.00026169563853	2.986408e+02
1569.99985397141518	2.986330e+02
1570.99947455884217	2.986252e+02
1571.99913249478072	2.986173e+02
1572.99887431463685	2.986087e+02
1573.99872674321773	2.985993e+02
1574.99867493132228	2.985901e+02
1575.99869628956208	2.985816e+02
1576.99876896870296	2.985731e+02
1577.99887053899829	2.985651e+02
1578.99898700611743	2.985580e+02
1579.99911920877094	2.985505e+02
1580.99929604950307	2.985423e+02
1581.99954333203823	2.985344e+02
1582.99986456861598	2.985263e+02
1584.00026526690181	2.985181e+02
1585.00074982126171	2.985105e+02
1585.99819811651037	2.985033e+02
1586.99880664137254	2.984960e+02
1587.99945226420368	2.984892e+02
1589.0001050525093	2.984827e+02
1590.0007417046229	2.984765e+02
1590.99824813146188	2.984706e+02
1591.99884023885124	2.984648e+02
1592.99942972519125	2.984588e+02
1594.00002958172672	2.984527e+02
1595.00064829070243	2.984466e+02
1595.99818229142693	2.984404e+02
1596.99883056767135	2.984346e+02
1597.99946764110496	2.984292e+02
1599.00008495377551	2.984240e+02
1600.00067270199793	2.984189e+02
1600.99811693056563	2.984140e+02
1601.99863573761127	2.984090e+02
1602.99912012433379	2.984039e+02
1603.99955882001245	2.983990e+02
1604.99994378683573	2.983942e+02
1606.00026089057701	2.983896e+02
1607.00048996083433	2.983852e+02
1608.00061823184706	2.983810e+02
1609.00063726449798	2.983768e+02
1610.0005459719514	2.983726e+02
1611.00035693762493	2.983681e+02
1612.00008533486721	2.983631e+02
1612.99974030925409	2.983577e+02
1613.99933008162088	2.983519e+02
1614.99885544376457	2.983461e+02
1615.99829926410507	2.983405e+02
1617.00074608381328	2.983354e+02
1617.99999151333782	2.983307e+02
1618.99916022374327	2.983258e+02
1619.99827274183122	2.983205e+02
1621.00046467299944	2.983148e+02
1621.99955921158471	2.983085e+02
1622.99868939079943	2.983018e+02
1624.00096420526552	2.982947e+02
1625.0001752008875	2.982875e+02
1625.99941093398934	2.982803e+02
1626.99864202277604	2.982733e+02
1628.00095094900098	2.982665e+02
1629.00012708075269	2.982596e+02
1629.99926862994425	2.982525e+02
1630.99839600341625	2.982449e+02
1632.00064545422356	2.982366e+02
1632.999830789101	2.982278e+02
1633.99906500187512	2.982187e+02
1634.99834936202728	2.982095e+02
1636.00077795229117	2.982005e+02
1637.00013341642921	2.981918e+02
1637.99951203272235	2.981834e+02
1638.99891425364126	2.981750e+02
1639.99835136539605	2.981666e+02
1641.00094891576464	2.981579e+02
1642.00052419316467	2.981489e+02
1643.00020450171905	2.981396e+02
1643.99999952621715	2.981301e+02
1644.99990031811558	2.981206e+02
1645.9998853409802	2.981116e+02
1646.99992774030056	2.981032e+02
1648.00000741580061	2.980951e+02
1649.00012525584066	2.980871e+02
1650.0003044318978	2.980788e+02
1651.00057667982696	2.980699e+02
1652.00097306798943	2.980605e+02
1652.9984012384748	2.980507e+02
1653.99906609368327	2.980409e+02
1654.9998186113578	2.980317e+02
1656.00059973348289	2.980233e+02
1656.99825718648094	2.980157e+02
1657.99898360932161	2.980086e+02
1658.99966849767975	2.980014e+02
1660.00032889122303	2.979940e+02
1661.00098436380154	2.979863e+02
1661.99854619226448	2.979785e+02
1662.99925115638712	2.979705e+02
1664.00001017106456	2.979624e+02
1665.00081724871029	2.979545e+02
1665.99854239466185	2.979468e+02
1666.99936593392567	2.979396e+02
1668.00013978533343	2.979332e+02
1669.00085085916248	2.979272e+02
1669.99840096049707	2.979213e+02
1670.99901862720822	2.979153e+02
1671.9996011514902	2.979092e+02
1673.00014282323718	2.979032e+02
1674.00062690990535	2.978975e+02
1674.99793006669779	2.978922e+02
1675.99825913159702	2.978873e+02
1676.9985159332075	2.978824e+02
1677.99873305586266	2.978771e+02
1678.99894984492721	2.978711e+02
1679.9991844537949	2.978644e+02
1680.99942100389649	2.978574e+02
1681.99961178412059	2.978509e+02
1682.99969481212179	2.978452e+02
1683.99961417643317	2.978404e+02
1684.99933732720092	2.978365e+02
1685.99886835550888	2.978328e+02
1686.99826333853071	2.978285e+02
1688.00070195106059	2.978228e+02
1689.00002689868484	2.978162e+02
1689.99935696480293	2.978090e+02
1690.99869182296447	2.978018e+02
1691.99802643554904	2.977947e+02
1693.00044817745015	2.977880e+02
1693.9997459726842	2.977814e+02
1694.99903910307034	2.977746e+02
1695.99833840348583	2.977674e+02
1697.00075316265634	2.977598e+02
1698.00007672925381	2.977519e+02
1698.99939518658698	2.977441e+02
1699.99868049662655	2.977367e+02
1700.99791381765954	2.977296e+02
1702.00018950024923	2.977228e+02
1702.99931216928599	2.977159e+02
1703.99841821405221	2.977086e+02
1705.00066237152009	2.977004e+02
1705.99989378959776	2.976914e+02
1706.99925281337846	2.976817e+02
1707.99875871085374	2.976717e+02
1708.9984074327424	2.976618e+02
1709.99817324317451	2.976521e+02
1710.99800487291645	2.976432e+02
1712.00095314679879	2.976351e+02
1713.00077544386886	2.976275e+02
1714.00057550727479	2.976201e+02
1715.00038130945882	2.976124e+02
1716.00023802081137	2.976039e+02
1717.00019297839776	2.975946e+02
1718.00027819476122	2.975846e+02
1719.00050654086658	2.975744e+02
1720.00087646197721	2.975642e+02
1720.99825701122109	2.975544e+02
1721.99882484980481	2.975449e+02
1722.99944642589753	2.975356e+02
1724.00010876766851	2.975261e+02
1725.0007972407634	2.975165e+02
1725.99838250384119	2.975073e+02
1726.99907796378784	2.974985e+02
1727.99979450504793	2.974894e+02
1729.00054098330065	2.974798e+02
1729.99817993578563	2.974700e+02
1730.9988351227255	2.974611e+02
1731.99930843447328	2.974538e+02
1732.99960140813437	2.974476e+02
1733.99981711714031	2.974412e+02
1735.00010576322961	2.974334e+02
1736.00061319661063	2.974239e+02
1736.99831962602411	2.974130e+02
1737.99942471794657	2.974019e+02
1739.00069142894085	2.973921e+02
1739.99879142569853	2.973851e+02
1740.99972082434397	2.973810e+02
1742.0002595753615	2.973791e+02
1743.00042499239476	2.973779e+02
1744.00033711463016	2.973759e+02
1745.00020420483202	2.973718e+02
1746.00020305081262	2.973657e+02
1747.00044924191297	2.973562e+02
1748.00098229104992	2.973454e+02
1748.99862559907751	2.973350e+02
1749.99937443698445	2.973259e+02
1750.99993341300956	2.973187e+02
1752.00020452842364	2.973132e+02
1753.00018539774965	2.973086e+02
1753.99995722605786	2.973036e+02
1754.99965172305224	2.972974e+02
1755.99937420901142	2.972900e+02
1756.99918398843283	2.972818e+02
1757.99905727546616	2.972737e+02
1758.99890197778745	2.972663e+02
1759.99861603758336	2.972603e+02
1760.99815084045258	2.972554e+02
1762.00064772574046	2.972506e+02
1763.00000454708311	2.972447e+02
1763.99944313344577	2.972369e+02
1764.99905837673236	2.972274e+02
1765.99888355959615	2.972172e+02
1766.99884729628457	2.972074e+02
1767.99883162080027	2.971988e+02
1768.99871689796737	2.971920e+02
1769.99837543997342	2.971870e+02
1771.00083206083377	2.971834e+02
1771.99993232871066	2.971796e+02
1772.99891571185594	2.971744e+02
1773.9979439962824	2.971671e+02
1775.00028853091226	2.971574e+02
1775.99985701588776	2.971456e+02
1776.9997644951352	2.971326e+02
1777.99990352173882	2.971200e+02
1779.00007262439976	2.971095e+02
1780.00005311805398	2.971020e+02
1780.99972359915159	2.970968e+02
1781.99911606461114	2.970922e+02
1782.99838244358966	2.970860e+02
1784.000824727397	2.970770e+02
1785.00041188977411	2.970650e+02
1786.00031015063769	2.970516e+02
1787.00047433238024	2.970384e+02
1788.00079576195844	2.970267e+02
1788.99804110645005	2.970169e+02
1789.99833056785428	2.970084e+02
1790.99854521824045	2.970004e+02
1791.99875201646159	2.969920e+02
1792.99905301074273	2.969826e+02
1793.99956153303106	2.969721e+02
1795.00037569769552	2.969604e+02
1795.99842001382149	2.969482e+02
1796.99984002621409	2.969361e+02
1797.99821822073977	2.969259e+02
1798.99947944337873	2.969186e+02
1800.00027864572485	2.969144e+02
1801.00056012321079	2.969120e+02
1802.00048960482559	2.969094e+02
1803.00033879808689	2.969047e+02
1804.00034899565208	2.968969e+02
1805.00070417638608	2.968853e+02
1805.99834349052003	2.968723e+02
1806.99936069278101	2.968599e+02
1808.0004092353056	2.968500e+02
1808.99812186720555	2.968434e+02
1809.99854570925777	2.968395e+02
1810.99856121576249	2.968368e+02
1811.99830226419863	2.968331e+02
1812.99798186818407	2.968275e+02
1814.00089884028694	2.968192e+02
1815.00095200638179	2.968089e+02
1815.99812846920872	2.967982e+02
1816.9985271850544	2.967884e+02
1817.99889735535976	2.967800e+02
1818.99913309599242	2.967731e+02
1819.99921614260279	2.967667e+02
1820.99922274400001	2.967598e+02
1821.9992828819145	2.967515e+02
1822.9994983329093	2.967417e+02
1823.99987717613885	2.967315e+02
1825.00031684566693	2.967221e+02
1826.00063631033709	2.967147e+02
1827.00065115859502	2.967100e+02
1828.0002588480736	2.967074e+02
1828.999521290345	2.967051e+02
1829.9986634692209	2.967013e+02
1830.99798581434948	2.966949e+02
1832.00082425095457	2.966843e+02
1832.99794337922572	2.966713e+02
1833.99852546420016	2.966580e+02
1834.99916815684355	2.966469e+02
1835.99950287222032	2.966400e+02
1836.99926197810851	2.966380e+02
1837.99845557101821	2.966382e+02
1839.0004610645974	2.966364e+02
1839.99946844884767	2.966295e+02
1840.99889490637406	2.966170e+02
1841.99882978537903	2.966011e+02
1842.99915568361689	2.965856e+02
1843.99962394086606	2.965732e+02
1844.9999339175306	2.965651e+02
1845.99984691075065	2.965609e+02
1846.99937196937162	2.965580e+02
1847.99875222213336	2.965532e+02
1848.9983355002023	2.965444e+02
1849.99841663746088	2.965297e+02
1850.99907064851641	2.965123e+02
1852.00023379756112	2.964955e+02
1852.99850626381544	2.964824e+02
1853.99957871549464	2.964740e+02
1855.00004137674819	2.964696e+02
1855.99993206196245	2.964674e+02
1856.99962127416029	2.964634e+02
1857.99947772035603	2.964548e+02
1858.99983540032395	2.964401e+02
1860.00087601343103	2.964208e+02
1860.99940074094002	2.964029e+02
1861.99821972287737	2.963891e+02
1862.99985620170742	2.963809e+02
1864.00073654599191	2.963781e+02
1865.00079823534224	2.963778e+02
1866.00023590001365	2.963759e+02
1866.99936799980014	2.963700e+02
1867.99851343587943	2.963590e+02
1869.0009532396025	2.963436e+02
1870.00041894692572	2.963277e+02
1870.99976274147139	2.963164e+02
1871.9987072297788	2.963114e+02
1873.00016324044873	2.963110e+02
1874.00096078780825	2.963125e+02
1874.99814290175391	2.963134e+02
1875.99817497179083	2.963122e+02
1876.99826133029728	2.963080e+02
1877.99858335500471	2.963007e+02
1878.99911000948509	2.962928e+02
1879.99959120604399	2.962883e+02
1880.99966701720768	2.962903e+02
1881.99906092747733	2.962973e+02
1883.00082289671991	2.963050e+02
1883.99895188739174	2.963114e+02
1884.99999827907118	2.963127e+02
1885.9982135368839	2.963086e+02
1887.00003193897987	2.963000e+02
1887.99923803263118	2.962899e+02
1888.9986619013298	2.962840e+02
1890.0009782374259	2.962861e+02
1890.9996120218068	2.962953e+02
1892.00060902208838	2.963087e+02
1892.99796475072867	2.963228e+02
1893.99834801076008	2.963310e+02
1894.99921205038618	2.963303e+02
1896.00078212942276	2.963237e+02
1896.99985531762559	2.963146e+02
1897.99922337217936	2.963093e+02
1898.998514202754	2.963129e+02
1900.00049934267236	2.963244e+02
1900.99893317374926	2.963408e+02
1902.00019646337023	2.963581e+02
1902.99848172231191	2.963691e+02
1904.00035835896188	2.963689e+02
1904.99983568619928	2.963601e+02
1905.99992277003275	2.963477e+02
1907.00032134021694	2.963391e+02
1908.0008322899414	2.963414e+02
1909.00093160232086	2.963553e+02
1910.00030599308934	2.963762e+02
1910.99915416881481	2.963993e+02
1912.00096180215701	2.964149e+02
1912.99985416341951	2.964182e+02
1913.99916159502141	2.964113e+02
1915.00183493017198	2.963998e+02
1915.99884508729065	2.963890e+02
1916.99943377915861	2.963855e+02
1918.00014863020897	2.963930e+02
1919.00056764200008	2.964091e+02
1920.00045193746428	2.964294e+02
1920.999817220767	2.964504e+02
1921.99885407788929	2.964648e+02
1923.00093528869252	2.964702e+02
1924.00015154858534	2.964687e+02
1924.9996942356795	2.964649e+02
1925.99951501246892	2.964632e+02
1926.9994556337756	2.964681e+02
1927.99924453677409	2.964816e+02
1929.00169876828068	2.965017e+02
1930.00053873376396	2.965261e+02
1930.99901672645274	2.965466e+02
1932.00052548632129	2.965583e+02
1932.99922801006664	2.965602e+02
1934.0015359973911	2.965556e+02
1935.00131940371921	2.965497e+02
1936.00158843669146	2.965473e+02
1936.99896437524126	2.965538e+02
1937.99915532118575	2.965714e+02
1939.00169088058715	2.965987e+02
1940.00026699132422	2.966285e+02
1941.00131005967296	2.966518e+02
1941.99907159494342	2.966638e+02
1943.00016854220166	2.966658e+02
1943.99876931042331	2.966630e+02
1945.0013154265514	2.966610e+02
1946.00145902451573	2.966648e+02
1947.00184707857534	2.966786e+02
1947.99894027443679	2.967036e+02
1949.00159173641941	2.967384e+02
1950.0005148195396	2.967719e+02
1950.99915708621666	2.967971e+02
1952.00121105374001	2.968130e+02
1953.00099918931824	2.968223e+02
1954.00175856958867	2.968285e+02
1955.00025833826953	2.968360e+02
1955.99891357040747	2.968496e+02
1956.99998347217434	2.968710e+02
1957.99995687250339	2.969000e+02
1958.99898139444576	2.969295e+02
1960.00060367275319	2.969522e+02
1960.99908875227379	2.969628e+02
1962.00098840628698	2.969612e+02
1963.00035636391385	2.969508e+02
1964.00013511165548	2.969368e+02
1964.99958884015041	2.969237e+02
1966.00117777936748	2.969150e+02
1967.00166040344834	2.969147e+02
1968.00103332507774	2.969219e+02
1968.99926208336751	2.969288e+02
1969.99984270938785	2.969290e+02
1971.00066921584312	2.969231e+02
1972.00156233056987	2.969138e+02
1973.00163917092277	2.969014e+02
1974.00116417228719	2.968886e+02
1975.00054692965341	2.968859e+02
1976.00169083237279	2.969003e+02
1977.00122177684921	2.969257e+02
1978.00073247297109	2.969539e+02
1979.00099174790853	2.969810e+02
1980.00060676208864	2.969963e+02
1980.9999655791205	2.969897e+02
1982.00038738718672	2.969738e+02
1982.99987281407948	2.969675e+02
1984.00023924400102	2.969762e+02
1985.00078188989801	2.970079e+02
1986.00130190178152	2.970636e+02
1987.00082094559184	2.971183e+02
1988.00124635556813	2.971560e+02
1989.00020087422172	2.971713e+02
1989.999123837252	2.971548e+02
1991.00087133326883	2.971078e+02
1991.99942744573468	2.970656e+02
1992.99978404438912	2.970698e+02
1993.99925602162261	2.971199e+02
1994.999169630285	2.971888e+02
1995.99991512042811	2.972483e+02
1997.00115585923368	2.972746e+02
1997.99970297082518	2.972467e+02
1999.00140827003497	2.971882e+02
1999.99864306339714	2.971554e+02
2001.00049341427098	2.971841e+02
2001.99871974126404	2.972605e+02
2002.99998310215051	2.973487e+02
2003.99892672382498	2.974215e+02
2004.99910086211912	2.974629e+02
2005.99975132704435	2.974617e+02
2006.99968559747913	2.974289e+02
2007.99838059500075	2.974073e+02
2008.99946407483458	2.974378e+02
2010.00017958868057	2.975116e+02
2010.99811436887239	2.975941e+02
2012.00009799786471	2.976676e+02
2013.00007377642805	2.977145e+02
2014.00024334006048	2.977174e+02
2014.99984687250253	2.976903e+02
2015.99872423445186	2.976775e+02
2017.00039146966742	2.977091e+02
2017.99944762206155	2.977781e+02
2018.99902973931535	2.978603e+02
2019.99926510331693	2.979394e+02
2021.00041439558163	2.979865e+02
2021.99893569980145	2.979914e+02
2023.00014567225253	2.979839e+02
2023.99799465514093	2.979963e+02
2024.99925690021951	2.980387e+02
2025.9981258396333	2.981015e+02
2026.99802969827783	2.981665e+02
2027.99863002482357	2.982124e+02
2028.99912882977151	2.982274e+02
2029.99940003971801	2.982211e+02
2030.99961806678425	2.982201e+02
2031.99984647913698	2.982414e+02
2033.00038005481906	2.982824e+02
2033.99871361746636	2.983286e+02
2035.0005466491109	2.983639e+02
2035.99886036417092	2.983805e+02
2036.99988564581076	2.983852e+02
2037.9982610211141	2.983934e+02
2039.00006026532355	2.984161e+02
2039.99878396542613	2.984538e+02
2040.99772480244224	2.984991e+02
2042.00012038723753	2.985389e+02
2042.99966677357202	2.985635e+02
2043.99909102798074	2.985771e+02
2044.99866566660921	2.985910e+02
2045.99868470683373	2.986122e+02
2046.99904399035381	2.986396e+02
2047.99968019166795	2.986675e+02
2049.00057878516054	2.986881e+02
2049.9985104174707	2.986994e+02
2050.99974557565474	2.987066e+02
2051.99827445028086	2.987154e+02
2053.00040170725606	2.987283e+02
2053.99975117620988	2.987432e+02
2054.99917963931011	2.987564e+02
2055.99906816382008	2.987665e+02
2057.00010239177618	2.987753e+02
2057.99957034940689	2.987842e+02
2059.00033855696984	2.987953e+02
2059.99877427408364	2.988092e+02
2061.00068028990472	2.988261e+02
2061.99967126352203	2.988456e+02
2062.9986247787715	2.988679e+02
2064.0005915181905	2.988932e+02
2064.99889326900075	2.989214e+02
2065.99960981869208	2.989522e+02
2066.99975605732197	2.989850e+02
2067.99950374386253	2.990188e+02
2068.99903816909227	2.990529e+02
2069.99854899783304	2.990863e+02
2070.99835310048456	2.991169e+02
2071.99848359109592	2.991436e+02
2072.99844596715275	2.991678e+02
2073.99778702077265	2.991912e+02
2074.99967222318037	2.992122e+02
2075.99810136242013	2.992281e+02
2076.99934962724456	2.992433e+02
2078.00007264182295	2.992636e+02
2078.9997303476639	2.992823e+02
2079.99798609703339	2.992896e+02
2080.99795342414836	2.992832e+02
2081.99986423388145	2.992661e+02
2082.99768968741637	2.992425e+02
2083.99737290915937	2.992173e+02
2084.99894619512907	2.991935e+02
2085.99976832878156	2.991705e+02
2087.00031337056316	2.991464e+02
2087.99766901176326	2.991213e+02
2088.99789846065732	2.990964e+02
2089.99794567799563	2.990717e+02
2090.99800346861957	2.990467e+02
2091.99812405934608	2.990225e+02
2092.99840201409143	2.990031e+02
2093.99876380594333	2.989944e+02
2094.99869089617778	2.990006e+02
2095.9978550317137	2.990223e+02
2096.9991733022307	2.990590e+02
2097.99977647816695	2.991073e+02
2098.99987393665151	2.991600e+02
2099.99979300803352	2.992098e+02
2101.00010186090003	2.992518e+02
2101.99846402574758	2.992817e+02
2102.99866839115339	2.992979e+02
2103.99813623537784	2.993032e+02
2104.99996692578725	2.993026e+02
2105.99816976857392	2.993007e+02
2106.99866919346414	2.993023e+02
2107.99782810185116	2.993116e+02
2108.9981657680155	2.993313e+02
2109.99908141417063	2.993642e+02
2111.00014270524571	2.994140e+02
2111.99784360021431	2.994855e+02
2112.9980692155591	2.995800e+02
2113.99772421590706	2.996878e+02
2115.00025172177084	2.997896e+02
2115.99995989037507	2.998722e+02
2116.99743479911331	2.999362e+02
2117.99936725192401	2.999896e+02
2118.99971794856356	3.000397e+02
2119.99836479931173	3.000895e+02
2120.99811993371668	3.001381e+02
2121.99882706652033	3.001843e+02
2122.9973407326479	3.002280e+02
2123.9997887224763	3.002701e+02
2124.99981503044955	3.003100e+02
2125.99746819986694	3.003462e+02
2126.99908667016416	3.003769e+02
2127.9985176557293	3.004010e+02
2128.99886088528137	3.004183e+02
2129.9999912036451	3.004282e+02
2130.99865504492345	3.004307e+02
2131.99786809570242	3.004276e+02
2132.99751634167706	3.004222e+02
2133.99753946215287	3.004177e+02
2134.99786540615605	3.004156e+02
2135.99851037891131	3.004153e+02
2136.9995630294261	3.004151e+02
2137.99793694486607	3.004134e+02
2138.99984749607711	3.004093e+02
2139.99877445712855	3.004020e+02
2140.99753084719578	3.003909e+02
2141.99917903327423	3.003757e+02
2142.99749645313159	3.003583e+02
2143.99886796876945	3.003408e+02
2144.99993714993252	3.003256e+02
2145.99733484778471	3.003155e+02
2147.00039487450886	3.003111e+02
2147.99976503022026	3.003098e+02
2148.99875176522892	3.003057e+02
2149.99746583337583	3.002941e+02
2150.99907529154007	3.002759e+02
2152.00030219342352	3.002547e+02
2152.99785677024329	3.002366e+02
2153.99733257606476	3.002226e+02
2154.99748501575414	3.002128e+02
2156.000377352143	3.002052e+02
2156.99863758590345	3.002020e+02
2157.99919717638477	3.002053e+02
2158.99807518371426	3.002149e+02
2159.9998077229543	3.002259e+02
2161.00031085701812	3.002351e+02
2162.00036355467819	3.002440e+02
2162.99924782493918	3.002527e+02
2163.99943658260054	3.002617e+02
2165.00044714256319	3.002714e+02
2165.99874920609682	3.002823e+02
2167.00033799808352	3.002937e+02
2167.99877640363593	3.003045e+02
2169.00023517328327	3.003144e+02
2169.99850800146805	3.003236e+02
2170.99994296293926	3.003316e+02
2171.99863989052164	3.003378e+02
2172.99750202157702	3.003411e+02
2173.9992223670597	3.003400e+02
2174.99740299741461	3.003332e+02
2175.99833749423806	3.003208e+02
2176.99911416738041	3.003058e+02
2177.99978870693667	3.002948e+02
2179.00033647576856	3.002928e+02
2179.9976957639301	3.003007e+02
2180.99803515688518	3.003168e+02
2181.99820458052909	3.003381e+02
2182.99845473769528	3.003625e+02
2183.99895209592114	3.003883e+02
2184.99950017484889	3.004122e+02
2186.00019397418373	3.004288e+02
2186.99787029970958	3.004310e+02
2187.99826391316947	3.004134e+02
2188.99771439201459	3.003781e+02
2189.99907864252827	3.003328e+02
2190.99935342400659	3.002813e+02
2191.99883265925837	3.002304e+02
2192.99795951929855	3.001928e+02
2193.99983017743807	3.001755e+02
2194.99780033080879	3.001766e+02
2195.99755666840838	3.001896e+02
2196.99925646415886	3.002126e+02
2197.99984148038402	3.002435e+02
2198.99928127135126	3.002794e+02
2199.99808676481643	3.003240e+02
2200.99998098248716	3.003774e+02
2201.99918517415335	3.004257e+02
2202.99908315789162	3.004594e+02
2203.9995327011743	3.004769e+02
2205.00010956640926	3.004795e+02
2205.9974725342804	3.004700e+02
2206.9976090697246	3.004533e+02
2208.0003674833938	3.004324e+02
2208.99940244910567	3.004107e+02
2209.99771086723058	3.003895e+02
2210.9985298354004	3.003696e+02
2211.99910742249858	3.003547e+02
2212.99971696180592	3.003537e+02
2213.99752000513672	3.003692e+02
2214.99894471088874	3.003949e+02
2215.9981775852375	3.004243e+02
2216.99840338094509	3.004566e+02
2217.99954605298126	3.004900e+02
2218.99848923973559	3.005197e+02
2219.99827675633151	3.005447e+02
2220.99872301500773	3.005642e+02
2221.99962852024055	3.005726e+02
2222.99777183598962	3.005647e+02
2223.99902753071365	3.005451e+02
2224.99982873955014	3.005162e+02
2225.9998707552727	3.004710e+02
2226.99913600122863	3.004096e+02
2227.99759010323805	3.003516e+02
2228.99846232958998	3.003111e+02
2229.99897909293577	3.002892e+02
2230.9996306599669	3.002860e+02
2232.00039433140728	3.003044e+02
2232.99787400434116	3.003442e+02
2233.99871370510118	3.003976e+02
2234.9999537612639	3.004519e+02
2235.99848415860879	3.005029e+02
2236.9976012285706	3.005499e+02
2237.9974617870439	3.005905e+02
2238.99784214628562	3.006187e+02
2239.99891322069834	3.006358e+02
2240.99789000996088	3.006412e+02
2242.00030983782108	3.006305e+02
2242.99914185837042	3.006020e+02
2243.99743710862595	3.005585e+02
2244.9984691276054	3.005015e+02
2245.9992081517712	3.004436e+02
2246.99974073588555	3.003992e+02
2248.00018196718929	3.003817e+02
2248.99762751118942	3.003915e+02
2249.99801405747576	3.004198e+02
2250.99809761508232	3.004637e+02
2251.99820086085674	3.005230e+02
2252.99882295924635	3.005905e+02
2254.00006169661992	3.006539e+02
2254.99875315346162	3.007049e+02
2255.99810970797625	3.007395e+02
2256.99824355901546	3.007568e+02
2257.99905473568333	3.007577e+02
2259.00019969251434	3.007461e+02
2259.9981875817798	3.007231e+02
2260.99919128155943	3.006838e+02
2262.00032459015301	3.006270e+02
2262.99873406835104	3.005642e+02
2264.0002081860398	3.005146e+02
2264.99863667349973	3.004927e+02
2266.00027632655883	3.004966e+02
2266.9985431275627	3.005247e+02
2267.99951118267973	3.005693e+02
2269.00016699129947	3.006223e+02
2269.99758185133123	3.006815e+02
2270.99786821735279	3.007465e+02
2271.99790892851388	3.008000e+02
2272.99816742215307	3.008245e+02
2273.99930044262283	3.008253e+02
2274.99835017376199	3.008136e+02
2275.99842348579068	3.007988e+02
2276.99740792660987	3.007859e+02
2277.99822741756543	3.007684e+02
2278.99984385249445	3.007345e+02
2279.99807266022026	3.006883e+02
2280.99875640573237	3.006451e+02
2281.99830753409651	3.006176e+02
2282.99894213778862	3.006206e+02
2283.99766376034813	3.006565e+02
2284.998243751882	3.007051e+02
2285.9982282519054	3.007429e+02
2286.99869785351211	3.007662e+02
2288.00041530655244	3.007930e+02
2288.99951252740084	3.008351e+02
2289.99786921335908	3.008785e+02
2290.99812690473073	3.009010e+02
2291.9977693247115	3.008953e+02
2292.99805242413095	3.008734e+02
2293.99830070155258	3.008571e+02
2294.9988735932684	3.008562e+02
2295.99737680840144	3.008535e+02
2296.997362918004	3.008246e+02
2297.99835026838127	3.007914e+02
2298.99810139530109	3.007568e+02
2299.99896535442485	3.007328e+02
2301.00015453566448	3.007426e+02
2301.99949696415069	3.007862e+02
2302.99774808424536	3.008341e+02
2303.99907972232177	3.008641e+02
2304.99849876808003	3.008895e+02
2305.99941864096763	3.009360e+02
2306.99814169517276	3.009957e+02
2307.99912113494747	3.010378e+02
2308.99866296727805	3.010452e+02
2309.99740859131316	3.010259e+02
2310.99987246703085	3.009997e+02
2311.99820423129177	3.009853e+02
2312.99859138255442	3.009880e+02
2313.9994256144837	3.009941e+02
2314.99908323351883	3.009909e+02
2316.00008394815541	3.009797e+02
2316.99989285751553	3.009569e+02
2317.99884932061877	3.009333e+02
2319.00006736875866	3.009250e+02
2319.99787336056079	3.009355e+02
2320.99868770266175	3.009573e+02
2322.00010910638866	3.009934e+02
2323.00034540120851	3.010466e+02
2323.99997020282581	3.010894e+02
2324.99781788980272	3.011173e+02
2325.99819909263806	3.011364e+02
2327.00007667975842	3.011373e+02
2328.00027143664965	3.011192e+02
2328.99961233529211	3.010949e+02
2329.999652867431	3.010802e+02
2330.99835263534351	3.010764e+02
2331.99841108730061	3.010707e+02
2332.99840211696892	3.010539e+02
2333.99763965347938	3.010309e+02
2334.99957929431184	3.010096e+02
2335.99803029698614	3.009980e+02
2336.99890683774356	3.009975e+02
2337.99955209680638	3.010036e+02
2339.00034084638401	3.010158e+02
2339.99829559317095	3.010385e+02
2340.99967267216425	3.010716e+02
2341.99800723161434	3.011039e+02
2342.99890011629896	3.011243e+02
2343.99892908347601	3.011272e+02
2344.99827801677657	3.011149e+02
2345.997805155278	3.010983e+02
2346.99903193915088	3.010880e+02
2347.99961710966136	3.010881e+02
2348.99858992739382	3.010912e+02
2350.00041670362452	3.010870e+02
2350.99831128024289	3.010786e+02
2351.99882692585015	3.010706e+02
2352.9983404695754	3.010685e+02
2353.99964050988183	3.010732e+02
2355.00015843287702	3.010807e+02
2356.00035204070218	3.010890e+02
2356.99748193251799	3.010975e+02
2357.99790440889547	3.011086e+02
2358.99840253773255	3.011220e+02
2359.99880880956607	3.011339e+02
2360.99891648527046	3.011391e+02
2361.99861574990382	3.011352e+02
2362.99863355898651	3.011259e+02
2364.00024669444701	3.011197e+02
2364.99810022804013	3.011232e+02
2365.99763788779637	3.011364e+02
2367.00011005986244	3.011529e+02
2367.99796373717663	3.011643e+02
2369.00042317796442	3.011704e+02
2369.99883797816256	3.011751e+02
2370.99953219971803	3.011797e+02
2371.99945387799426	3.011844e+02
2372.99897667841287	3.011900e+02
2373.99849069003858	3.011968e+02
2374.99828936273707	3.012063e+02
2375.99834002907892	3.012182e+02
2376.9986668221236	3.012305e+02
2377.99903901132166	3.012401e+02
2378.99908183994557	3.012448e+02
2379.9985360598921	3.012445e+02
2380.99748482587938	3.012423e+02
2381.99960393491756	3.012418e+02
2382.9995179112866	3.012461e+02
2383.99737201020798	3.012557e+02
2384.9987046308911	3.012684e+02
2385.99952367580681	3.012795e+02
2386.99957175900454	3.012862e+02
2387.99895135302222	3.012897e+02
2388.99773264053056	3.012919e+02
2389.99934795109812	3.012958e+02
2390.99794611844391	3.013032e+02
2392.000071067514	3.013135e+02
2392.99986942474106	3.013234e+02
2393.99735909048286	3.013308e+02
2394.99861755764323	3.013357e+02
2396.00038049822797	3.013394e+02
2396.999280046271	3.013419e+02
2397.9980206531327	3.013441e+02
2398.99936990546212	3.013471e+02
2400.00009661273771	3.013507e+02
2401.00022862171454	3.013541e+02
2401.99975452106037	3.013580e+02
2402.99857882436754	3.013628e+02
2403.99987990839827	3.013673e+02
2404.99771436263154	3.013701e+02
2405.99850742203034	3.013716e+02
2406.99943760110773	3.013721e+02
2407.99773064108285	3.013707e+02
2408.99994245487642	3.013660e+02
2410.00033731595931	3.013583e+02
2410.99895595835778	3.013494e+02
2411.99883692786898	3.013405e+02
2412.99975301639915	3.013340e+02
2413.99843709958805	3.013284e+02
2414.99756668073724	3.013226e+02
2415.99978622502795	3.013154e+02
2416.99856364521656	3.013052e+02
2418.00001604584122	3.012909e+02
2418.99799271498659	3.012722e+02
2419.9987927418324	3.012483e+02
2420.99938329038832	3.012206e+02
2421.99982983369091	3.011901e+02
2423.00018911715779	3.011593e+02
2423.99751364332587	3.011300e+02
2424.9981777602884	3.011042e+02
2425.99912214524238	3.010826e+02
2427.00019506984881	3.010643e+02
2427.9981607959844	3.010487e+02
2428.99928472065631	3.010371e+02
2429.99736154411175	3.010284e+02
2430.99842009405165	3.010201e+02
2431.99921838544333	3.010107e+02
2432.99973280321046	3.009997e+02
2433.99988832222334	3.009872e+02
2434.99956375596548	3.009707e+02
2435.99865888192835	3.009521e+02
2437.0001885427655	3.009351e+02
2437.99804783782565	3.009221e+02
2438.99856199650139	3.009140e+02
2439.9987412791188	3.009099e+02
2440.99863100579387	3.009066e+02
2441.99828404650953	3.009012e+02
2442.99768514480547	3.008945e+02
2443.99988470843846	3.008898e+02
2444.9987306353064	3.008893e+02
2445.99742126215824	3.008918e+02
2446.99919619922366	3.008945e+02
2447.99800719339055	3.008966e+02
2449.00008267641579	3.008962e+02
2449.99927919990387	3.008905e+02
2450.99861444218186	3.008822e+02
2451.99791152140278	3.008783e+02
2453.00013688460331	3.008903e+02
2453.99914594800839	3.009161e+02
2454.9979210174979	3.009447e+02
2455.99960560640875	3.009789e+02
2456.99819897199541	3.010276e+02
2457.99999726007673	3.010894e+02
2458.99811008820507	3.011591e+02
2459.99801173524884	3.012294e+02
2460.9973812106341	3.012893e+02
2461.999602100218	3.013328e+02
2462.99849580337514	3.013663e+02
2463.99949130303048	3.013984e+02
2464.99894132724648	3.014279e+02
2465.99884914598897	3.014518e+02
2466.99910480596418	3.014584e+02
2467.99937686812382	3.014459e+02
2468.99798518704938	3.014217e+02
2469.99991054773227	3.013901e+02
2470.99856156170927	3.013516e+02
2472.00010733379759	3.013069e+02
2472.99822254590345	3.012541e+02
2473.99863329917798	3.011930e+02
2474.99815405534582	3.011281e+02
2476.00005594850836	3.010617e+02
2476.99817209166258	3.009969e+02
2477.99865629239775	3.009302e+02
2478.99836041636036	3.008652e+02
2480.00023966126992	3.008073e+02
2480.99803662861541	3.007635e+02
2482.00039712141552	3.007317e+02
2482.9982461498239	3.007128e+02
2483.99807190137017	3.007114e+02
2484.99958241501281	3.007209e+02
2486.00013007160533	3.007362e+02
2487.00024099135953	3.007589e+02
2487.9997162465761	3.007852e+02
2488.99883911418601	3.008103e+02
2489.99813519589907	3.008338e+02
2490.99772194033585	3.008524e+02
2491.99765629056583	3.008636e+02
2492.9980162916745	3.008675e+02
2493.99889117297562	3.008645e+02
2495.00034273794836	3.008558e+02
2495.99936673973116	3.008438e+02
2496.99905960229626	3.008309e+02
2497.9994557521095	3.008168e+02
2498.99753238008907	3.007996e+02
2499.99947729902715	3.007800e+02
2500.99919630359909	3.007575e+02
2501.99967339764999	3.007329e+02
2503.00079409065529	3.007079e+02
2503.99938634722639	3.006880e+02
2504.99840853773048	3.006753e+02
2506.00086927230268	3.006715e+02
2507.0005589385014	3.006767e+02
2508.0005466460957	3.006882e+02
2509.00073594086234	3.007025e+02
2509.99805346357516	3.007184e+02
2510.99871320600323	3.007333e+02
2511.99973411103974	3.007451e+02
2512.99809854275554	3.007548e+02
2513.99994797670161	3.007624e+02
2514.99907669717004	3.007670e+02
2515.9987003076576	3.007690e+02
2516.99887012493264	3.007692e+02
2517.99960778680634	3.007658e+02
2519.00092831216534	3.007583e+02
2519.99953051158673	3.007482e+02
2520.99836085585366	3.007377e+02
2522.00036118810021	3.007300e+02
2522.99945027961076	3.007287e+02
2523.99842825720361	3.007343e+02
2525.00015672435393	3.007453e+02
2525.99848770081462	3.007605e+02
2526.99958009738111	3.007774e+02
2528.00036314507406	3.007930e+02
2529.00074844603978	3.008070e+02
2530.00064158086252	3.008199e+02
2531.00023862287844	3.008344e+02
2531.99958838139719	3.008532e+02
2532.99853022830484	3.008743e+02
2534.00025830022696	3.008964e+02
2534.99884392441436	3.009190e+02
2536.00048399108164	3.009400e+02
2536.99905064259292	3.009589e+02
2538.0008637657611	3.009758e+02
2538.9998327799799	3.009919e+02
2539.99901032525668	3.010084e+02
2540.99851782799442	3.010228e+02
2541.99855123628504	3.010358e+02
2542.99904870387536	3.010463e+02
2543.99996914063968	3.010518e+02
2544.99832916726973	3.010537e+02
2546.00021546476637	3.010540e+02
2546.99931673698256	3.010532e+02
2547.99881992875771	3.010518e+02
2548.99862262136003	3.010513e+02
2549.99845127508843	3.010509e+02
2550.99844442773247	3.010511e+02
2551.998593112035	3.010536e+02
2552.99871533058831	3.010576e+02
2553.9989976212928	3.010622e+02
2554.99952693893238	3.010668e+02
2556.00016099880759	3.010695e+02
2557.00094128681849	3.010687e+02
2557.99895570057834	3.010644e+02
2559.00036794657717	3.010569e+02
2559.99876402940254	3.010452e+02
2561.00029048555871	3.010288e+02
2561.99881457109268	3.010094e+02
2563.00036329194745	3.009885e+02
2563.99864794126188	3.009674e+02
2564.99997951802061	3.009494e+02
2565.99806654894201	3.009356e+02
2566.99887539327392	3.009244e+02
2567.99932199801924	3.009153e+02
2568.99937951830952	3.009095e+02
2569.99888282642405	3.009082e+02
2571.00088605964902	3.009114e+02
2571.99913804690959	3.009184e+02
2572.9997520523807	3.009279e+02
2573.99973460387309	3.009415e+02
2574.9991399030705	3.009594e+02
2575.99794255559391	3.009785e+02
2576.99933542342978	3.009958e+02
2578.00034653739704	3.010128e+02
2578.99793964354012	3.010284e+02
2579.99837141146509	3.010425e+02
2580.99860515131604	3.010558e+02
2581.99865806965227	3.010686e+02
2582.99858803817642	3.010817e+02
2583.99854520136341	3.010954e+02
2584.99860877221636	3.011077e+02
2585.99886769613204	3.011179e+02
2586.99940052540296	3.011245e+02
2588.00032822619914	3.011266e+02
2588.99868937208157	3.011258e+02
2590.00067251721293	3.011234e+02
2591.00007771264291	3.011198e+02
2591.999961690899	3.011154e+02
2593.00030722982319	3.011110e+02
2593.9979344911676	3.011077e+02
2594.998875517329	3.011063e+02
2596.00005991303124	3.011069e+02
2596.99857683497385	3.011097e+02
2598.00040491428535	3.011144e+02
2598.99919503987849	3.011190e+02
2599.99832176697328	3.011233e+02
2601.00078869902381	3.011271e+02
2602.00021481696558	3.011283e+02
2602.99993773763299	3.011265e+02
2604.00000663840683	3.011215e+02
2605.00028319116655	3.011116e+02
2606.00091222106585	3.010966e+02
2606.9987735065306	3.010764e+02
2607.99980269569915	3.010500e+02
2609.00076333192055	3.010172e+02
2609.99855893318454	3.009850e+02
2610.99928448174023	3.009567e+02
2611.99980045247003	3.009330e+02
2613.00014886259714	3.009135e+02
2614.00032546469038	3.008971e+02
2615.00027960245825	3.008826e+02
2615.99994637583222	3.008709e+02
2616.99924406199898	3.008636e+02
2617.9980576806588	3.008616e+02
2618.99938925570723	3.008670e+02
2620.00006816725318	3.008814e+02
2621.00010709850994	3.009001e+02
2621.99965731460088	3.009221e+02
2622.99882609439192	3.009437e+02
2624.00065838655109	3.009619e+02
2624.99906433560773	3.009767e+02
2626.00040335024778	3.009900e+02
2626.99848679841398	3.010030e+02
2627.99942005976436	3.010170e+02
2629.00021244846221	3.010303e+02
2629.99786268051685	3.010440e+02
2630.99851703354034	3.010564e+02
2631.99915995577385	3.010657e+02
2632.99999060617347	3.010723e+02
2633.998094927073	3.010772e+02
2634.99962825516013	3.010801e+02
2635.99843288546663	3.010800e+02
2636.99773663496444	3.010783e+02
2637.99760571516163	3.010767e+02
2638.99778690327184	3.010746e+02
2639.99830057556437	3.010713e+02
2640.99930329624567	3.010708e+02
2642.00049370648321	3.010735e+02
2642.99877582441013	3.010765e+02
2643.99757536305378	3.010818e+02
2644.99979533819624	3.010904e+02
2645.99889300449559	3.010991e+02
2646.99833597070574	3.011085e+02
2647.99813330419329	3.011188e+02
2648.99797848054914	3.011277e+02
2649.99826243877351	3.011336e+02
2650.99910091956144	3.011356e+02
2652.00022928678391	3.011294e+02
2652.99867573842175	3.011138e+02
2653.9975287735524	3.010908e+02
2654.99961209333287	3.010651e+02
2655.99870525406504	3.010373e+02
2656.99799105220563	3.010107e+02
2658.00045412392728	3.009842e+02
2658.99983573578857	3.009565e+02
2659.99931554451723	3.009277e+02
2660.99878235005872	3.008986e+02
2661.99808774638359	3.008721e+02
2663.00026451472104	3.008487e+02
2663.99897693488856	3.008336e+02
2665.0002880089196	3.008291e+02
2665.99801132077073	3.008323e+02
2666.99837887208196	3.008397e+02
2667.99829893663491	3.008495e+02
2668.99783730216404	3.008592e+02
2670.00017353254998	3.008681e+02
2670.99913104654706	3.008759e+02
2671.99782579633984	3.008824e+02
2672.99942548677382	3.008884e+02
2673.99778609802115	3.008941e+02
2674.99909865687141	3.008991e+02
2676.00029638023307	3.009026e+02
2676.99830942368817	3.009040e+02
2677.99935028333084	3.009035e+02
2679.0003654772695	3.009014e+02
2679.99830579483614	3.008979e+02
2680.99939321280681	3.008937e+02
2682.00055523101764	3.008890e+02
2682.99869837807182	3.008851e+02
2684.00004568391796	3.008834e+02
2684.99851993432549	3.008847e+02
2686.00031583854297	3.008878e+02
2686.99921593488534	3.008914e+02
2687.99831397159369	3.008956e+02
2688.99762290014041	3.009020e+02
2690.00027590692935	3.009132e+02
2690.99999547597145	3.009299e+02
2691.99977746517061	3.009502e+02
2692.99981644030277	3.009728e+02
2694.00017155536761	3.009952e+02
2694.99772649186116	3.010177e+02
2695.99885377340388	3.010349e+02
2697.00046887395001	3.010461e+02
2697.9993934163017	3.010524e+02
2698.99876738618514	3.010554e+02
2699.99865489591184	3.010559e+02
2700.9990826995313	3.010519e+02
2702.0000149007069	3.010400e+02
2702.99836930913671	3.010200e+02
2704.00033308723232	3.009940e+02
2704.99946880740708	3.009643e+02
2705.99874803743933	3.009323e+02
2706.99816590584351	3.009012e+02
2707.99756580653138	3.008741e+02
2708.99990188669699	3.008509e+02
2709.99895450594067	3.008328e+02
2710.99778392072312	3.008194e+02
2711.99940795776774	3.008098e+02
2712.99763720082137	3.008030e+02
2713.99872550815689	3.007992e+02
2714.99954709951135	3.007977e+02
2716.00015619130727	3.007974e+02
2716.99752266370433	3.007975e+02
2717.99786898524098	3.007980e+02
2718.9981179681904	3.007983e+02
2719.99833251796827	3.007983e+02
2720.99851282848158	3.007970e+02
2721.99865080398149	3.007932e+02
2722.99877233849793	3.007874e+02
2723.99886266513386	3.007802e+02
2724.99886657676097	3.007710e+02
2725.99873763257528	3.007619e+02
2726.99846546551362	3.007555e+02
2727.9981010648703	3.007516e+02
2728.9976843829736	3.007485e+02
2730.00035840969122	3.007446e+02
2730.99996070567022	3.007398e+02
2731.99961359939516	3.007351e+02
2732.99934192592218	3.007329e+02
2733.99919432913339	3.007337e+02
2734.99922580758403	3.007373e+02
2735.99946555459383	3.007435e+02
2736.99992229074496	3.007527e+02
2738.00057490861263	3.007649e+02
2738.99831257485448	3.007805e+02
2739.99937935182015	3.008003e+02
2740.99754048845125	3.008235e+02
2741.99902451592243	3.008485e+02
2742.99766334834021	3.008724e+02
2743.99971227169408	3.008981e+02
2744.99897148291438	3.009237e+02
2745.99862066898504	3.009445e+02
2746.99873735936671	3.009593e+02
2747.99934858969027	3.009674e+02
2749.00049996806138	3.009683e+02
2749.99909429389663	3.009628e+02
2750.9982082681945	3.009516e+02
2751.9978040475321	3.009359e+02
2752.99786482638046	3.009166e+02
2753.99834415190799	3.008943e+02
2754.99910241042335	3.008703e+02
2755.99998668010585	3.008466e+02
2756.9977270847462	3.008248e+02
2757.99846597625265	3.008047e+02
2758.99901732126773	3.007873e+02
2759.99933732970476	3.007733e+02
2760.99934944763163	3.007623e+02
2761.99903831849861	3.007531e+02
2762.99843229781391	3.007466e+02
2763.99753766924823	3.007421e+02
2764.9995297544956	3.007388e+02
2765.99824121572101	3.007364e+02
2766.99993920934639	3.007335e+02
2767.99840236972841	3.007297e+02
2768.99990027811918	3.007254e+02
2769.99817972866913	3.007208e+02
2770.99944623232204	3.007159e+02
2772.00056690254041	3.007106e+02
2772.99841457706179	3.007050e+02
2773.99920637450896	3.006993e+02
2774.99980997238254	3.006934e+02
2776.00022643083412	3.006877e+02
2777.00047745049324	3.006827e+02
2778.00059357119881	3.006782e+02
2779.00060210025686	3.006756e+02
2780.00053056490015	3.006750e+02
2781.00040933635682	3.006767e+02
2782.00025681299303	3.006813e+02
2783.00007981718772	3.006887e+02
2783.9999094651248	3.006992e+02
2784.99978609565824	3.007130e+02
2785.99970857577682	3.007297e+02
2786.99967699975059	3.007492e+02
2787.99973639800464	3.007716e+02
2788.9998819860084	3.007959e+02
2790.00011241906213	3.008216e+02
2791.00048445079892	3.008476e+02
2791.99792296568467	3.008708e+02
2792.99870966538174	3.008905e+02
2793.99980533089456	3.009080e+02
2794.99814324459066	3.009209e+02
2795.99998008805551	3.009279e+02
2796.99910140148131	3.009291e+02
2797.99864561077948	3.009254e+02
2798.99857346735871	3.009173e+02
2799.99882604556296	3.009063e+02
2800.99935140733623	3.008934e+02
2802.00007076547126	3.008789e+02
2802.99778266680732	3.008639e+02
2803.99870001165209	3.008493e+02
2804.99964568148607	3.008356e+02
2806.00055099140627	3.008231e+02
2806.99823017126346	3.008119e+02
2807.99890079282204	3.008020e+02
2808.99938861525698	3.007933e+02
2809.99969086145347	3.007845e+02
2810.99985466412863	3.007767e+02
2811.99987339113432	3.007698e+02
2812.99973711734629	3.007632e+02
2813.99949959149126	3.007576e+02
2814.99910169612394	3.007522e+02
2815.99850798087118	3.007466e+02
2816.99775242364149	3.007416e+02
2817.99993398254901	3.007373e+02
2818.99875278360332	3.007337e+02
2820.00041913608993	3.007307e+02
2820.99868258738843	3.007284e+02
2821.99975684999572	3.007262e+02
2823.00050025327755	3.007240e+02
2823.99781988198538	3.007221e+02
2824.99797953310508	3.007204e+02
2825.99787079712632	3.007187e+02
2826.99752400357602	3.007173e+02
2828.00009517123453	3.007164e+02
2828.99937309692905	3.007175e+02
2829.99848164044533	3.007203e+02
2831.00051385396773	3.007243e+02
2831.99934374564509	3.007294e+02
2832.99815101384183	3.007358e+02
2833.99993218959071	3.007451e+02
2834.99847098656801	3.007587e+02
2836.00002786650839	3.007759e+02
2836.99842692314951	3.007940e+02
2837.99997599358403	3.008111e+02
2838.99857233503189	3.008265e+02
2840.0004832745949	3.008397e+02
2840.99948532379813	3.008513e+02
2841.99869504890466	3.008633e+02
2842.99806443157513	3.008759e+02
2843.99754858404549	3.008888e+02
2845.00028381328593	3.009004e+02
2846.00007246186897	3.009090e+02
2847.00006165629793	3.009157e+02
2848.00031450211964	3.009190e+02
2848.99775783342284	3.009191e+02
2849.99863363367194	3.009162e+02
2850.99982555372026	3.009102e+02
2851.99817937527996	3.009020e+02
2852.99987255858059	3.008925e+02
2853.99860941159932	3.008829e+02
2855.00059105707669	3.008734e+02
2855.9995370689353	3.008637e+02
2856.99855813274007	3.008548e+02
2857.99766692333287	3.008457e+02
2858.9999956206334	3.008356e+02
2859.99930785326524	3.008249e+02
2860.99873526533247	3.008127e+02
2861.99826933368786	3.008003e+02
2862.99786879663861	3.007888e+02
2864.00062357392972	3.007783e+02
2865.00026576370419	3.007690e+02
2865.9998439128517	3.007612e+02
2866.99926004866938	3.007534e+02
2867.99855292796565	3.007462e+02
2868.99766193429832	3.007398e+02
2869.99965851680554	3.007344e+02
2870.99825992603019	3.007306e+02
2871.99965536026457	3.007286e+02
2872.99755919371	3.007280e+02
2873.99818645784126	3.007289e+02
2874.99840513695381	3.007308e+02
2875.99819912794965	3.007332e+02
2876.99757544710064	3.007356e+02
2877.99967094089698	3.007378e+02
2878.99828746838648	3.007397e+02
2879.99967835713323	3.007415e+02
2880.99765908685413	3.007430e+02
2881.99848382585424	3.007442e+02
2882.99907607965861	3.007454e+02
2883.99945711702321	3.007467e+02
2884.99956041807172	3.007486e+02
2885.99953928932428	3.007518e+02
2886.99940162959319	3.007573e+02
2887.99910088683737	3.007646e+02
2888.99866296788377	3.007733e+02
2889.99812889266923	3.007827e+02
2890.99754712771346	3.007925e+02
2892.00007764612064	3.008026e+02
2892.99957142305402	3.008129e+02
2893.99917356502283	3.008234e+02
2894.99891113235526	3.008341e+02
2895.99881272031462	3.008448e+02
2896.99890228911363	3.008551e+02
2897.99919440826079	3.008646e+02
2898.99969898907921	3.008731e+02
2900.00042538156822	3.008804e+02
2900.99827257065681	3.008866e+02
2901.99944926494891	3.008916e+02
2902.99772888530606	3.008956e+02
2903.99933826368306	3.008988e+02
2904.99804350447357	3.009010e+02
2906.00005878848015	3.009024e+02
2906.99916950012766	3.009029e+02
2907.99849670960748	3.009020e+02
2908.99806431657908	3.008993e+02
2909.99791295359046	3.008947e+02
2910.99807359191254	3.008880e+02
2911.99857211342396	3.008793e+02
2912.99942276642787	3.008685e+02
2914.00062368954741	3.008557e+02
2914.99903405660643	3.008417e+02
2915.99774740466	3.008268e+02
2916.99984136788544	3.008111e+02
2917.99902520207797	3.007954e+02
2918.99836946620962	3.007795e+02
2919.99782958261767	3.007640e+02
2921.00049845586864	3.007491e+02
2921.99997040520066	3.007353e+02
2922.99937649817048	3.007228e+02
2923.99866305935166	3.007118e+02
2924.99777637816533	3.007028e+02
2925.99978712385882	3.006954e+02
2926.99841892929589	3.006884e+02
2927.99989034549253	3.006823e+02
2928.99793172498221	3.006774e+02
2929.99874946110549	3.006737e+02
2930.99920424626862	3.006712e+02
2931.99927517524247	3.006697e+02
2932.99893598591143	3.006691e+02
2933.99816092099627	3.006693e+02
2935.00004464529275	3.006706e+02
2935.99834124196968	3.006725e+02
2936.99924771074438	3.006746e+02
2937.99964680275434	3.006769e+02
2938.99955002328579	3.006792e+02
2939.99898475730561	3.006813e+02
2940.99799142477559	3.006831e+02
2941.99969899304142	3.006849e+02
2942.99789763447097	3.006870e+02
2943.99900723070186	3.006894e+02
2944.99986880195729	3.006923e+02
2946.00050428817485	3.006964e+02
2946.99785858360246	3.007018e+02
2947.99816832813258	3.007082e+02
2948.99840250985471	3.007166e+02
2949.99862809933074	3.007267e+02
