# Region type : patch node2U_6_Outlet_0
#   Faces  : 184
#   Area   : 1.734797e-02
#        Time	areaAverage(T)
     0.999427	3.001500e+02
      2.00049	3.001500e+02
      3.00031	3.001500e+02
      3.99974	3.001500e+02
     4.999837	3.001500e+02
      6.00101	3.001500e+02
     7.000448	3.001500e+02
     8.000372	3.001500e+02
     9.000012	3.001500e+02
   10.0011397	3.001500e+02
   11.0005124	3.001584e+02
   12.0006243	3.001667e+02
    13.001107	3.001744e+02
   13.9997402	3.001809e+02
  14.99964955	3.001870e+02
  15.99955708	3.001935e+02
  17.00134405	3.002003e+02
  18.00000337	3.002075e+02
  19.00006167	3.002149e+02
 20.001505108	3.002224e+02
 20.999254464	3.002301e+02
  22.00150266	3.002379e+02
 23.001714829	3.002457e+02
 23.999634984	3.002535e+02
25.00095516804	3.002613e+02
25.9996836352	3.002691e+02
26.99932842931	3.002769e+02
28.00029166142	3.002847e+02
28.99937441246	3.002925e+02
30.002134441893	3.003004e+02
31.002014765417	3.003082e+02
32.001552166551	3.003160e+02
33.000560257147	3.003238e+02
33.999249928093	3.003316e+02
35.00108530523362	3.003394e+02
36.00057592118466	3.003471e+02
37.00120630448001	3.003547e+02
38.00022932106895	3.003623e+02
39.00052258115672	3.003697e+02
40.0012943804983152	3.003771e+02
41.0019879837090926	3.003845e+02
41.9992708912271695	3.003918e+02
43.0021545135227328	3.003993e+02
44.0019391598090266	3.004067e+02
44.9992995861729526	3.004142e+02
46.0009844670853099	3.004219e+02
47.0014489491798813	3.004296e+02
48.0008801364990703	3.004374e+02
48.9995304912996801	3.004453e+02
50.0001794237682375	3.004532e+02
50.9993551299025256	3.004613e+02
51.9998205148969248	3.004693e+02
53.0015311001695864	3.004775e+02
54.0013696283965601	3.004856e+02
54.9993238877661597	3.004938e+02
56.0015339065886479	3.005021e+02
57.0018205760141825	3.005104e+02
58.000096433294182	3.005188e+02
58.9991359299691496	3.005272e+02
60.0016627635771727	3.005357e+02
61.0010778941215932	3.005442e+02
62.0000130700834902	3.005528e+02
63.0010986270090001	3.005614e+02
64.0009690790207202	3.005701e+02
64.9994918949116851	3.005789e+02
65.9998560646141783	3.005877e+02
66.9992477683962306	3.005965e+02
68.0009249354785794	3.006054e+02
69.0019475640447695	3.006144e+02
69.9993513960609874	3.006233e+02
70.9993591323269015	3.006324e+02
72.0020465187059102	3.006415e+02
73.0013581031466714	3.006506e+02
74.000423255190384	3.006597e+02
74.9993458644687365	3.006689e+02
76.0013508435945511	3.006782e+02
77.0005510755528491	3.006874e+02
78.0000113736252843	3.006967e+02
78.9992549610128236	3.007060e+02
80.0009720943383229	3.007154e+02
81.0020589541296232	3.007247e+02
81.9992454193614009	3.007340e+02
83.0014611672898184	3.007434e+02
83.9993628440124525	3.007527e+02
85.0020431376517678	3.007622e+02
86.000333987758637	3.007715e+02
87.0003695380874404	3.007810e+02
88.0020658759812022	3.007904e+02
88.9993795452335519	3.007999e+02
90.0015696379174557	3.008094e+02
90.9997903684166971	3.008189e+02
92.0003898830139377	3.008285e+02
93.0006194266289867	3.008380e+02
94.0007057145538596	3.008476e+02
95.0007997335581251	3.008573e+02
96.0009686444809773	3.008669e+02
97.0012373806239623	3.008765e+02
98.0016053172324462	3.008862e+02
99.0020344570527584	3.008958e+02
99.9994552294174497	3.009055e+02
100.999851234731452	3.009151e+02
102.000136850138333	3.009248e+02
103.000241500016131	3.009344e+02
104.000073061910427	3.009440e+02
104.999552930719901	3.009537e+02
106.001633206025147	3.009633e+02
107.000192996165325	3.009729e+02
108.001260471577879	3.009825e+02
109.001819915586253	3.009921e+02
110.001932009313407	3.010016e+02
111.001635624775176	3.010112e+02
112.000980310532839	3.010207e+02
113.000018915714335	3.010302e+02
114.001807672044521	3.010397e+02
115.000361508444968	3.010491e+02
116.001781982353393	3.010586e+02
117.000048097326257	3.010679e+02
118.00122264940498	3.010772e+02
118.999382617868164	3.010865e+02
120.000616562993542	3.010957e+02
121.002007225989203	3.011049e+02
122.000661640430124	3.011139e+02
122.999734831133267	3.011229e+02
123.99952262735836	3.011319e+02
125.000333848736219	3.011407e+02
125.999642959708595	3.011495e+02
127.000956414914896	3.011583e+02
128.001293686371213	3.011671e+02
129.000700621259568	3.011759e+02
130.002135701572797	3.011847e+02
130.999533849213833	3.011935e+02
131.999244240588723	3.012025e+02
133.001101245812436	3.012115e+02
134.0020971077968	3.012206e+02
135.002075643628388	3.012297e+02
136.000848975566782	3.012389e+02
137.001309026256649	3.012482e+02
138.000254544982795	3.012574e+02
139.000649575250975	3.012666e+02
139.999224934568531	3.012758e+02
141.002036637829093	3.012850e+02
141.999654446908238	3.012941e+02
143.001271960468813	3.013032e+02
144.000548532269903	3.013123e+02
145.00044839448563	3.013213e+02
146.000849050599697	3.013304e+02
147.001677167223932	3.013395e+02
147.99975047252525	3.013486e+02
149.001369451029944	3.013578e+02
150.000282434108982	3.013670e+02
150.999551328031998	3.013762e+02
151.999184896249147	3.013855e+02
152.999208185270845	3.013948e+02
153.999585696359787	3.014041e+02
155.00029833082661	3.014135e+02
156.001343237128225	3.014229e+02
156.999457705577299	3.014321e+02
158.000686168546764	3.014414e+02
159.001776087131674	3.014506e+02
159.999561059721657	3.014598e+02
161.000550527382018	3.014690e+02
162.001972559951867	3.014782e+02
163.000888609676053	3.014874e+02
164.000316687785954	3.014966e+02
165.000096140130211	3.015058e+02
166.000088612179667	3.015148e+02
167.000061340522421	3.015238e+02
167.999782828424799	3.015326e+02
168.999172341489157	3.015414e+02
170.001230534148533	3.015502e+02
170.999544804163264	3.015589e+02
172.00045496321485	3.015676e+02
173.000757901779707	3.015763e+02
174.000444045117518	3.015850e+02
174.999760596408947	3.015938e+02
176.002157779350711	3.016027e+02
177.001661582702695	3.016118e+02
178.001628294344187	3.016211e+02
178.999162606507298	3.016304e+02
180.000503473761029	3.016397e+02
180.999207866690625	3.016490e+02
182.001208593017452	3.016581e+02
183.000047488950003	3.016670e+02
184.001808139786192	3.016757e+02
184.999937399233318	3.016842e+02
186.000595667805044	3.016925e+02
187.000530755139152	3.017007e+02
187.999425330199387	3.017086e+02
189.000062339945401	3.017165e+02
189.999357851741564	3.017242e+02
191.001057008974414	3.017316e+02
191.999795576908383	3.017387e+02
193.002046035564831	3.017456e+02
194.001168212745995	3.017522e+02
195.000232847940111	3.017589e+02
195.99953641592225	3.017654e+02
196.999439237675062	3.017718e+02
197.999269378639354	3.017782e+02
199.000650340503455	3.017844e+02
200.000842022656059	3.017906e+02
201.00119110761409	3.017968e+02
202.001134602567248	3.018027e+02
202.999417775043128	3.018085e+02
204.000827370954454	3.018142e+02
205.000559713225243	3.018197e+02
206.000502514791634	3.018252e+02
207.00011763453864	3.018306e+02
207.999195525308778	3.018360e+02
209.000671541921633	3.018412e+02
210.001817201873507	3.018462e+02
211.0002458890323	3.018509e+02
211.999364130299796	3.018551e+02
213.001839980993253	3.018589e+02
214.000870215088923	3.018623e+02
215.002023773923156	3.018654e+02
216.001504856122665	3.018682e+02
217.002189670235424	3.018708e+02
218.001143521538211	3.018733e+02
219.001212277794565	3.018758e+02
219.999323567592427	3.018784e+02
221.002031393932299	3.018810e+02
222.000217558785977	3.018838e+02
222.99997324448853	3.018869e+02
224.001867206834618	3.018903e+02
225.000375206176443	3.018940e+02
226.00200082573221	3.018980e+02
227.000972114187221	3.019023e+02
228.000539892764351	3.019067e+02
229.000893584517286	3.019112e+02
229.999159920018428	3.019157e+02
231.001639840260879	3.019204e+02
231.999283063040082	3.019249e+02
233.00130211069677	3.019295e+02
234.001698960598503	3.019340e+02
235.000597990278322	3.019385e+02
236.001193587127887	3.019430e+02
237.000556169397072	3.019475e+02
238.001863471893813	3.019519e+02
239.002111919382003	3.019564e+02
240.001418570662111	3.019608e+02
240.999928434963607	3.019652e+02
242.000753346005581	3.019696e+02
243.000790839895984	3.019740e+02
244.000120610590187	3.019784e+02
245.0016559814066	3.019828e+02
246.000482859716641	3.019872e+02
246.99990715638009	3.019916e+02
247.999403010268622	3.019959e+02
249.001563930534189	3.020002e+02
249.99991638000995	3.020044e+02
251.00124377511591	3.020085e+02
252.000612908785769	3.020123e+02
253.001586776589619	3.020160e+02
254.001036030762123	3.020194e+02
254.999975551401036	3.020226e+02
256.000901604547437	3.020257e+02
257.000429744924418	3.020287e+02
258.001671223638084	3.020317e+02
259.001589548794925	3.020348e+02
260.000266655218695	3.020379e+02
261.000969535167712	3.020411e+02
262.000494430921947	3.020444e+02
263.002051357954429	3.020479e+02
263.999663054152222	3.020515e+02
264.999816340629877	3.020551e+02
265.999646482167861	3.020587e+02
266.999122460407477	3.020622e+02
268.001488989346399	3.020657e+02
269.000493605175279	3.020691e+02
270.001990224823089	3.020724e+02
270.999337872084311	3.020756e+02
272.001339823267472	3.020787e+02
273.001474013986467	3.020819e+02
273.999720630411105	3.020850e+02
274.999301622459257	3.020883e+02
276.00038858779908	3.020917e+02
277.000037429810845	3.020953e+02
277.99913815271151	3.020992e+02
279.001896234752223	3.021035e+02
279.999861762659407	3.021079e+02
280.999488359605721	3.021126e+02
282.000390167863145	3.021173e+02
283.001987050804189	3.021219e+02
284.000403045574728	3.021264e+02
285.001459538132849	3.021306e+02
286.001911629869539	3.021347e+02
287.001710184502201	3.021386e+02
288.000877315806576	3.021423e+02
288.999535921458005	3.021459e+02
290.000849147452925	3.021494e+02
291.001784583192489	3.021529e+02
291.999470265078116	3.021563e+02
293.000350726228248	3.021597e+02
294.001453998386921	3.021632e+02
294.99966250983897	3.021667e+02
296.001136649546311	3.021702e+02
296.999687551871489	3.021738e+02
298.001247068601629	3.021772e+02
298.999548585051969	3.021805e+02
300.000750059626967	3.021838e+02
301.001680673730334	3.021868e+02
301.999163971664927	3.021898e+02
302.999367282612582	3.021927e+02
303.999165754537898	3.021955e+02
305.001521887055901	3.021982e+02
306.000375119051853	3.022008e+02
307.001951876416115	3.022035e+02
308.000142042528466	3.022061e+02
309.001212895246681	3.022087e+02
309.999178614301854	3.022113e+02
311.000144539620237	3.022140e+02
312.001033491892031	3.022168e+02
313.001930242594824	3.022196e+02
313.999795573081769	3.022224e+02
315.000737111554429	3.022252e+02
316.001795102997278	3.022280e+02
317.00001860641413	3.022309e+02
318.001569055336915	3.022337e+02
319.000370431756608	3.022366e+02
319.999538897728996	3.022395e+02
321.002128177021007	3.022424e+02
322.001976849831294	3.022454e+02
323.002194787671499	3.022483e+02
323.999791101614449	3.022514e+02
325.000926405668565	3.022544e+02
325.999464392117318	3.022575e+02
327.001583740419449	3.022607e+02
328.001120124628414	3.022640e+02
329.001056924662748	3.022672e+02
330.001316807607054	3.022705e+02
331.001922953082271	3.022738e+02
331.999820607277798	3.022770e+02
333.001108668105701	3.022803e+02
333.999592450065279	3.022835e+02
335.001430012474145	3.022866e+02
336.000445902539866	3.022897e+02
336.999658818477883	3.022926e+02
338.002156064041969	3.022955e+02
339.001851563835544	3.022983e+02
340.001899743984723	3.023010e+02
340.999156465230499	3.023037e+02
341.999853923984119	3.023063e+02
343.000704997008711	3.023088e+02
344.001376858938784	3.023114e+02
345.00203887706607	3.023139e+02
345.999955215504826	3.023164e+02
347.000522663162087	3.023190e+02
348.000200029152836	3.023216e+02
349.000522755694988	3.023242e+02
350.001253613143035	3.023268e+02
351.000624273237918	3.023294e+02
351.999435802063715	3.023320e+02
353.002196744729815	3.023345e+02
354.001070048515999	3.023370e+02
355.001641036799754	3.023395e+02
355.999599629701663	3.023419e+02
357.000540487227624	3.023442e+02
358.000075444862205	3.023466e+02
358.999302800154226	3.023488e+02
360.001709987803054	3.023511e+02
361.000074298292702	3.023533e+02
362.000859290272558	3.023556e+02
363.001622746756937	3.023579e+02
364.001832563596452	3.023602e+02
365.001535463384243	3.023626e+02
366.00131467837474	3.023651e+02
367.00110538924082	3.023676e+02
368.000736030787152	3.023702e+02
369.000275218586978	3.023729e+02
369.999824276884169	3.023756e+02
370.999426774194205	3.023783e+02
372.002080612393968	3.023811e+02
373.001588932385062	3.023839e+02
374.001081446833666	3.023866e+02
375.000626116571937	3.023894e+02
376.000218547876443	3.023922e+02
376.999910591726973	3.023950e+02
377.999797780145002	3.023978e+02
378.999906813743962	3.024006e+02
380.000244808336674	3.024033e+02
381.000865619572778	3.024061e+02
382.001806304484546	3.024089e+02
382.999946272056377	3.024117e+02
384.001355606036498	3.024144e+02
384.99985631053687	3.024171e+02
386.0015402976166	3.024197e+02
387.000162701931743	3.024223e+02
388.001801501548812	3.024248e+02
389.000300444038373	3.024273e+02
390.001742707954349	3.024297e+02
390.99990443699852	3.024320e+02
392.000936197689441	3.024344e+02
393.00177492471073	3.024367e+02
393.999328852185783	3.024390e+02
394.999780108992752	3.024414e+02
396.000134804692266	3.024438e+02
397.00042004616688	3.024462e+02
398.000667031307955	3.024486e+02
399.000931769728538	3.024511e+02
400.001227470614424	3.024536e+02
401.001544797640236	3.024561e+02
402.001902596511854	3.024586e+02
402.999246021227464	3.024611e+02
403.999704245461601	3.024635e+02
405.000213976000339	3.024660e+02
406.000785726507388	3.024684e+02
407.001408508531085	3.024709e+02
408.002071314539194	3.024733e+02
408.999708595374841	3.024757e+02
410.000459919667492	3.024781e+02
411.001252828558734	3.024805e+02
412.002098628850092	3.024830e+02
412.999937502784405	3.024854e+02
414.000908309496879	3.024879e+02
415.001942485681127	3.024904e+02
415.999966713914432	3.024929e+02
417.001110452812043	3.024954e+02
417.999223947442431	3.024980e+02
419.000449839982025	3.025005e+02
420.001714127287812	3.025030e+02
420.999943618431587	3.025055e+02
422.001290078822194	3.025080e+02
422.999615985253001	3.025105e+02
424.001060314288623	3.025130e+02
424.999478222599919	3.025154e+02
426.001017745420938	3.025178e+02
426.999530720086625	3.025201e+02
428.001152874177365	3.025225e+02
428.999734515582077	3.025248e+02
430.001408625449528	3.025271e+02
431.000010340225799	3.025294e+02
432.001667839199797	3.025317e+02
433.000221815074497	3.025339e+02
434.001804251808949	3.025362e+02
435.000261415516377	3.025384e+02
436.001731095603191	3.025407e+02
437.000062707295285	3.025430e+02
438.001391866866186	3.025452e+02
438.999570770102707	3.025475e+02
440.000737846380048	3.025498e+02
441.00182111589163	3.025520e+02
441.999771361342766	3.025543e+02
443.000763413799177	3.025565e+02
444.001696459830953	3.025588e+02
444.999500435886944	3.025610e+02
446.00032752414711	3.025633e+02
447.001117645498596	3.025655e+02
448.001883226712721	3.025678e+02
448.999571098762033	3.025700e+02
450.00033578121878	3.025722e+02
451.00111711588346	3.025744e+02
452.001919501336943	3.025766e+02
452.999672442533097	3.025787e+02
454.000509144188925	3.025809e+02
455.001349657630726	3.025830e+02
456.002184940512961	3.025852e+02
456.999938224470498	3.025873e+02
458.000744652436538	3.025895e+02
459.001531729330225	3.025916e+02
459.999229727689283	3.025938e+02
460.999980922561065	3.025959e+02
462.000721221335311	3.025981e+02
463.001457879234579	3.026002e+02
464.002198438059679	3.026024e+02
464.999883907378376	3.026046e+02
466.000675712563577	3.026067e+02
467.001515884230287	3.026089e+02
467.999330505639648	3.026111e+02
469.000266807748972	3.026132e+02
470.001261089356149	3.026154e+02
470.999245163364833	3.026175e+02
472.000360361590424	3.026196e+02
473.001534471459308	3.026217e+02
473.99969086704948	3.026237e+02
475.000964073942441	3.026257e+02
475.999201404603866	3.026277e+02
477.000533716233122	3.026297e+02
478.001873839315238	3.026316e+02
479.000134933457161	3.026335e+02
480.001446950719014	3.026354e+02
480.999654544415421	3.026373e+02
482.00089220139256	3.026392e+02
483.002083364948987	3.026411e+02
484.000154946090731	3.026430e+02
485.001249816296991	3.026449e+02
485.999230737996697	3.026468e+02
487.00024615858581	3.026488e+02
488.001234027089424	3.026507e+02
488.999135972829379	3.026526e+02
490.000107037485407	3.026546e+02
491.001090819159572	3.026565e+02
492.002101665974578	3.026585e+02
493.00008301340813	3.026604e+02
494.001188349803726	3.026624e+02
494.999284798957547	3.026643e+02
496.000521798226259	3.026662e+02
497.001832923759764	3.026682e+02
498.000146640750472	3.026701e+02
499.001605196865512	3.026720e+02
500.000061963698101	3.026739e+02
501.001655800322453	3.026757e+02
502.000234992100616	3.026776e+02
503.001937609868378	3.026795e+02
504.000610741995047	3.026813e+02
504.999319615887543	3.026832e+02
506.001131858100678	3.026850e+02
506.999897443339478	3.026869e+02
508.001760645684897	3.026887e+02
509.00057494393468	3.026906e+02
509.999413898640967	3.026924e+02
511.001351703648083	3.026943e+02
512.000243591651156	3.026962e+02
512.999166595937822	3.026980e+02
514.001198888276008	3.026999e+02
515.000197471901288	3.027017e+02
515.999240191230342	3.027036e+02
517.001404900109492	3.027054e+02
518.000546014341694	3.027072e+02
518.9997392945819	3.027091e+02
520.002060063838258	3.027109e+02
521.001358525883006	3.027127e+02
522.000709177407316	3.027145e+02
523.000105090532884	3.027163e+02
523.999529934207544	3.027180e+02
525.002084781041731	3.027198e+02
526.001622665853461	3.027215e+02
527.001171985616338	3.027233e+02
528.000721685101212	3.027250e+02
529.000262130536157	3.027267e+02
529.999796097172407	3.027284e+02
530.999318975361916	3.027301e+02
532.001899480313568	3.027319e+02
533.001399512774583	3.027336e+02
534.000900020699419	3.027353e+02
535.000404316961408	3.027370e+02
535.999921060856764	3.027388e+02
536.999458418444192	3.027405e+02
538.002103412542056	3.027423e+02
539.001714787084325	3.027440e+02
540.001366371732502	3.027457e+02
541.001061457090373	3.027475e+02
542.000809750296298	3.027492e+02
543.000609536481306	3.027510e+02
544.000457062784562	3.027527e+02
545.000356160035494	3.027544e+02
546.000305324828219	3.027561e+02
547.000296519477502	3.027578e+02
548.00032856348605	3.027595e+02
549.00039992437064	3.027612e+02
550.00050195823269	3.027629e+02
551.000628867013802	3.027646e+02
552.000778619984771	3.027662e+02
553.000945071355659	3.027679e+02
554.001124319738892	3.027695e+02
555.001316586008329	3.027712e+02
556.001519320644888	3.027728e+02
557.001731672484084	3.027745e+02
558.001954675918114	3.027761e+02
559.002190567552361	3.027777e+02
559.999362884992479	3.027794e+02
560.999630826612474	3.027810e+02
561.999920830554856	3.027826e+02
563.000235633839111	3.027842e+02
564.000576550278424	3.027858e+02
565.000944078801922	3.027875e+02
566.001337432372793	3.027891e+02
567.001755222184784	3.027907e+02
568.002196495543558	3.027923e+02
568.999580920182666	3.027938e+02
570.000062861669335	3.027954e+02
571.000563368208532	3.027970e+02
572.001080476734842	3.027986e+02
573.001612390215314	3.028001e+02
574.002157901395321	3.028017e+02
574.999637739490481	3.028032e+02
576.000208103055229	3.028047e+02
577.000790376419445	3.028063e+02
578.00138554894454	3.028078e+02
579.001995962862566	3.028093e+02
579.999544495687815	3.028108e+02
581.000190636220964	3.028124e+02
582.000857445269162	3.028139e+02
583.001547127940512	3.028154e+02
583.999183521675604	3.028169e+02
584.999926948589632	3.028184e+02
586.000700489218843	3.028199e+02
587.001506598911533	3.028214e+02
587.99926799382547	3.028229e+02
589.000145409217112	3.028244e+02
590.001061787678282	3.028258e+02
591.002019298079972	3.028273e+02
591.999939170705602	3.028288e+02
593.000983032244562	3.028303e+02
594.002072942547557	3.028317e+02
595.000129737546672	3.028332e+02
596.001316151765764	3.028346e+02
596.999472665188705	3.028361e+02
598.000761925122447	3.028375e+02
599.002104637616185	3.028389e+02
600.000419838153448	3.028404e+02
601.001870748756801	3.028418e+02
602.000295198039908	3.028432e+02
603.001856482751009	3.028446e+02
604.000391285519527	3.028460e+02
605.002064012870051	3.028474e+02
606.000709777146653	3.028488e+02
606.999409940374107	3.028502e+02
608.001245875481345	3.028515e+02
609.000049676068443	3.028529e+02
610.001977780122729	3.028543e+02
611.000845954300644	3.028556e+02
611.99973879132358	3.028570e+02
613.0017381606973	3.028583e+02
614.000676823116464	3.028597e+02
614.999639012873558	3.028610e+02
616.001711923290941	3.028624e+02
617.000734056203328	3.028637e+02
617.999790448542399	3.028651e+02
619.001965576661064	3.028664e+02
620.001094966328083	3.028677e+02
621.000264110250328	3.028691e+02
621.999473763055789	3.028704e+02
623.001807770423625	3.028717e+02
624.001097977880477	3.028730e+02
625.000428471307941	3.028744e+02
625.99979888765597	3.028757e+02
626.999206816023047	3.028770e+02
628.001734472853627	3.028783e+02
629.001210015546008	3.028796e+02
630.000717516821396	3.028809e+02
631.000256078500001	3.028822e+02
631.999825123270284	3.028835e+02
632.999426658020411	3.028848e+02
634.00214914754838	3.028861e+02
635.00182383606159	3.028875e+02
636.00153826904284	3.028888e+02
637.001295668469538	3.028901e+02
638.001098441052591	3.028914e+02
639.000949078242797	3.028927e+02
640.000852172062196	3.028940e+02
641.000811977679632	3.028953e+02
642.000826046606221	3.028966e+02
643.00088421093858	3.028979e+02
644.000987198982557	3.028991e+02
645.001135073950991	3.029004e+02
646.001327198662466	3.029017e+02
647.001564001378711	3.029030e+02
648.001846248315132	3.029043e+02
649.002175559720968	3.029055e+02
649.999466234982947	3.029068e+02
650.999894350096497	3.029081e+02
652.000373217148535	3.029093e+02
653.000902076524198	3.029106e+02
654.00147562295092	3.029118e+02
655.002088305455345	3.029131e+02
655.999648575967171	3.029143e+02
657.000332758057425	3.029156e+02
658.0010501714155	3.029168e+02
659.001800652544148	3.029180e+02
659.99949457924231	3.029193e+02
661.00031023942654	3.029205e+02
662.001159454296953	3.029217e+02
663.002044136727022	3.029229e+02
663.999875970023027	3.029241e+02
665.000834738074445	3.029253e+02
666.001832272214756	3.029265e+02
666.999780480688059	3.029277e+02
668.00086067640018	3.029289e+02
669.0019849067927	3.029300e+02
670.000066609870373	3.029312e+02
671.001289291633157	3.029324e+02
671.999475757621894	3.029335e+02
673.000807624938147	3.029346e+02
674.00218933117651	3.029358e+02
675.000530347012273	3.029369e+02
676.00201286504398	3.029380e+02
677.000455554626456	3.029391e+02
678.00203940307631	3.029402e+02
679.000578665894523	3.029412e+02
679.999162369956139	3.029423e+02
681.000880745148152	3.029433e+02
681.99954849522635	3.029443e+02
683.001348837939759	3.029453e+02
684.000098695633596	3.029463e+02
685.001982198614996	3.029473e+02
686.000816954055722	3.029483e+02
686.999697858463037	3.029492e+02
688.00171817598391	3.029502e+02
689.000696449352063	3.029511e+02
689.999727806012288	3.029520e+02
691.001907207350882	3.029529e+02
692.001049376099786	3.029538e+02
693.000249775258794	3.029547e+02
693.999509619646233	3.029556e+02
695.001924732240695	3.029564e+02
696.001309593331143	3.029573e+02
697.000760008039492	3.029581e+02
698.000278654198837	3.029589e+02
698.999867765049999	3.029597e+02
699.999528647373381	3.029604e+02
700.999261851223423	3.029612e+02
702.002166662328364	3.029619e+02
703.002048461605796	3.029626e+02
704.002016020040287	3.029633e+02
705.002067926577752	3.029640e+02
706.00220676286699	3.029647e+02
706.999339558774523	3.029653e+02
707.999660490636643	3.029660e+02
709.000074117678878	3.029666e+02
710.000580381524742	3.029672e+02
711.001179537292728	3.029678e+02
712.001873981621088	3.029683e+02
712.999567203269407	3.029689e+02
714.00045794582627	3.029694e+02
715.001450105897447	3.029699e+02
715.999448579511522	3.029704e+02
717.000655854154957	3.029709e+02
718.0019742138428	3.029714e+02
719.000305392174141	3.029718e+02
720.001852983587924	3.029723e+02
721.000416218402506	3.029727e+02
722.002200570993409	3.029731e+02
723.001008981241284	3.029735e+02
723.999950655311068	3.029738e+02
725.002133639869839	3.029742e+02
726.001353102790858	3.029745e+02
727.00071608947178	3.029749e+02
728.00022038558518	3.029752e+02
728.999871265919523	3.029754e+02
729.999674178006103	3.029757e+02
730.999624470423214	3.029760e+02
731.999723814716162	3.029762e+02
732.999981920546702	3.029764e+02
734.000399350975727	3.029767e+02
735.000982023089364	3.029768e+02
736.001751885511112	3.029770e+02
736.999619236443891	3.029772e+02
738.000802725583412	3.029773e+02
739.002187912777913	3.029775e+02
740.000664238488525	3.029776e+02
740.999335135875413	3.029777e+02
742.001306272409806	3.029777e+02
743.00035018367214	3.029778e+02
743.99957864434225	3.029779e+02
745.00209378730176	3.029779e+02
746.001656578055645	3.029779e+02
747.001380774958648	3.029779e+02
748.00126859852594	3.029780e+02
749.001303812227547	3.029780e+02
750.001478226125414	3.029780e+02
751.001804049645898	3.029780e+02
751.999170492685494	3.029779e+02
752.999809978551639	3.029779e+02
754.000617256708324	3.029779e+02
755.00160456231481	3.029779e+02
755.9996414509244	3.029779e+02
757.000951254417714	3.029778e+02
757.999294888358463	3.029778e+02
759.000917716026038	3.029777e+02
759.999566380384408	3.029777e+02
761.001471295675515	3.029776e+02
762.000398866962996	3.029776e+02
762.999480786557797	3.029775e+02
764.001828470308624	3.029775e+02
765.001191457607433	3.029774e+02
766.000702680357449	3.029774e+02
767.000354804227186	3.029773e+02
768.000129205270241	3.029772e+02
769.000031120643371	3.029772e+02
770.000070989382039	3.029771e+02
771.000232985301295	3.029771e+02
772.000507517313849	3.029770e+02
773.00091097560221	3.029768e+02
774.001447959901384	3.029767e+02
774.998969051475342	3.029767e+02
775.999733179126224	3.029766e+02
777.000628535097917	3.029765e+02
777.998511779941055	3.029765e+02
778.999625465291729	3.029764e+02
780.000852992181535	3.029763e+02
780.999067502251023	3.029763e+02
782.000501651750483	3.029762e+02
782.998890402950906	3.029761e+02
784.000510709332616	3.029761e+02
784.999095951145591	3.029760e+02
786.000885146906739	3.029760e+02
786.999626701129273	3.029759e+02
788.001601758150173	3.029758e+02
789.000530123687213	3.029758e+02
789.999530848230279	3.029757e+02
790.99862715721315	3.029757e+02
792.000951261299747	3.029757e+02
793.000211673519857	3.029756e+02
793.999551064803086	3.029756e+02
794.998993047389376	3.029756e+02
795.998539242270454	3.029756e+02
797.00121385970408	3.029756e+02
798.00083212691186	3.029756e+02
799.000522314330169	3.029756e+02
800.000250605756605	3.029756e+02
801.000017169912667	3.029756e+02
801.999842073571358	3.029756e+02
802.999706484609419	3.029756e+02
803.999582733291618	3.029756e+02
804.999482047756146	3.029756e+02
805.999415658781686	3.029756e+02
806.999351759117303	3.029756e+02
807.999274949151413	3.029756e+02
808.999208724711366	3.029756e+02
809.99914808867095	3.029756e+02
810.999056193766251	3.029756e+02
811.998932488494233	3.029757e+02
812.998803996338438	3.029757e+02
813.998654002002354	3.029757e+02
815.001579920991389	3.029757e+02
816.00133257523828	3.029757e+02
817.001074908216992	3.029757e+02
818.000771926080461	3.029757e+02
819.000393426636151	3.029758e+02
819.999981202322829	3.029758e+02
820.999550655257735	3.029758e+02
821.99903903299446	3.029758e+02
823.001566279714211	3.029758e+02
824.000924564271259	3.029759e+02
825.000221582081508	3.029759e+02
825.999382328954994	3.029759e+02
827.001587692406019	3.029759e+02
828.000627895948355	3.029760e+02
828.999551449502519	3.029760e+02
830.001467451544841	3.029761e+02
831.00021531107916	3.029761e+02
831.998895971035608	3.029762e+02
833.00053533753794	3.029763e+02
833.998955071971295	3.029764e+02
835.00047699596098	3.029764e+02
835.998715522652674	3.029765e+02
836.999930671296283	3.029766e+02
838.001123477570104	3.029768e+02
838.999081881752318	3.029769e+02
839.999970080385197	3.029770e+02
841.000794857779169	3.029771e+02
842.001560905365864	3.029773e+02
842.999001408825166	3.029774e+02
843.999452529910513	3.029775e+02
844.999872326116702	3.029777e+02
846.00012386627759	3.029778e+02
847.000222763155534	3.029780e+02
848.000292433634058	3.029781e+02
849.000242785677756	3.029783e+02
850.00002896157423	3.029785e+02
850.999761643604757	3.029787e+02
851.999393702273892	3.029788e+02
852.998859638489989	3.029790e+02
854.001360649677281	3.029792e+02
855.000657095778593	3.029794e+02
855.999813643532775	3.029796e+02
856.998873063266615	3.029799e+02
858.000986364875075	3.029801e+02
858.999868720381755	3.029803e+02
859.998649532608965	3.029806e+02
861.000471721768236	3.029808e+02
861.999066316743551	3.029811e+02
863.00067494956329	3.029813e+02
863.999087793853846	3.029816e+02
865.000544472149613	3.029818e+02
865.998803714020937	3.029821e+02
867.000122603809928	3.029824e+02
868.001384262134707	3.029827e+02
868.999472388112508	3.029830e+02
870.000643261292907	3.029833e+02
870.998667684868224	3.029836e+02
871.999782446837344	3.029840e+02
873.000874958462532	3.029843e+02
873.998827776105145	3.029846e+02
874.999872922336863	3.029849e+02
876.000892789683121	3.029852e+02
876.998770256755165	3.029855e+02
877.999739486612611	3.029859e+02
879.000683825170086	3.029862e+02
880.001608363271998	3.029865e+02
880.999396520939513	3.029869e+02
882.000287412664647	3.029872e+02
883.001169270520791	3.029875e+02
883.998928084996123	3.029879e+02
884.999805708670237	3.029882e+02
886.000690875077112	3.029886e+02
887.001587333905491	3.029889e+02
887.999378046442303	3.029892e+02
889.000298849841215	3.029896e+02
890.001227169192589	3.029899e+02
890.999038491454712	3.029903e+02
891.999963323031352	3.029906e+02
893.000877356106457	3.029909e+02
893.998656425749232	3.029913e+02
894.999532193965592	3.029916e+02
896.00038300383892	3.029919e+02
897.001206450445807	3.029922e+02
897.998883302916397	3.029926e+02
898.999649348573598	3.029929e+02
900.000386891797802	3.029932e+02
901.001097298132891	3.029935e+02
901.998664901937559	3.029938e+02
902.999325858317889	3.029941e+02
903.999963408500321	3.029944e+02
905.00057879198755	3.029946e+02
906.001172663939997	3.029949e+02
906.998627661731803	3.029952e+02
907.999177637872663	3.029955e+02
908.999704328773987	3.029957e+02
910.000205979892371	3.029960e+02
911.000680661403294	3.029963e+02
912.001126076367655	3.029965e+02
913.0015389069398	3.029968e+02
913.998800052091042	3.029970e+02
914.999140677978858	3.029973e+02
915.999443047825253	3.029975e+02
916.999706709535417	3.029978e+02
917.9999324325413	3.029980e+02
919.000120945214121	3.029983e+02
920.000274033838991	3.029985e+02
921.000394375183646	3.029988e+02
922.000485300970581	3.029990e+02
923.000549587474893	3.029993e+02
924.000590745406612	3.029995e+02
925.000611420237874	3.029998e+02
926.000613609053062	3.030000e+02
927.000599446097908	3.030003e+02
928.000569194498098	3.030005e+02
929.000522922412983	3.030008e+02
930.00045981055996	3.030010e+02
931.000378734565288	3.030013e+02
932.000279030365391	3.030015e+02
933.000160171714697	3.030018e+02
934.000022525270765	3.030020e+02
934.999867901941911	3.030023e+02
935.999698896975019	3.030026e+02
936.999519162073966	3.030028e+02
937.999332095546947	3.030031e+02
938.999141000032296	3.030034e+02
939.998949079595945	3.030036e+02
940.998758037671109	3.030039e+02
941.998568508800759	3.030042e+02
943.001495012791338	3.030044e+02
944.001307348309638	3.030047e+02
945.001117308138419	3.030050e+02
946.000922549333836	3.030052e+02
947.000718497132311	3.030055e+02
948.000501810637275	3.030057e+02
949.000268707143277	3.030060e+02
950.000015691923181	3.030062e+02
950.999740415221709	3.030065e+02
951.999440668327338	3.030067e+02
952.999114517718226	3.030070e+02
953.998760791102313	3.030072e+02
955.001492963863257	3.030074e+02
956.001082963674321	3.030077e+02
957.000645038631092	3.030079e+02
958.000178803099629	3.030081e+02
958.999682979672343	3.030083e+02
959.99915611341271	3.030085e+02
960.998596297893869	3.030087e+02
962.001114210052492	3.030089e+02
963.000481022976601	3.030091e+02
963.999807458572491	3.030093e+02
964.999090907294772	3.030095e+02
966.001442156829967	3.030097e+02
967.00063385017711	3.030099e+02
967.999778394348027	3.030100e+02
968.998876222372701	3.030102e+02
970.001041290887429	3.030104e+02
971.00005162988009	3.030106e+02
971.99902222709477	3.030107e+02
973.001068265900244	3.030109e+02
973.999968298627778	3.030111e+02
974.998835801962286	3.030112e+02
976.000783794113772	3.030114e+02
976.999589948280573	3.030115e+02
978.001478315908685	3.030117e+02
979.000227384655773	3.030118e+02
979.998950053329395	3.030120e+02
981.000759147816893	3.030121e+02
981.999433860136037	3.030123e+02
983.001198919287617	3.030125e+02
983.999833765523476	3.030126e+02
985.001562066623023	3.030127e+02
986.000163562993293	3.030129e+02
986.998750851895807	3.030130e+02
988.000436835688788	3.030132e+02
988.999001766113224	3.030133e+02
990.000669566239139	3.030135e+02
990.999220801870592	3.030136e+02
992.000879034973195	3.030137e+02
992.999424557068551	3.030139e+02
994.001079242855212	3.030140e+02
994.999621495325073	3.030141e+02
996.001272379075544	3.030142e+02
996.999808992381304	3.030144e+02
998.00145173852161	3.030145e+02
998.999978241237272	3.030146e+02
1000.00160959835716	3.030147e+02
1001.0001236260174	3.030148e+02
1001.99863129237235	3.030149e+02
1003.00024257300242	3.030150e+02
1003.99873512430747	3.030151e+02
1005.00032852015397	3.030152e+02
1005.99879928425139	3.030152e+02
1007.00036695508913	3.030153e+02
1007.99880919247039	3.030154e+02
1009.00034613438197	3.030154e+02
1009.99875574490147	3.030155e+02
1011.00025693841337	3.030155e+02
1011.99862805223597	3.030156e+02
1013.00008661249171	3.030156e+02
1014.00152002830805	3.030157e+02
1014.99981539430576	3.030157e+02
1016.00118991158695	3.030157e+02
1016.99942133770173	3.030157e+02
1018.00072743686451	3.030158e+02
1018.99888733657883	3.030158e+02
1020.0001194479787	3.030158e+02
1021.0013144051718	3.030158e+02
1021.99936417932599	3.030158e+02
1023.00048793499343	3.030157e+02
1024.00157635031769	3.030157e+02
1024.99951923650224	3.030157e+02
1026.00053376456799	3.030160e+02
1026.99840141366099	3.030159e+02
1027.99934028847269	3.030159e+02
1029.00024373670999	3.030159e+02
1029.99800516408482	3.030158e+02
1030.99884221824027	3.030158e+02
1031.99964671941939	3.030157e+02
1033.00041802231635	3.030157e+02
1033.99804952709655	3.030156e+02
1034.99875870898768	3.030155e+02
1035.99944064779402	3.030155e+02
1037.00009994695847	3.030154e+02
1038.00074205531064	3.030153e+02
1038.99826386522864	3.030152e+02
1039.99888329008604	3.030151e+02
1040.99949323576243	3.030150e+02
1042.00009334319179	3.030148e+02
1043.00068206451465	3.030147e+02
1043.99814967603993	3.030146e+02
1044.99870863692104	3.030144e+02
1045.99924781729806	3.030143e+02
1046.99976355174067	3.030141e+02
1048.00025367515536	3.030139e+02
1049.00071861765264	3.030138e+02
1049.99805381919327	3.030136e+02
1050.99847620815876	3.030134e+02
1051.99888214853831	3.030132e+02
1052.99927355657019	3.030130e+02
1053.9996523324719	3.030128e+02
1055.00002043905374	3.030126e+02
1056.00037971354323	3.030124e+02
1057.00073245915132	3.030121e+02
1057.99797295655617	3.030119e+02
1058.99831543682899	3.030117e+02
1059.99865196832684	3.030114e+02
1060.99898010463107	3.030112e+02
1061.99929558142412	3.030109e+02
1062.99959473043623	3.030106e+02
1063.99987413955296	3.030104e+02
1065.00013162082382	3.030101e+02
1066.0003666061491	3.030098e+02
1067.00058056368607	3.030095e+02
1068.00077596735809	3.030092e+02
1069.00095477978175	3.030089e+02
1069.99801178201983	3.030086e+02
1070.99815862411697	3.030083e+02
1071.99828564748941	3.030080e+02
1072.99838778802427	3.030077e+02
1073.99845913444005	3.030074e+02
1074.9984943237796	3.030071e+02
1075.99848998123457	3.030067e+02
1076.99844496008745	3.030064e+02
1077.99835962096631	3.030061e+02
1078.99823550914539	3.030058e+02
1079.99804283451908	3.030053e+02
1080.99777406137309	3.030050e+02
1081.99757889515672	3.030047e+02
1082.99736940244225	3.030043e+02
1083.997131230901	3.030039e+02
1084.99997233226168	3.030036e+02
1085.99968519321806	3.030032e+02
1086.99937344953241	3.030029e+02
1087.99903579596662	3.030025e+02
1088.99867164629632	3.030021e+02
1089.99828016497986	3.030017e+02
1090.99786207309512	3.030014e+02
1091.99741979769374	3.030010e+02
1092.99695453449795	3.030006e+02
1093.99957109156776	3.030002e+02
1094.99906341952942	3.029998e+02
1095.99853767852869	3.029994e+02
1096.99799652755314	3.029990e+02
1097.99744266236758	3.029986e+02
1098.99998253767399	3.029982e+02
1099.99941124372504	3.029978e+02
1100.99883557991279	3.029974e+02
1101.99825767902257	3.029969e+02
1102.99768014663232	3.029965e+02
1103.99710595075726	3.029961e+02
1104.99964161450657	3.029956e+02
1105.99908297351203	3.029952e+02
1106.99853713760399	3.029947e+02
1107.99800585816433	3.029942e+02
1108.9974892800883	3.029937e+02
1109.99698550838366	3.029932e+02
1110.9995967161592	3.029927e+02
1111.99911250392847	3.029922e+02
1112.99863366098452	3.029917e+02
1113.99815714160036	3.029911e+02
1114.99768068710409	3.029906e+02
1115.9972029713133	3.029900e+02
1116.99982721927131	3.029894e+02
1117.99934466068339	3.029888e+02
1118.99885918591713	3.029883e+02
1119.99837112821047	3.029876e+02
1120.99788002591595	3.029870e+02
1121.9973852182859	3.029864e+02
1122.99999101212848	3.029858e+02
1123.99948905605766	3.029851e+02
1124.99898330748624	3.029845e+02
1125.99847339668077	3.029838e+02
1126.99795813229139	3.029831e+02
1127.99743513206772	3.029825e+02
1129.00000566831295	3.029818e+02
1129.99945815789215	3.029811e+02
1130.99889325602135	3.029804e+02
1131.99830841874882	3.029796e+02
1133.00080490487903	3.029789e+02
1134.00017295241537	3.029781e+02
1134.99951269206895	3.029774e+02
1135.99882001690776	3.029767e+02
1136.9980899825764	3.029760e+02
1138.00042121801789	3.029752e+02
1138.99960350566766	3.029745e+02
1139.99873758961189	3.029737e+02
1141.00092542982816	3.029730e+02
1141.99996276609818	3.029722e+02
1142.99895494689849	3.029715e+02
1144.00100640711162	3.029707e+02
1144.99991575993818	3.029700e+02
1145.99878880975484	3.029692e+02
1147.0007313388096	3.029684e+02
1147.99954265645124	3.029676e+02
1148.99832711965564	3.029669e+02
1150.000187799591	3.029661e+02
1150.99892189105094	3.029653e+02
1152.00073346352883	3.029645e+02
1152.99942172058309	3.029637e+02
1153.99809208171928	3.029629e+02
1154.99985105495193	3.029621e+02
1155.99850184254683	3.029613e+02
1157.00025319591782	3.029605e+02
1157.99890694103397	3.029596e+02
1159.00066832192624	3.029588e+02
1159.99933451059292	3.029580e+02
1160.99800622983889	3.029571e+02
1161.9997834014282	3.029562e+02
1162.99846151705219	3.029554e+02
1164.00024126092603	3.029545e+02
1164.99891712956332	3.029536e+02
1166.00068994524736	3.029527e+02
1166.99935646339691	3.029518e+02
1167.9980188936504	3.029509e+02
1168.99978069425833	3.029499e+02
1169.9984467029667	3.029490e+02
1171.00022526371276	3.029481e+02
1171.99892255418968	3.029471e+02
1173.00074953688045	3.029461e+02
1173.99949361987819	3.029452e+02
1174.99825013742043	3.029442e+02
1176.00013710691951	3.029432e+02
1176.99895466628141	3.029422e+02
1178.00090672586907	3.029412e+02
1178.99978597725067	3.029402e+02
1179.99868844415846	3.029392e+02
1181.0007103556602	3.029381e+02
1181.99964151327413	3.029371e+02
1182.99858001971097	3.029360e+02
1184.00062515109835	3.029349e+02
1184.99957067028504	3.029339e+02
1185.99851899484156	3.029328e+02
1187.00057351632518	3.029317e+02
1187.99953059631616	3.029305e+02
1188.99849362446412	3.029294e+02
1190.00056565881141	3.029283e+02
1190.99954199423428	3.029271e+02
1191.99852380361835	3.029260e+02
1193.0006089512633	3.029248e+02
1193.99958603475943	3.029236e+02
1194.99855016271181	3.029224e+02
1196.00059544823239	3.029212e+02
1196.99950960317574	3.029200e+02
1197.99838901838962	3.029187e+02
1199.00033048155274	3.029175e+02
1199.99912615566609	3.029162e+02
1201.00097866831493	3.029150e+02
1201.99968382255634	3.029137e+02
1202.99834003880733	3.029124e+02
1204.000048194486	3.029111e+02
1204.99862036699483	3.029098e+02
1206.00026296274086	3.029085e+02
1206.99877532803589	3.029072e+02
1208.00035765685629	3.029059e+02
1208.99880374529289	3.029046e+02
1210.00030765006909	3.029033e+02
1210.99866048260742	3.029019e+02
1212.00005521470644	3.029006e+02
1212.99828645891466	3.028993e+02
1213.99955647530646	3.028979e+02
1215.00077473615215	3.028966e+02
1215.99885572998278	3.028952e+02
1217.00001534245234	3.028939e+02
1217.99807015916804	3.028925e+02
1218.99923182491011	3.028912e+02
1220.00040784604539	3.028898e+02
1220.99850238459476	3.028885e+02
1221.99971680765952	3.028871e+02
1223.0009526615288	3.028858e+02
1223.99911018558737	3.028844e+02
1225.00038901855055	3.028830e+02
1225.99859035402733	3.028816e+02
1226.99991543423243	3.028803e+02
1227.9981656946045	3.028789e+02
1228.9995445570305	3.028775e+02
1230.0009559124162	3.028760e+02
1230.99930306384226	3.028746e+02
1232.00079096131367	3.028732e+02
1232.99922256000877	3.028718e+02
1234.00080150474764	3.028703e+02
1234.99932704594016	3.028689e+02
1236.00100135483262	3.028674e+02
1236.99962158512949	3.028659e+02
1237.99828767946792	3.028644e+02
1239.00009935828234	3.028629e+02
1239.99885077281624	3.028614e+02
1241.00074088707311	3.028599e+02
1241.99955992815626	3.028583e+02
1242.99840375107306	3.028567e+02
1244.00036954211714	3.028552e+02
1244.99924899340976	3.028536e+02
1245.99814252710053	3.028520e+02
1247.00015233778663	3.028504e+02
1247.99907446850011	3.028488e+02
1248.99801245657409	3.028471e+02
1250.00006949212343	3.028455e+02
1250.99903874465963	3.028438e+02
1251.9980171517559	3.028422e+02
1253.00009871743578	3.028405e+02
1253.99906924520496	3.028388e+02
1254.99802171148099	3.028371e+02
1256.00004890617402	3.028354e+02
1256.99893735115597	3.028336e+02
1258.00088512359002	3.028319e+02
1258.99968529377657	3.028301e+02
1259.99843966837557	3.028284e+02
1261.00025147559381	3.028266e+02
1261.99892107124424	3.028248e+02
1263.00065423065553	3.028230e+02
1263.99925049751687	3.028212e+02
1265.0009135610826	3.028194e+02
1265.99944161575922	3.028176e+02
1266.99793565363575	3.028158e+02
1267.99949549814323	3.028139e+02
1268.99791731754135	3.028121e+02
1269.9993999202743	3.028102e+02
1271.00083948422684	3.028083e+02
1271.99913290560312	3.028065e+02
1273.00047962419103	3.028046e+02
1273.99868037886404	3.028027e+02
1274.99993909200953	3.028008e+02
1275.99806137866858	3.027989e+02
1276.99925376117221	3.027970e+02
1278.00042350549757	3.027952e+02
1278.99847846206808	3.027933e+02
1279.9996250331501	3.027914e+02
1281.00076718556329	3.027895e+02
1281.99880365085437	3.027876e+02
1282.99993413125026	3.027857e+02
1283.99796679431188	3.027838e+02
1284.99911057220856	3.027819e+02
1286.00027752006417	3.027800e+02
1286.99837975066725	3.027781e+02
1287.99962550355622	3.027762e+02
1289.0009215487255	3.027742e+02
1289.99917414749689	3.027723e+02
1291.00058816401247	3.027704e+02
1291.99896510465373	3.027684e+02
1293.00051009187996	3.027665e+02
1293.9990221543444	3.027645e+02
1295.0006992244821	3.027626e+02
1295.99933696642756	3.027606e+02
1296.99803311771893	3.027586e+02
1297.99988504428347	3.027566e+02
1298.99868789046354	3.027546e+02
1300.00064337446429	3.027526e+02
1300.99954346376671	3.027506e+02
1301.99848729543987	3.027486e+02
1303.00057421883002	3.027465e+02
1303.99959571877844	3.027444e+02
1304.99865258077125	3.027424e+02
1306.00084756155638	3.027403e+02
1306.99997568614435	3.027382e+02
1307.99914038046791	3.027361e+02
1308.99834180037737	3.027339e+02
1310.00068060740341	3.027318e+02
1310.99994679110318	3.027297e+02
1311.99923955881809	3.027275e+02
1312.99855416577725	3.027253e+02
1314.00098871274236	3.027231e+02
1315.00033118233068	3.027209e+02
1315.99968035228039	3.027187e+02
1316.99903062470958	3.027165e+02
1317.99837596639827	3.027142e+02
1319.00081431395529	3.027120e+02
1320.00013219435982	3.027097e+02
1320.99942818310433	3.027074e+02
1321.99869978614174	3.027051e+02
1322.99794457855933	3.027028e+02
1324.00026133372853	3.027005e+02
1324.99944066448029	3.026982e+02
1325.9985875870309	3.026959e+02
1327.00080828060459	3.026935e+02
1327.99989652433896	3.026912e+02
1328.99895469004514	3.026888e+02
1329.99798759769919	3.026864e+02
1331.00009817108776	3.026840e+02
1331.99907272872133	3.026817e+02
1332.9980161248659	3.026793e+02
1334.00004250575012	3.026768e+02
1334.99894359480732	3.026744e+02
1336.00092217373071	3.026720e+02
1336.99978862095145	3.026696e+02
1337.99864279015287	3.026672e+02
1339.00057781168721	3.026647e+02
1339.99939990603571	3.026623e+02
1340.99821403393571	3.026598e+02
1342.00011797293246	3.026573e+02
1342.99891625323062	3.026549e+02
1344.00081712779388	3.026524e+02
1344.99961532945053	3.026499e+02
1345.99841945113303	3.026474e+02
1347.00033626975369	3.026450e+02
1347.9991612664146	3.026425e+02
1348.99800061232236	3.026400e+02
1349.99995843046486	3.026374e+02
1350.99882884485237	3.026349e+02
1352.00081784367558	3.026324e+02
1352.99972466956524	3.026299e+02
1353.99865292872482	3.026273e+02
1355.00070862963616	3.026248e+02
1355.99969133071227	3.026222e+02
1356.99870541472819	3.026196e+02
1358.00085484322972	3.026171e+02
1358.99993565592968	3.026145e+02
1359.99904835064194	3.026119e+02
1360.99819117085349	3.026093e+02
1362.00046895444302	3.026067e+02
1362.9996744606367	3.026040e+02
1363.99890983446517	3.026014e+02
1364.99817625000514	3.025987e+02
1366.00057675993003	3.025961e+02
1366.99990367562941	3.025934e+02
1367.9992590363438	3.025907e+02
1368.99864066007058	3.025880e+02
1369.99804663080772	3.025853e+02
1371.00057959637684	3.025825e+02
1372.00002990975213	3.025798e+02
1372.9995002470821	3.025770e+02
1373.99899004972622	3.025743e+02
1374.99849884930177	3.025715e+02
1375.99802611657037	3.025687e+02
1377.0006751514743	3.025659e+02
1378.00023421828473	3.025630e+02
1378.99980186620587	3.025602e+02
1379.99937287725652	3.025573e+02
1380.99894108755052	3.025545e+02
1381.99850130410346	3.025516e+02
1382.99804987963262	3.025487e+02
1384.00068734541537	3.025458e+02
1385.0002043187983	3.025429e+02
1385.99970579036994	3.025400e+02
1386.99919015351657	3.025370e+02
1387.9986536510246	3.025341e+02
1388.99809272032599	3.025311e+02
1390.00060974385337	3.025282e+02
1390.99999660132357	3.025252e+02
1391.99935726255489	3.025222e+02
1392.99869173706816	3.025192e+02
1393.9979991575558	3.025162e+02
1395.00037999900633	3.025132e+02
1395.99962390962583	3.025102e+02
1396.99883211560154	3.025072e+02
1397.99800414250876	3.025042e+02
1399.00024344831309	3.025011e+02
1399.99934490739838	3.024981e+02
1400.9984116419314	3.024951e+02
1402.00054648821447	3.024920e+02
1402.99954453430087	3.024890e+02
1403.99850834173913	3.024859e+02
1405.00053967198528	3.024829e+02
1405.99943391035413	3.024798e+02
1406.99829450752236	3.024768e+02
1408.00022814772478	3.024737e+02
1408.99903329382164	3.024706e+02
1410.00091412937172	3.024676e+02
1410.99966626340984	3.024645e+02
1411.9983906948205	3.024614e+02
1413.00019518133809	3.024583e+02
1413.99888386547832	3.024552e+02
1415.00066595208682	3.024521e+02
1415.99934766114984	3.024490e+02
1416.9980370354624	3.024459e+02
1417.99983869231846	3.024428e+02
1418.99855226288651	3.024397e+02
1420.00038617582095	3.024366e+02
1420.99914001706429	3.024334e+02
1421.99792000870934	3.024303e+02
1422.99982909249775	3.024271e+02
1423.99866679425713	3.024240e+02
1425.00064067122162	3.024208e+02
1425.99955111646295	3.024176e+02
1426.99850618558708	3.024144e+02
1428.00061483366107	3.024112e+02
1428.99967494484235	3.024080e+02
1429.99878924253017	3.024047e+02
1430.99795362734608	3.024015e+02
1432.00026670837451	3.023982e+02
1432.99951741945915	3.023949e+02
1433.99880633259363	3.023917e+02
1434.99813322529735	3.023884e+02
1436.00060118761689	3.023851e+02
1437.00000441811471	3.023817e+02
1437.99944825605439	3.023784e+02
1438.99893273974135	3.023750e+02
1439.99845539545322	3.023717e+02
1440.99801166552561	3.023683e+02
1442.00069993741477	3.023649e+02
1443.00030417449284	3.023615e+02
1443.99992098048074	3.023581e+02
1444.99954376078949	3.023547e+02
1445.99916897508547	3.023513e+02
1446.99879542122426	3.023478e+02
1447.99842022787266	3.023444e+02
1448.99803658171481	3.023409e+02
1450.00074251822184	3.023374e+02
1451.00032547006595	3.023340e+02
1451.99989047009171	3.023305e+02
1452.99943915289964	3.023270e+02
1453.99897263919183	3.023235e+02
1454.99849251259775	3.023200e+02
1455.99799841150116	3.023164e+02
1457.00059184705924	3.023129e+02
1458.00006146936698	3.023094e+02
1458.99950821755465	3.023058e+02
1459.99892970872861	3.023023e+02
1460.99832273732682	3.022988e+02
1462.00078713971266	3.022952e+02
1463.00011302539178	3.022916e+02
1463.99940313452635	3.022881e+02
1464.99865863753894	3.022845e+02
1466.00098595879172	3.022809e+02
1467.00018237721974	3.022774e+02
1467.99935405881047	3.022738e+02
1468.99850226643298	3.022702e+02
1470.00072925667791	3.022666e+02
1470.99982757685984	3.022631e+02
1471.9988974616665	3.022595e+02
1472.99793641740439	3.022559e+02
1474.00004542403713	3.022523e+02
1474.99902393116145	3.022487e+02
1475.99798331380998	3.022451e+02
1477.00003275532003	3.022415e+02
1477.99896764514278	3.022379e+02
1479.00098971328089	3.022343e+02
1479.99989016698669	3.022307e+02
1480.9987717291865	3.022271e+02
1482.00074561971337	3.022235e+02
1482.99962385314484	3.022198e+02
1483.99852982484094	3.022162e+02
1485.00058344117451	3.022126e+02
1485.99959041304328	3.022089e+02
1486.99865669960923	3.022053e+02
1488.00088243404866	3.022016e+02
1489.00005568623578	3.021979e+02
1489.99927060181244	3.021942e+02
1490.99852111164478	3.021905e+02
1492.00090713276791	3.021867e+02
1493.00022362862455	3.021830e+02
1493.99958070080538	3.021793e+02
1494.99898601783889	3.021755e+02
1495.99844407874298	3.021717e+02
1496.99795267212198	3.021679e+02
1498.00061017970302	3.021641e+02
1499.00020024652781	3.021603e+02
1499.99982124123744	3.021565e+02
1500.9994711555787	3.021526e+02
1501.99915476841147	3.021487e+02
1502.99888210405743	3.021448e+02
1503.99866218352054	3.021410e+02
1504.99850046269671	3.021370e+02
1505.99839741814117	3.021331e+02
1506.99834498102905	3.021292e+02
1507.99832982226803	3.021252e+02
1508.99834377057755	3.021212e+02
1509.9983812867863	3.021172e+02
1510.99843940311575	3.021132e+02
1511.99851754542328	3.021092e+02
1512.99862037456728	3.021052e+02
1513.99875680543801	3.021011e+02
1514.99893992752845	3.020971e+02
1515.99916719891712	3.020930e+02
1516.99943167005972	3.020889e+02
1517.99971705804433	3.020848e+02
1519.00000507093364	3.020807e+02
1520.00028064636444	3.020766e+02
1521.00054344655064	3.020725e+02
1522.00080604227378	3.020684e+02
1522.99797203784647	3.020643e+02
1523.9982617297137	3.020602e+02
1524.99857104828561	3.020560e+02
1525.99889287421797	3.020519e+02
1526.99920744121346	3.020478e+02
1527.99949332756796	3.020436e+02
1528.99972890828735	3.020395e+02
1529.99989843304297	3.020353e+02
1530.99999660623575	3.020312e+02
1532.00002834752672	3.020270e+02
1533.0000056497388	3.020229e+02
1533.99994379792724	3.020187e+02
1534.99985489382766	3.020146e+02
1535.99974107227354	3.020104e+02
1536.99959318218407	3.020063e+02
1537.9993945457486	3.020021e+02
1538.99912737611771	3.019980e+02
1539.99878050831308	3.019938e+02
1540.99835962920133	3.019896e+02
1542.0009963747616	3.019855e+02
1543.00051612376092	3.019813e+02
1544.00004650489836	3.019771e+02
1544.99959031082108	3.019730e+02
1545.99913767881571	3.019688e+02
1546.99866683407481	3.019646e+02
1547.99815230633658	3.019604e+02
1549.00068285709017	3.019562e+02
1550.00005989398483	3.019520e+02
1550.99940805667757	3.019478e+02
1551.99875115231362	3.019436e+02
1552.99810340256977	3.019394e+02
1554.00057779378039	3.019352e+02
1554.99996085500288	3.019310e+02
1555.99934013623056	3.019268e+02
1556.99870004641639	3.019225e+02
1557.99802508664197	3.019183e+02
1559.00040351372286	3.019140e+02
1559.99962961638175	3.019097e+02
1560.99883185458475	3.019054e+02
1561.99804665354827	3.019011e+02
1563.00040512244777	3.018968e+02
1563.99971697969067	3.018925e+02
1564.99910425874737	3.018881e+02
1565.99856707239883	3.018838e+02
1566.99807599091628	3.018794e+02
1568.00070774537676	3.018750e+02
1569.00026169563853	3.018705e+02
1569.99985397141518	3.018661e+02
1570.99947455884217	3.018617e+02
1571.99913249478072	3.018572e+02
1572.99887431463685	3.018528e+02
1573.99872674321773	3.018483e+02
1574.99867493132228	3.018438e+02
1575.99869628956208	3.018392e+02
1576.99876896870296	3.018347e+02
1577.99887053899829	3.018301e+02
1578.99898700611743	3.018256e+02
1579.99911920877094	3.018210e+02
1580.99929604950307	3.018164e+02
1581.99954333203823	3.018118e+02
1582.99986456861598	3.018072e+02
1584.00026526690181	3.018025e+02
1585.00074982126171	3.017979e+02
1585.99819811651037	3.017932e+02
1586.99880664137254	3.017886e+02
1587.99945226420368	3.017839e+02
1589.0001050525093	3.017792e+02
1590.0007417046229	3.017745e+02
1590.99824813146188	3.017698e+02
1591.99884023885124	3.017651e+02
1592.99942972519125	3.017604e+02
1594.00002958172672	3.017557e+02
1595.00064829070243	3.017510e+02
1595.99818229142693	3.017463e+02
1596.99883056767135	3.017415e+02
1597.99946764110496	3.017368e+02
1599.00008495377551	3.017321e+02
1600.00067270199793	3.017273e+02
1600.99811693056563	3.017226e+02
1601.99863573761127	3.017179e+02
1602.99912012433379	3.017131e+02
1603.99955882001245	3.017084e+02
1604.99994378683573	3.017036e+02
1606.00026089057701	3.016989e+02
1607.00048996083433	3.016942e+02
1608.00061823184706	3.016894e+02
1609.00063726449798	3.016847e+02
1610.0005459719514	3.016800e+02
1611.00035693762493	3.016752e+02
1612.00008533486721	3.016705e+02
1612.99974030925409	3.016658e+02
1613.99933008162088	3.016610e+02
1614.99885544376457	3.016563e+02
1615.99829926410507	3.016515e+02
1617.00074608381328	3.016468e+02
1617.99999151333782	3.016420e+02
1618.99916022374327	3.016373e+02
1619.99827274183122	3.016326e+02
1621.00046467299944	3.016278e+02
1621.99955921158471	3.016230e+02
1622.99868939079943	3.016183e+02
1624.00096420526552	3.016135e+02
1625.0001752008875	3.016087e+02
1625.99941093398934	3.016039e+02
1626.99864202277604	3.015991e+02
1628.00095094900098	3.015943e+02
1629.00012708075269	3.015895e+02
1629.99926862994425	3.015847e+02
1630.99839600341625	3.015798e+02
1632.00064545422356	3.015750e+02
1632.999830789101	3.015701e+02
1633.99906500187512	3.015653e+02
1634.99834936202728	3.015604e+02
1636.00077795229117	3.015554e+02
1637.00013341642921	3.015505e+02
1637.99951203272235	3.015456e+02
1638.99891425364126	3.015406e+02
1639.99835136539605	3.015356e+02
1641.00094891576464	3.015307e+02
1642.00052419316467	3.015257e+02
1643.00020450171905	3.015206e+02
1643.99999952621715	3.015156e+02
1644.99990031811558	3.015106e+02
1645.9998853409802	3.015055e+02
1646.99992774030056	3.015004e+02
1648.00000741580061	3.014953e+02
1649.00012525584066	3.014902e+02
1650.0003044318978	3.014851e+02
1651.00057667982696	3.014799e+02
1652.00097306798943	3.014748e+02
1652.9984012384748	3.014696e+02
1653.99906609368327	3.014645e+02
1654.9998186113578	3.014592e+02
1656.00059973348289	3.014540e+02
1656.99825718648094	3.014488e+02
1657.99898360932161	3.014436e+02
1658.99966849767975	3.014383e+02
1660.00032889122303	3.014331e+02
1661.00098436380154	3.014278e+02
1661.99854619226448	3.014225e+02
1662.99925115638712	3.014173e+02
1664.00001017106456	3.014120e+02
1665.00081724871029	3.014066e+02
1665.99854239466185	3.014013e+02
1666.99936593392567	3.013960e+02
1668.00013978533343	3.013907e+02
1669.00085085916248	3.013854e+02
1669.99840096049707	3.013800e+02
1670.99901862720822	3.013747e+02
1671.9996011514902	3.013694e+02
1673.00014282323718	3.013640e+02
1674.00062690990535	3.013587e+02
1674.99793006669779	3.013533e+02
1675.99825913159702	3.013480e+02
1676.9985159332075	3.013426e+02
1677.99873305586266	3.013373e+02
1678.99894984492721	3.013320e+02
1679.9991844537949	3.013266e+02
1680.99942100389649	3.013213e+02
1681.99961178412059	3.013159e+02
1682.99969481212179	3.013105e+02
1683.99961417643317	3.013052e+02
1684.99933732720092	3.012998e+02
1685.99886835550888	3.012945e+02
1686.99826333853071	3.012891e+02
1688.00070195106059	3.012838e+02
1689.00002689868484	3.012784e+02
1689.99935696480293	3.012731e+02
1690.99869182296447	3.012677e+02
1691.99802643554904	3.012624e+02
1693.00044817745015	3.012570e+02
1693.9997459726842	3.012516e+02
1694.99903910307034	3.012462e+02
1695.99833840348583	3.012408e+02
1697.00075316265634	3.012354e+02
1698.00007672925381	3.012300e+02
1698.99939518658698	3.012246e+02
1699.99868049662655	3.012192e+02
1700.99791381765954	3.012138e+02
1702.00018950024923	3.012083e+02
1702.99931216928599	3.012029e+02
1703.99841821405221	3.011974e+02
1705.00066237152009	3.011919e+02
1705.99989378959776	3.011865e+02
1706.99925281337846	3.011810e+02
1707.99875871085374	3.011755e+02
1708.9984074327424	3.011700e+02
1709.99817324317451	3.011644e+02
1710.99800487291645	3.011589e+02
1712.00095314679879	3.011533e+02
1713.00077544386886	3.011477e+02
1714.00057550727479	3.011421e+02
1715.00038130945882	3.011365e+02
1716.00023802081137	3.011309e+02
1717.00019297839776	3.011253e+02
1718.00027819476122	3.011197e+02
1719.00050654086658	3.011141e+02
1720.00087646197721	3.011084e+02
1720.99825701122109	3.011027e+02
1721.99882484980481	3.010970e+02
1722.99944642589753	3.010913e+02
1724.00010876766851	3.010856e+02
1725.0007972407634	3.010798e+02
1725.99838250384119	3.010741e+02
1726.99907796378784	3.010683e+02
1727.99979450504793	3.010625e+02
1729.00054098330065	3.010567e+02
1729.99817993578563	3.010509e+02
1730.9988351227255	3.010451e+02
1731.99930843447328	3.010392e+02
1732.99960140813437	3.010334e+02
1733.99981711714031	3.010275e+02
1735.00010576322961	3.010217e+02
1736.00061319661063	3.010158e+02
1736.99831962602411	3.010100e+02
1737.99942471794657	3.010041e+02
1739.00069142894085	3.009981e+02
1739.99879142569853	3.009922e+02
1740.99972082434397	3.009863e+02
1742.0002595753615	3.009804e+02
1743.00042499239476	3.009745e+02
1744.00033711463016	3.009686e+02
1745.00020420483202	3.009628e+02
1746.00020305081262	3.009569e+02
1747.00044924191297	3.009510e+02
1748.00098229104992	3.009451e+02
1748.99862559907751	3.009392e+02
1749.99937443698445	3.009333e+02
1750.99993341300956	3.009274e+02
1752.00020452842364	3.009214e+02
1753.00018539774965	3.009155e+02
1753.99995722605786	3.009096e+02
1754.99965172305224	3.009037e+02
1755.99937420901142	3.008977e+02
1756.99918398843283	3.008918e+02
1757.99905727546616	3.008859e+02
1758.99890197778745	3.008799e+02
1759.99861603758336	3.008740e+02
1760.99815084045258	3.008680e+02
1762.00064772574046	3.008621e+02
1763.00000454708311	3.008561e+02
1763.99944313344577	3.008502e+02
1764.99905837673236	3.008442e+02
1765.99888355959615	3.008383e+02
1766.99884729628457	3.008323e+02
1767.99883162080027	3.008263e+02
1768.99871689796737	3.008202e+02
1769.99837543997342	3.008142e+02
1771.00083206083377	3.008082e+02
1771.99993232871066	3.008022e+02
1772.99891571185594	3.007963e+02
1773.9979439962824	3.007903e+02
1775.00028853091226	3.007843e+02
1775.99985701588776	3.007783e+02
1776.9997644951352	3.007722e+02
1777.99990352173882	3.007661e+02
1779.00007262439976	3.007600e+02
1780.00005311805398	3.007539e+02
1780.99972359915159	3.007478e+02
1781.99911606461114	3.007417e+02
1782.99838244358966	3.007357e+02
1784.000824727397	3.007295e+02
1785.00041188977411	3.007234e+02
1786.00031015063769	3.007173e+02
1787.00047433238024	3.007111e+02
1788.00079576195844	3.007049e+02
1788.99804110645005	3.006987e+02
1789.99833056785428	3.006925e+02
1790.99854521824045	3.006862e+02
1791.99875201646159	3.006800e+02
1792.99905301074273	3.006737e+02
1793.99956153303106	3.006675e+02
1795.00037569769552	3.006612e+02
1795.99842001382149	3.006549e+02
1796.99984002621409	3.006485e+02
1797.99821822073977	3.006422e+02
1798.99947944337873	3.006358e+02
1800.00027864572485	3.006294e+02
1801.00056012321079	3.006231e+02
1802.00048960482559	3.006168e+02
1803.00033879808689	3.006104e+02
1804.00034899565208	3.006041e+02
1805.00070417638608	3.005978e+02
1805.99834349052003	3.005914e+02
1806.99936069278101	3.005850e+02
1808.0004092353056	3.005786e+02
1808.99812186720555	3.005722e+02
1809.99854570925777	3.005658e+02
1810.99856121576249	3.005594e+02
1811.99830226419863	3.005530e+02
1812.99798186818407	3.005467e+02
1814.00089884028694	3.005403e+02
1815.00095200638179	3.005339e+02
1815.99812846920872	3.005275e+02
1816.9985271850544	3.005211e+02
1817.99889735535976	3.005146e+02
1818.99913309599242	3.005082e+02
1819.99921614260279	3.005018e+02
1820.99922274400001	3.004953e+02
1821.9992828819145	3.004889e+02
1822.9994983329093	3.004824e+02
1823.99987717613885	3.004760e+02
1825.00031684566693	3.004695e+02
1826.00063631033709	3.004630e+02
1827.00065115859502	3.004565e+02
1828.0002588480736	3.004500e+02
1828.999521290345	3.004436e+02
1829.9986634692209	3.004371e+02
1830.99798581434948	3.004307e+02
1832.00082425095457	3.004242e+02
1832.99794337922572	3.004178e+02
1833.99852546420016	3.004113e+02
1834.99916815684355	3.004048e+02
1835.99950287222032	3.003982e+02
1836.99926197810851	3.003917e+02
1837.99845557101821	3.003852e+02
1839.0004610645974	3.003787e+02
1839.99946844884767	3.003723e+02
1840.99889490637406	3.003658e+02
1841.99882978537903	3.003593e+02
1842.99915568361689	3.003527e+02
1843.99962394086606	3.003462e+02
1844.9999339175306	3.003396e+02
1845.99984691075065	3.003330e+02
1846.99937196937162	3.003264e+02
1847.99875222213336	3.003199e+02
1848.9983355002023	3.003133e+02
1849.99841663746088	3.003067e+02
1850.99907064851641	3.003001e+02
1852.00023379756112	3.002934e+02
1852.99850626381544	3.002867e+02
1853.99957871549464	3.002800e+02
1855.00004137674819	3.002733e+02
1855.99993206196245	3.002666e+02
1856.99962127416029	3.002599e+02
1857.99947772035603	3.002532e+02
1858.99983540032395	3.002465e+02
1860.00087601343103	3.002397e+02
1860.99940074094002	3.002330e+02
1861.99821972287737	3.002261e+02
1862.99985620170742	3.002193e+02
1864.00073654599191	3.002124e+02
1865.00079823534224	3.002056e+02
1866.00023590001365	3.001988e+02
1866.99936799980014	3.001920e+02
1867.99851343587943	3.001853e+02
1869.0009532396025	3.001784e+02
1870.00041894692572	3.001716e+02
1870.99976274147139	3.001647e+02
1871.9987072297788	3.001578e+02
1873.00016324044873	3.001509e+02
1874.00096078780825	3.001441e+02
1874.99814290175391	3.001373e+02
1875.99817497179083	3.001305e+02
1876.99826133029728	3.001238e+02
1877.99858335500471	3.001170e+02
1878.99911000948509	3.001102e+02
1879.99959120604399	3.001035e+02
1880.99966701720768	3.000967e+02
1881.99906092747733	3.000900e+02
1883.00082289671991	3.000834e+02
1883.99895188739174	3.000768e+02
1884.99999827907118	3.000703e+02
1885.9982135368839	3.000638e+02
1887.00003193897987	3.000572e+02
1887.99923803263118	3.000507e+02
1888.9986619013298	3.000442e+02
1890.0009782374259	3.000376e+02
1890.9996120218068	3.000312e+02
1892.00060902208838	3.000248e+02
1892.99796475072867	3.000185e+02
1893.99834801076008	3.000122e+02
1894.99921205038618	3.000060e+02
1896.00078212942276	2.999998e+02
1896.99985531762559	2.999936e+02
1897.99922337217936	2.999874e+02
1898.998514202754	2.999812e+02
1900.00049934267236	2.999750e+02
1900.99893317374926	2.999690e+02
1902.00019646337023	2.999630e+02
1902.99848172231191	2.999571e+02
1904.00035835896188	2.999513e+02
1904.99983568619928	2.999455e+02
1905.99992277003275	2.999396e+02
1907.00032134021694	2.999337e+02
1908.0008322899414	2.999279e+02
1909.00093160232086	2.999221e+02
1910.00030599308934	2.999164e+02
1910.99915416881481	2.999108e+02
1912.00096180215701	2.999049e+02
1912.99985416341951	2.998995e+02
1913.99916159502141	2.998940e+02
1915.00183493017198	2.998886e+02
1915.99884508729065	2.998831e+02
1916.99943377915861	2.998777e+02
1918.00014863020897	2.998722e+02
1919.00056764200008	2.998668e+02
1920.00045193746428	2.998615e+02
1920.999817220767	2.998564e+02
1921.99885407788929	2.998513e+02
1923.00093528869252	2.998463e+02
1924.00015154858534	2.998413e+02
1924.9996942356795	2.998363e+02
1925.99951501246892	2.998313e+02
1926.9994556337756	2.998263e+02
1927.99924453677409	2.998214e+02
1929.00169876828068	2.998166e+02
1930.00053873376396	2.998119e+02
1930.99901672645274	2.998073e+02
1932.00052548632129	2.998028e+02
1932.99922801006664	2.997984e+02
1934.0015359973911	2.997939e+02
1935.00131940371921	2.997894e+02
1936.00158843669146	2.997850e+02
1936.99896437524126	2.997806e+02
1937.99915532118575	2.997762e+02
1939.00169088058715	2.997719e+02
1940.00026699132422	2.997678e+02
1941.00131005967296	2.997638e+02
1941.99907159494342	2.997599e+02
1943.00016854220166	2.997560e+02
1943.99876931042331	2.997521e+02
1945.0013154265514	2.997483e+02
1946.00145902451573	2.997444e+02
1947.00184707857534	2.997406e+02
1947.99894027443679	2.997369e+02
1949.00159173641941	2.997334e+02
1950.0005148195396	2.997300e+02
1950.99915708621666	2.997267e+02
1952.00121105374001	2.997235e+02
1953.00099918931824	2.997204e+02
1954.00175856958867	2.997173e+02
1955.00025833826953	2.997142e+02
1955.99891357040747	2.997113e+02
1956.99998347217434	2.997084e+02
1957.99995687250339	2.997056e+02
1958.99898139444576	2.997029e+02
1960.00060367275319	2.997003e+02
1960.99908875227379	2.996979e+02
1962.00098840628698	2.996954e+02
1963.00035636391385	2.996930e+02
1964.00013511165548	2.996905e+02
1964.99958884015041	2.996879e+02
1966.00117777936748	2.996853e+02
1967.00166040344834	2.996827e+02
1968.00103332507774	2.996802e+02
1968.99926208336751	2.996777e+02
1969.99984270938785	2.996752e+02
1971.00066921584312	2.996727e+02
1972.00156233056987	2.996701e+02
1973.00163917092277	2.996676e+02
1974.00116417228719	2.996650e+02
1975.00054692965341	2.996624e+02
1976.00169083237279	2.996598e+02
1977.00122177684921	2.996573e+02
1978.00073247297109	2.996549e+02
1979.00099174790853	2.996527e+02
1980.00060676208864	2.996505e+02
1980.9999655791205	2.996484e+02
1982.00038738718672	2.996462e+02
1982.99987281407948	2.996440e+02
1984.00023924400102	2.996418e+02
1985.00078188989801	2.996397e+02
1986.00130190178152	2.996377e+02
1987.00082094559184	2.996361e+02
1988.00124635556813	2.996346e+02
1989.00020087422172	2.996332e+02
1989.999123837252	2.996318e+02
1991.00087133326883	2.996303e+02
1991.99942744573468	2.996286e+02
1992.99978404438912	2.996268e+02
1993.99925602162261	2.996252e+02
1994.999169630285	2.996238e+02
1995.99991512042811	2.996227e+02
1997.00115585923368	2.996217e+02
1997.99970297082518	2.996208e+02
1999.00140827003497	2.996196e+02
1999.99864306339714	2.996185e+02
2001.00049341427098	2.996172e+02
2001.99871974126404	2.996161e+02
2002.99998310215051	2.996154e+02
2003.99892672382498	2.996149e+02
2004.99910086211912	2.996147e+02
2005.99975132704435	2.996146e+02
2006.99968559747913	2.996144e+02
2007.99838059500075	2.996141e+02
2008.99946407483458	2.996138e+02
2010.00017958868057	2.996137e+02
2010.99811436887239	2.996140e+02
2012.00009799786471	2.996145e+02
2013.00007377642805	2.996153e+02
2014.00024334006048	2.996162e+02
2014.99984687250253	2.996170e+02
2015.99872423445186	2.996178e+02
2017.00039146966742	2.996185e+02
2017.99944762206155	2.996195e+02
2018.99902973931535	2.996208e+02
2019.99926510331693	2.996224e+02
2021.00041439558163	2.996242e+02
2021.99893569980145	2.996262e+02
2023.00014567225253	2.996281e+02
2023.99799465514093	2.996300e+02
2024.99925690021951	2.996320e+02
2025.9981258396333	2.996342e+02
2026.99802969827783	2.996367e+02
2027.99863002482357	2.996394e+02
2028.99912882977151	2.996422e+02
2029.99940003971801	2.996450e+02
2030.99961806678425	2.996478e+02
2031.99984647913698	2.996505e+02
2033.00038005481906	2.996535e+02
2033.99871361746636	2.996565e+02
2035.0005466491109	2.996598e+02
2035.99886036417092	2.996631e+02
2036.99988564581076	2.996664e+02
2037.9982610211141	2.996698e+02
2039.00006026532355	2.996732e+02
2039.99878396542613	2.996767e+02
2040.99772480244224	2.996803e+02
2042.00012038723753	2.996842e+02
2042.99966677357202	2.996881e+02
2043.99909102798074	2.996921e+02
2044.99866566660921	2.996961e+02
2045.99868470683373	2.997002e+02
2046.99904399035381	2.997043e+02
2047.99968019166795	2.997086e+02
2049.00057878516054	2.997130e+02
2049.9985104174707	2.997173e+02
2050.99974557565474	2.997217e+02
2051.99827445028086	2.997261e+02
2053.00040170725606	2.997306e+02
2053.99975117620988	2.997351e+02
2054.99917963931011	2.997396e+02
2055.99906816382008	2.997445e+02
2057.00010239177618	2.997491e+02
2057.99957034940689	2.997537e+02
2059.00033855696984	2.997583e+02
2059.99877427408364	2.997629e+02
2061.00068028990472	2.997676e+02
2061.99967126352203	2.997723e+02
2062.9986247787715	2.997771e+02
2064.0005915181905	2.997820e+02
2064.99889326900075	2.997869e+02
2065.99960981869208	2.997920e+02
2066.99975605732197	2.997972e+02
2067.99950374386253	2.998024e+02
2068.99903816909227	2.998079e+02
2069.99854899783304	2.998134e+02
2070.99835310048456	2.998190e+02
2071.99848359109592	2.998247e+02
2072.99844596715275	2.998305e+02
2073.99778702077265	2.998363e+02
2074.99967222318037	2.998422e+02
2075.99810136242013	2.998482e+02
2076.99934962724456	2.998542e+02
2078.00007264182295	2.998602e+02
2078.9997303476639	2.998663e+02
2079.99798609703339	2.998725e+02
2080.99795342414836	2.998786e+02
2081.99986423388145	2.998846e+02
2082.99768968741637	2.998905e+02
2083.99737290915937	2.998963e+02
2084.99894619512907	2.999020e+02
2085.99976832878156	2.999076e+02
2087.00031337056316	2.999131e+02
2087.99766901176326	2.999184e+02
2088.99789846065732	2.999236e+02
2089.99794567799563	2.999287e+02
2090.99800346861957	2.999337e+02
2091.99812405934608	2.999385e+02
2092.99840201409143	2.999433e+02
2093.99876380594333	2.999480e+02
2094.99869089617778	2.999526e+02
2095.9978550317137	2.999573e+02
2096.9991733022307	2.999621e+02
2097.99977647816695	2.999670e+02
2098.99987393665151	2.999722e+02
2099.99979300803352	2.999775e+02
2101.00010186090003	2.999829e+02
2101.99846402574758	2.999885e+02
2102.99866839115339	2.999942e+02
2103.99813623537784	2.999999e+02
2104.99996692578725	3.000055e+02
2105.99816976857392	3.000112e+02
2106.99866919346414	3.000168e+02
2107.99782810185116	3.000224e+02
2108.9981657680155	3.000280e+02
2109.99908141417063	3.000338e+02
2111.00014270524571	3.000396e+02
2111.99784360021431	3.000457e+02
2112.9980692155591	3.000521e+02
2113.99772421590706	3.000589e+02
2115.00025172177084	3.000660e+02
2115.99995989037507	3.000735e+02
2116.99743479911331	3.000813e+02
2117.99936725192401	3.000893e+02
2118.99971794856356	3.000974e+02
2119.99836479931173	3.001057e+02
2120.99811993371668	3.001142e+02
2121.99882706652033	3.001228e+02
2122.9973407326479	3.001316e+02
2123.9997887224763	3.001405e+02
2124.99981503044955	3.001495e+02
2125.99746819986694	3.001587e+02
2126.99908667016416	3.001679e+02
2127.9985176557293	3.001772e+02
2128.99886088528137	3.001866e+02
2129.9999912036451	3.001960e+02
2130.99865504492345	3.002053e+02
2131.99786809570242	3.002147e+02
2132.99751634167706	3.002239e+02
2133.99753946215287	3.002332e+02
2134.99786540615605	3.002423e+02
2135.99851037891131	3.002515e+02
2136.9995630294261	3.002606e+02
2137.99793694486607	3.002696e+02
2138.99984749607711	3.002786e+02
2139.99877445712855	3.002875e+02
2140.99753084719578	3.002964e+02
2141.99917903327423	3.003052e+02
2142.99749645313159	3.003139e+02
2143.99886796876945	3.003225e+02
2144.99993714993252	3.003310e+02
2145.99733484778471	3.003393e+02
2147.00039487450886	3.003477e+02
2147.99976503022026	3.003560e+02
2148.99875176522892	3.003642e+02
2149.99746583337583	3.003724e+02
2150.99907529154007	3.003805e+02
2152.00030219342352	3.003885e+02
2152.99785677024329	3.003963e+02
2153.99733257606476	3.004041e+02
2154.99748501575414	3.004118e+02
2156.000377352143	3.004194e+02
2156.99863758590345	3.004270e+02
2157.99919717638477	3.004345e+02
2158.99807518371426	3.004421e+02
2159.9998077229543	3.004497e+02
2161.00031085701812	3.004572e+02
2162.00036355467819	3.004648e+02
2162.99924782493918	3.004724e+02
2163.99943658260054	3.004799e+02
2165.00044714256319	3.004875e+02
2165.99874920609682	3.004951e+02
2167.00033799808352	3.005027e+02
2167.99877640363593	3.005104e+02
2169.00023517328327	3.005180e+02
2169.99850800146805	3.005256e+02
2170.99994296293926	3.005333e+02
2171.99863989052164	3.005409e+02
2172.99750202157702	3.005486e+02
2173.9992223670597	3.005562e+02
2174.99740299741461	3.005637e+02
2175.99833749423806	3.005713e+02
2176.99911416738041	3.005787e+02
2177.99978870693667	3.005860e+02
2179.00033647576856	3.005933e+02
2179.9976957639301	3.006005e+02
2180.99803515688518	3.006078e+02
2181.99820458052909	3.006151e+02
2182.99845473769528	3.006225e+02
2183.99895209592114	3.006300e+02
2184.99950017484889	3.006375e+02
2186.00019397418373	3.006451e+02
2186.99787029970958	3.006526e+02
2187.99826391316947	3.006602e+02
2188.99771439201459	3.006675e+02
2189.99907864252827	3.006748e+02
2190.99935342400659	3.006817e+02
2191.99883265925837	3.006885e+02
2192.99795951929855	3.006950e+02
2193.99983017743807	3.007014e+02
2194.99780033080879	3.007077e+02
2195.99755666840838	3.007141e+02
2196.99925646415886	3.007205e+02
2197.99984148038402	3.007270e+02
2198.99928127135126	3.007335e+02
2199.99808676481643	3.007403e+02
2200.99998098248716	3.007472e+02
2201.99918517415335	3.007542e+02
2202.99908315789162	3.007614e+02
2203.9995327011743	3.007687e+02
2205.00010956640926	3.007760e+02
2205.9974725342804	3.007832e+02
2206.9976090697246	3.007904e+02
2208.0003674833938	3.007974e+02
2208.99940244910567	3.008044e+02
2209.99771086723058	3.008112e+02
2210.9985298354004	3.008179e+02
2211.99910742249858	3.008245e+02
2212.99971696180592	3.008311e+02
2213.99752000513672	3.008377e+02
2214.99894471088874	3.008443e+02
2215.9981775852375	3.008510e+02
2216.99840338094509	3.008578e+02
2217.99954605298126	3.008647e+02
2218.99848923973559	3.008717e+02
2219.99827675633151	3.008788e+02
2220.99872301500773	3.008859e+02
2221.99962852024055	3.008931e+02
2222.99777183598962	3.009003e+02
2223.99902753071365	3.009073e+02
2224.99982873955014	3.009143e+02
2225.9998707552727	3.009211e+02
2226.99913600122863	3.009276e+02
2227.99759010323805	3.009338e+02
2228.99846232958998	3.009399e+02
2229.99897909293577	3.009458e+02
2230.9996306599669	3.009516e+02
2232.00039433140728	3.009574e+02
2232.99787400434116	3.009633e+02
2233.99871370510118	3.009694e+02
2234.9999537612639	3.009757e+02
2235.99848415860879	3.009821e+02
2236.9976012285706	3.009887e+02
2237.9974617870439	3.009955e+02
2238.99784214628562	3.010024e+02
2239.99891322069834	3.010093e+02
2240.99789000996088	3.010163e+02
2242.00030983782108	3.010232e+02
2242.99914185837042	3.010301e+02
2243.99743710862595	3.010367e+02
2244.9984691276054	3.010431e+02
2245.9992081517712	3.010493e+02
2246.99974073588555	3.010552e+02
2248.00018196718929	3.010610e+02
2248.99762751118942	3.010668e+02
2249.99801405747576	3.010726e+02
2250.99809761508232	3.010785e+02
2251.99820086085674	3.010846e+02
2252.99882295924635	3.010909e+02
2254.00006169661992	3.010975e+02
2254.99875315346162	3.011043e+02
2255.99810970797625	3.011112e+02
2256.99824355901546	3.011182e+02
2257.99905473568333	3.011252e+02
2259.00019969251434	3.011322e+02
2259.9981875817798	3.011390e+02
2260.99919128155943	3.011457e+02
2262.00032459015301	3.011522e+02
2262.99873406835104	3.011584e+02
2264.0002081860398	3.011644e+02
2264.99863667349973	3.011702e+02
2266.00027632655883	3.011760e+02
2266.9985431275627	3.011817e+02
2267.99951118267973	3.011876e+02
2269.00016699129947	3.011937e+02
2269.99758185133123	3.012000e+02
2270.99786821735279	3.012065e+02
2271.99790892851388	3.012132e+02
2272.99816742215307	3.012201e+02
2273.99930044262283	3.012269e+02
2274.99835017376199	3.012338e+02
2275.99842348579068	3.012405e+02
2276.99740792660987	3.012471e+02
2277.99822741756543	3.012537e+02
2278.99984385249445	3.012602e+02
2279.99807266022026	3.012664e+02
2280.99875640573237	3.012725e+02
2281.99830753409651	3.012783e+02
2282.99894213778862	3.012842e+02
2283.99766376034813	3.012900e+02
2284.998243751882	3.012960e+02
2285.9982282519054	3.013022e+02
2286.99869785351211	3.013085e+02
2288.00041530655244	3.013148e+02
2288.99951252740084	3.013212e+02
2289.99786921335908	3.013278e+02
2290.99812690473073	3.013345e+02
2291.9977693247115	3.013412e+02
2292.99805242413095	3.013478e+02
2293.99830070155258	3.013544e+02
2294.9988735932684	3.013608e+02
2295.99737680840144	3.013672e+02
2296.997362918004	3.013736e+02
2297.99835026838127	3.013798e+02
2298.99810139530109	3.013858e+02
2299.99896535442485	3.013917e+02
2301.00015453566448	3.013975e+02
2301.99949696415069	3.014034e+02
2302.99774808424536	3.014095e+02
2303.99907972232177	3.014157e+02
2304.99849876808003	3.014220e+02
2305.99941864096763	3.014284e+02
2306.99814169517276	3.014350e+02
2307.99912113494747	3.014418e+02
2308.99866296727805	3.014486e+02
2309.99740859131316	3.014554e+02
2310.99987246703085	3.014621e+02
2311.99820423129177	3.014687e+02
2312.99859138255442	3.014752e+02
2313.9994256144837	3.014817e+02
2314.99908323351883	3.014882e+02
2316.00008394815541	3.014946e+02
2316.99989285751553	3.015010e+02
2317.99884932061877	3.015072e+02
2319.00006736875866	3.015133e+02
2319.99787336056079	3.015194e+02
2320.99868770266175	3.015256e+02
2322.00010910638866	3.015318e+02
2323.00034540120851	3.015382e+02
2323.99997020282581	3.015448e+02
2324.99781788980272	3.015515e+02
2325.99819909263806	3.015582e+02
2327.00007667975842	3.015650e+02
2328.00027143664965	3.015717e+02
2328.99961233529211	3.015783e+02
2329.999652867431	3.015848e+02
2330.99835263534351	3.015912e+02
2331.99841108730061	3.015976e+02
2332.99840211696892	3.016039e+02
2333.99763965347938	3.016101e+02
2334.99957929431184	3.016162e+02
2335.99803029698614	3.016222e+02
2336.99890683774356	3.016281e+02
2337.99955209680638	3.016341e+02
2339.00034084638401	3.016400e+02
2339.99829559317095	3.016460e+02
2340.99967267216425	3.016521e+02
2341.99800723161434	3.016583e+02
2342.99890011629896	3.016646e+02
2343.99892908347601	3.016709e+02
2344.99827801677657	3.016771e+02
2345.997805155278	3.016833e+02
2346.99903193915088	3.016894e+02
2347.99961710966136	3.016954e+02
2348.99858992739382	3.017014e+02
2350.00041670362452	3.017075e+02
2350.99831128024289	3.017134e+02
2351.99882692585015	3.017193e+02
2352.9983404695754	3.017251e+02
2353.99964050988183	3.017310e+02
2355.00015843287702	3.017368e+02
2356.00035204070218	3.017427e+02
2356.99748193251799	3.017485e+02
2357.99790440889547	3.017544e+02
2358.99840253773255	3.017603e+02
2359.99880880956607	3.017662e+02
2360.99891648527046	3.017721e+02
2361.99861574990382	3.017780e+02
2362.99863355898651	3.017839e+02
2364.00024669444701	3.017897e+02
2364.99810022804013	3.017955e+02
2365.99763788779637	3.018013e+02
2367.00011005986244	3.018071e+02
2367.99796373717663	3.018129e+02
2369.00042317796442	3.018188e+02
2369.99883797816256	3.018247e+02
2370.99953219971803	3.018306e+02
2371.99945387799426	3.018364e+02
2372.99897667841287	3.018423e+02
2373.99849069003858	3.018481e+02
2374.99828936273707	3.018540e+02
2375.99834002907892	3.018599e+02
2376.9986668221236	3.018658e+02
2377.99903901132166	3.018717e+02
2378.99908183994557	3.018776e+02
2379.9985360598921	3.018836e+02
2380.99748482587938	3.018894e+02
2381.99960393491756	3.018953e+02
2382.9995179112866	3.019012e+02
2383.99737201020798	3.019070e+02
2384.9987046308911	3.019129e+02
2385.99952367580681	3.019188e+02
2386.99957175900454	3.019247e+02
2387.99895135302222	3.019306e+02
2388.99773264053056	3.019365e+02
2389.99934795109812	3.019424e+02
2390.99794611844391	3.019482e+02
2392.000071067514	3.019541e+02
2392.99986942474106	3.019600e+02
2393.99735909048286	3.019659e+02
2394.99861755764323	3.019719e+02
2396.00038049822797	3.019778e+02
2396.999280046271	3.019837e+02
2397.9980206531327	3.019896e+02
2398.99936990546212	3.019954e+02
2400.00009661273771	3.020013e+02
2401.00022862171454	3.020072e+02
2401.99975452106037	3.020130e+02
2402.99857882436754	3.020189e+02
2403.99987990839827	3.020247e+02
2404.99771436263154	3.020305e+02
2405.99850742203034	3.020363e+02
2406.99943760110773	3.020421e+02
2407.99773064108285	3.020479e+02
2408.99994245487642	3.020536e+02
2410.00033731595931	3.020593e+02
2410.99895595835778	3.020649e+02
2411.99883692786898	3.020705e+02
2412.99975301639915	3.020760e+02
2413.99843709958805	3.020815e+02
2414.99756668073724	3.020869e+02
2415.99978622502795	3.020923e+02
2416.99856364521656	3.020976e+02
2418.00001604584122	3.021029e+02
2418.99799271498659	3.021081e+02
2419.9987927418324	3.021131e+02
2420.99938329038832	3.021181e+02
2421.99982983369091	3.021229e+02
2423.00018911715779	3.021276e+02
2423.99751364332587	3.021321e+02
2424.9981777602884	3.021365e+02
2425.99912214524238	3.021408e+02
2427.00019506984881	3.021450e+02
2427.9981607959844	3.021491e+02
2428.99928472065631	3.021531e+02
2429.99736154411175	3.021571e+02
2430.99842009405165	3.021610e+02
2431.99921838544333	3.021649e+02
2432.99973280321046	3.021687e+02
2433.99988832222334	3.021725e+02
2434.99956375596548	3.021762e+02
2435.99865888192835	3.021798e+02
2437.0001885427655	3.021833e+02
2437.99804783782565	3.021867e+02
2438.99856199650139	3.021901e+02
2439.9987412791188	3.021935e+02
2440.99863100579387	3.021968e+02
2441.99828404650953	3.022001e+02
2442.99768514480547	3.022033e+02
2443.99988470843846	3.022066e+02
2444.9987306353064	3.022097e+02
2445.99742126215824	3.022129e+02
2446.99919619922366	3.022161e+02
2447.99800719339055	3.022193e+02
2449.00008267641579	3.022225e+02
2449.99927919990387	3.022256e+02
2450.99861444218186	3.022287e+02
2451.99791152140278	3.022318e+02
2453.00013688460331	3.022349e+02
2453.99914594800839	3.022380e+02
2454.9979210174979	3.022412e+02
2455.99960560640875	3.022446e+02
2456.99819897199541	3.022481e+02
2457.99999726007673	3.022518e+02
2458.99811008820507	3.022557e+02
2459.99801173524884	3.022599e+02
2460.9973812106341	3.022644e+02
2461.999602100218	3.022691e+02
2462.99849580337514	3.022738e+02
2463.99949130303048	3.022787e+02
2464.99894132724648	3.022837e+02
2465.99884914598897	3.022888e+02
2466.99910480596418	3.022939e+02
2467.99937686812382	3.022990e+02
2468.99798518704938	3.023040e+02
2469.99991054773227	3.023089e+02
2470.99856156170927	3.023136e+02
2472.00010733379759	3.023181e+02
2472.99822254590345	3.023224e+02
2473.99863329917798	3.023265e+02
2474.99815405534582	3.023303e+02
2476.00005594850836	3.023338e+02
2476.99817209166258	3.023371e+02
2477.99865629239775	3.023400e+02
2478.99836041636036	3.023427e+02
2480.00023966126992	3.023452e+02
2480.99803662861541	3.023474e+02
2482.00039712141552	3.023495e+02
2482.9982461498239	3.023514e+02
2483.99807190137017	3.023533e+02
2484.99958241501281	3.023553e+02
2486.00013007160533	3.023572e+02
2487.00024099135953	3.023593e+02
2487.9997162465761	3.023614e+02
2488.99883911418601	3.023636e+02
2489.99813519589907	3.023659e+02
2490.99772194033585	3.023683e+02
2491.99765629056583	3.023707e+02
2492.9980162916745	3.023732e+02
2493.99889117297562	3.023756e+02
2495.00034273794836	3.023780e+02
2495.99936673973116	3.023804e+02
2496.99905960229626	3.023827e+02
2497.9994557521095	3.023849e+02
2498.99753238008907	3.023871e+02
2499.99947729902715	3.023892e+02
2500.99919630359909	3.023911e+02
2501.99967339764999	3.023930e+02
2503.00079409065529	3.023947e+02
2503.99938634722639	3.023963e+02
2504.99840853773048	3.023980e+02
2506.00086927230268	3.023995e+02
2507.0005589385014	3.024011e+02
2508.0005466460957	3.024027e+02
2509.00073594086234	3.024043e+02
2509.99805346357516	3.024060e+02
2510.99871320600323	3.024078e+02
2511.99973411103974	3.024096e+02
2512.99809854275554	3.024114e+02
2513.99994797670161	3.024133e+02
2514.99907669717004	3.024152e+02
2515.9987003076576	3.024170e+02
2516.99887012493264	3.024189e+02
2517.99960778680634	3.024208e+02
2519.00092831216534	3.024226e+02
2519.99953051158673	3.024244e+02
2520.99836085585366	3.024262e+02
2522.00036118810021	3.024279e+02
2522.99945027961076	3.024296e+02
2523.99842825720361	3.024312e+02
2525.00015672435393	3.024329e+02
2525.99848770081462	3.024347e+02
2526.99958009738111	3.024365e+02
2528.00036314507406	3.024384e+02
2529.00074844603978	3.024403e+02
2530.00064158086252	3.024423e+02
2531.00023862287844	3.024443e+02
2531.99958838139719	3.024463e+02
2532.99853022830484	3.024485e+02
2534.00025830022696	3.024507e+02
2534.99884392441436	3.024530e+02
2536.00048399108164	3.024554e+02
2536.99905064259292	3.024578e+02
2538.0008637657611	3.024603e+02
2538.9998327799799	3.024629e+02
2539.99901032525668	3.024655e+02
2540.99851782799442	3.024682e+02
2541.99855123628504	3.024709e+02
2542.99904870387536	3.024736e+02
2543.99996914063968	3.024764e+02
2544.99832916726973	3.024792e+02
2546.00021546476637	3.024819e+02
2546.99931673698256	3.024847e+02
2547.99881992875771	3.024874e+02
2548.99862262136003	3.024902e+02
2549.99845127508843	3.024929e+02
2550.99844442773247	3.024956e+02
2551.998593112035	3.024983e+02
2552.99871533058831	3.025010e+02
2553.9989976212928	3.025037e+02
2554.99952693893238	3.025064e+02
2556.00016099880759	3.025091e+02
2557.00094128681849	3.025118e+02
2557.99895570057834	3.025145e+02
2559.00036794657717	3.025171e+02
2559.99876402940254	3.025197e+02
2561.00029048555871	3.025223e+02
2561.99881457109268	3.025247e+02
2563.00036329194745	3.025271e+02
2563.99864794126188	3.025294e+02
2564.99997951802061	3.025316e+02
2565.99806654894201	3.025337e+02
2566.99887539327392	3.025357e+02
2567.99932199801924	3.025377e+02
2568.99937951830952	3.025397e+02
2569.99888282642405	3.025417e+02
2571.00088605964902	3.025436e+02
2571.99913804690959	3.025456e+02
2572.9997520523807	3.025475e+02
2573.99973460387309	3.025496e+02
2574.9991399030705	3.025516e+02
2575.99794255559391	3.025538e+02
2576.99933542342978	3.025560e+02
2578.00034653739704	3.025582e+02
2578.99793964354012	3.025606e+02
2579.99837141146509	3.025629e+02
2580.99860515131604	3.025653e+02
2581.99865806965227	3.025678e+02
2582.99858803817642	3.025703e+02
2583.99854520136341	3.025728e+02
2584.99860877221636	3.025754e+02
2585.99886769613204	3.025780e+02
2586.99940052540296	3.025807e+02
2588.00032822619914	3.025833e+02
2588.99868937208157	3.025860e+02
2590.00067251721293	3.025886e+02
2591.00007771264291	3.025912e+02
2591.999961690899	3.025938e+02
2593.00030722982319	3.025963e+02
2593.9979344911676	3.025988e+02
2594.998875517329	3.026013e+02
2596.00005991303124	3.026038e+02
2596.99857683497385	3.026063e+02
2598.00040491428535	3.026088e+02
2598.99919503987849	3.026113e+02
2599.99832176697328	3.026138e+02
2601.00078869902381	3.026163e+02
2602.00021481696558	3.026188e+02
2602.99993773763299	3.026213e+02
2604.00000663840683	3.026238e+02
2605.00028319116655	3.026263e+02
2606.00091222106585	3.026287e+02
2606.9987735065306	3.026310e+02
2607.99980269569915	3.026332e+02
2609.00076333192055	3.026352e+02
2609.99855893318454	3.026372e+02
2610.99928448174023	3.026390e+02
2611.99980045247003	3.026407e+02
2613.00014886259714	3.026423e+02
2614.00032546469038	3.026438e+02
2615.00027960245825	3.026453e+02
2615.99994637583222	3.026467e+02
2616.99924406199898	3.026480e+02
2617.9980576806588	3.026493e+02
2618.99938925570723	3.026507e+02
2620.00006816725318	3.026520e+02
2621.00010709850994	3.026535e+02
2621.99965731460088	3.026550e+02
2622.99882609439192	3.026566e+02
2624.00065838655109	3.026582e+02
2624.99906433560773	3.026599e+02
2626.00040335024778	3.026617e+02
2626.99848679841398	3.026635e+02
2627.99942005976436	3.026654e+02
2629.00021244846221	3.026673e+02
2629.99786268051685	3.026693e+02
2630.99851703354034	3.026713e+02
2631.99915995577385	3.026733e+02
2632.99999060617347	3.026754e+02
2633.998094927073	3.026774e+02
2634.99962825516013	3.026795e+02
2635.99843288546663	3.026816e+02
2636.99773663496444	3.026837e+02
2637.99760571516163	3.026857e+02
2638.99778690327184	3.026877e+02
2639.99830057556437	3.026897e+02
2640.99930329624567	3.026917e+02
2642.00049370648321	3.026937e+02
2642.99877582441013	3.026957e+02
2643.99757536305378	3.026977e+02
2644.99979533819624	3.026998e+02
2645.99889300449559	3.027018e+02
2646.99833597070574	3.027039e+02
2647.99813330419329	3.027060e+02
2648.99797848054914	3.027081e+02
2649.99826243877351	3.027103e+02
2650.99910091956144	3.027125e+02
2652.00022928678391	3.027146e+02
2652.99867573842175	3.027167e+02
2653.9975287735524	3.027187e+02
2654.99961209333287	3.027207e+02
2655.99870525406504	3.027224e+02
2656.99799105220563	3.027241e+02
2658.00045412392728	3.027257e+02
2658.99983573578857	3.027271e+02
2659.99931554451723	3.027285e+02
2660.99878235005872	3.027297e+02
2661.99808774638359	3.027308e+02
2663.00026451472104	3.027318e+02
2663.99897693488856	3.027327e+02
2665.0002880089196	3.027336e+02
2665.99801132077073	3.027344e+02
2666.99837887208196	3.027353e+02
2667.99829893663491	3.027362e+02
2668.99783730216404	3.027372e+02
2670.00017353254998	3.027382e+02
2670.99913104654706	3.027392e+02
2671.99782579633984	3.027402e+02
2672.99942548677382	3.027413e+02
2673.99778609802115	3.027423e+02
2674.99909865687141	3.027434e+02
2676.00029638023307	3.027445e+02
2676.99830942368817	3.027457e+02
2677.99935028333084	3.027468e+02
2679.0003654772695	3.027479e+02
2679.99830579483614	3.027490e+02
2680.99939321280681	3.027500e+02
2682.00055523101764	3.027511e+02
2682.99869837807182	3.027521e+02
2684.00004568391796	3.027531e+02
2684.99851993432549	3.027541e+02
2686.00031583854297	3.027551e+02
2686.99921593488534	3.027561e+02
2687.99831397159369	3.027571e+02
2688.99762290014041	3.027582e+02
2690.00027590692935	3.027592e+02
2690.99999547597145	3.027604e+02
2691.99977746517061	3.027616e+02
2692.99981644030277	3.027628e+02
2694.00017155536761	3.027642e+02
2694.99772649186116	3.027656e+02
2695.99885377340388	3.027672e+02
2697.00046887395001	3.027687e+02
2697.9993934163017	3.027703e+02
2698.99876738618514	3.027719e+02
2699.99865489591184	3.027735e+02
2700.9990826995313	3.027751e+02
2702.0000149007069	3.027767e+02
2702.99836930913671	3.027782e+02
2704.00033308723232	3.027796e+02
2704.99946880740708	3.027809e+02
2705.99874803743933	3.027820e+02
2706.99816590584351	3.027830e+02
2707.99756580653138	3.027839e+02
2708.99990188669699	3.027847e+02
2709.99895450594067	3.027854e+02
2710.99778392072312	3.027860e+02
2711.99940795776774	3.027866e+02
2712.99763720082137	3.027872e+02
2713.99872550815689	3.027877e+02
2714.99954709951135	3.027883e+02
2716.00015619130727	3.027888e+02
2716.99752266370433	3.027893e+02
2717.99786898524098	3.027898e+02
2718.9981179681904	3.027903e+02
2719.99833251796827	3.027908e+02
2720.99851282848158	3.027913e+02
2721.99865080398149	3.027918e+02
2722.99877233849793	3.027923e+02
2723.99886266513386	3.027927e+02
2724.99886657676097	3.027932e+02
2725.99873763257528	3.027935e+02
2726.99846546551362	3.027939e+02
2727.9981010648703	3.027942e+02
2728.9976843829736	3.027945e+02
2730.00035840969122	3.027948e+02
2730.99996070567022	3.027951e+02
2731.99961359939516	3.027953e+02
2732.99934192592218	3.027955e+02
2733.99919432913339	3.027958e+02
2734.99922580758403	3.027960e+02
2735.99946555459383	3.027963e+02
2736.99992229074496	3.027966e+02
2738.00057490861263	3.027969e+02
2738.99831257485448	3.027973e+02
2739.99937935182015	3.027977e+02
2740.99754048845125	3.027982e+02
2741.99902451592243	3.027989e+02
2742.99766334834021	3.027996e+02
2743.99971227169408	3.028004e+02
2744.99897148291438	3.028013e+02
2745.99862066898504	3.028024e+02
2746.99873735936671	3.028034e+02
2747.99934858969027	3.028045e+02
2749.00049996806138	3.028057e+02
2749.99909429389663	3.028068e+02
2750.9982082681945	3.028079e+02
2751.9978040475321	3.028089e+02
2752.99786482638046	3.028098e+02
2753.99834415190799	3.028107e+02
2754.99910241042335	3.028115e+02
2755.99998668010585	3.028121e+02
2756.9977270847462	3.028127e+02
2757.99846597625265	3.028132e+02
2758.99901732126773	3.028136e+02
2759.99933732970476	3.028140e+02
2760.99934944763163	3.028142e+02
2761.99903831849861	3.028145e+02
2762.99843229781391	3.028147e+02
2763.99753766924823	3.028149e+02
2764.9995297544956	3.028151e+02
2765.99824121572101	3.028153e+02
2766.99993920934639	3.028154e+02
2767.99840236972841	3.028156e+02
2768.99990027811918	3.028157e+02
2769.99817972866913	3.028158e+02
2770.99944623232204	3.028159e+02
2772.00056690254041	3.028160e+02
2772.99841457706179	3.028160e+02
2773.99920637450896	3.028161e+02
2774.99980997238254	3.028161e+02
2776.00022643083412	3.028160e+02
2777.00047745049324	3.028160e+02
2778.00059357119881	3.028159e+02
2779.00060210025686	3.028159e+02
2780.00053056490015	3.028158e+02
2781.00040933635682	3.028157e+02
2782.00025681299303	3.028156e+02
2783.00007981718772	3.028156e+02
2783.9999094651248	3.028156e+02
2784.99978609565824	3.028156e+02
2785.99970857577682	3.028157e+02
2786.99967699975059	3.028159e+02
2787.99973639800464	3.028162e+02
2788.9998819860084	3.028165e+02
2790.00011241906213	3.028170e+02
2791.00048445079892	3.028175e+02
2791.99792296568467	3.028182e+02
2792.99870966538174	3.028189e+02
2793.99980533089456	3.028197e+02
2794.99814324459066	3.028206e+02
2795.99998008805551	3.028215e+02
2796.99910140148131	3.028224e+02
2797.99864561077948	3.028233e+02
2798.99857346735871	3.028241e+02
2799.99882604556296	3.028250e+02
2800.99935140733623	3.028257e+02
2802.00007076547126	3.028265e+02
2802.99778266680732	3.028271e+02
2803.99870001165209	3.028277e+02
2804.99964568148607	3.028283e+02
2806.00055099140627	3.028287e+02
2806.99823017126346	3.028292e+02
2807.99890079282204	3.028296e+02
2808.99938861525698	3.028299e+02
2809.99969086145347	3.028302e+02
2810.99985466412863	3.028305e+02
2811.99987339113432	3.028308e+02
2812.99973711734629	3.028310e+02
2813.99949959149126	3.028312e+02
2814.99910169612394	3.028314e+02
2815.99850798087118	3.028315e+02
2816.99775242364149	3.028316e+02
2817.99993398254901	3.028318e+02
2818.99875278360332	3.028319e+02
2820.00041913608993	3.028319e+02
2820.99868258738843	3.028320e+02
2821.99975684999572	3.028321e+02
2823.00050025327755	3.028321e+02
2823.99781988198538	3.028322e+02
2824.99797953310508	3.028322e+02
2825.99787079712632	3.028322e+02
2826.99752400357602	3.028323e+02
2828.00009517123453	3.028323e+02
2828.99937309692905	3.028323e+02
2829.99848164044533	3.028323e+02
2831.00051385396773	3.028324e+02
2831.99934374564509	3.028324e+02
2832.99815101384183	3.028325e+02
2833.99993218959071	3.028326e+02
2834.99847098656801	3.028328e+02
2836.00002786650839	3.028330e+02
2836.99842692314951	3.028333e+02
2837.99997599358403	3.028337e+02
2838.99857233503189	3.028341e+02
2840.0004832745949	3.028346e+02
2840.99948532379813	3.028351e+02
2841.99869504890466	3.028356e+02
2842.99806443157513	3.028363e+02
2843.99754858404549	3.028369e+02
2845.00028381328593	3.028376e+02
2846.00007246186897	3.028384e+02
2847.00006165629793	3.028392e+02
2848.00031450211964	3.028399e+02
2848.99775783342284	3.028407e+02
2849.99863363367194	3.028415e+02
2850.99982555372026	3.028423e+02
2851.99817937527996	3.028430e+02
2852.99987255858059	3.028437e+02
2853.99860941159932	3.028444e+02
2855.00059105707669	3.028450e+02
2855.9995370689353	3.028456e+02
2856.99855813274007	3.028461e+02
2857.99766692333287	3.028466e+02
2858.9999956206334	3.028471e+02
2859.99930785326524	3.028475e+02
2860.99873526533247	3.028478e+02
2861.99826933368786	3.028481e+02
2862.99786879663861	3.028484e+02
2864.00062357392972	3.028486e+02
2865.00026576370419	3.028488e+02
2865.9998439128517	3.028490e+02
2866.99926004866938	3.028491e+02
2867.99855292796565	3.028492e+02
2868.99766193429832	3.028492e+02
2869.99965851680554	3.028492e+02
2870.99825992603019	3.028493e+02
2871.99965536026457	3.028493e+02
2872.99755919371	3.028493e+02
2873.99818645784126	3.028493e+02
2874.99840513695381	3.028493e+02
2875.99819912794965	3.028493e+02
2876.99757544710064	3.028493e+02
2877.99967094089698	3.028493e+02
2878.99828746838648	3.028494e+02
2879.99967835713323	3.028494e+02
2880.99765908685413	3.028495e+02
2881.99848382585424	3.028495e+02
2882.99907607965861	3.028496e+02
2883.99945711702321	3.028497e+02
2884.99956041807172	3.028497e+02
2885.99953928932428	3.028498e+02
2886.99940162959319	3.028499e+02
2887.99910088683737	3.028500e+02
2888.99866296788377	3.028502e+02
2889.99812889266923	3.028504e+02
2890.99754712771346	3.028506e+02
2892.00007764612064	3.028509e+02
2892.99957142305402	3.028512e+02
2893.99917356502283	3.028515e+02
2894.99891113235526	3.028519e+02
2895.99881272031462	3.028524e+02
2896.99890228911363	3.028528e+02
2897.99919440826079	3.028533e+02
2898.99969898907921	3.028539e+02
2900.00042538156822	3.028545e+02
2900.99827257065681	3.028550e+02
2901.99944926494891	3.028557e+02
2902.99772888530606	3.028563e+02
2903.99933826368306	3.028569e+02
2904.99804350447357	3.028576e+02
2906.00005878848015	3.028582e+02
2906.99916950012766	3.028589e+02
2907.99849670960748	3.028596e+02
2908.99806431657908	3.028602e+02
2909.99791295359046	3.028608e+02
2910.99807359191254	3.028614e+02
2911.99857211342396	3.028620e+02
2912.99942276642787	3.028625e+02
2914.00062368954741	3.028630e+02
2914.99903405660643	3.028634e+02
2915.99774740466	3.028638e+02
2916.99984136788544	3.028641e+02
2917.99902520207797	3.028643e+02
2918.99836946620962	3.028645e+02
2919.99782958261767	3.028646e+02
2921.00049845586864	3.028647e+02
2921.99997040520066	3.028647e+02
2922.99937649817048	3.028646e+02
2923.99866305935166	3.028645e+02
2924.99777637816533	3.028643e+02
2925.99978712385882	3.028642e+02
2926.99841892929589	3.028640e+02
2927.99989034549253	3.028637e+02
2928.99793172498221	3.028635e+02
2929.99874946110549	3.028632e+02
2930.99920424626862	3.028629e+02
2931.99927517524247	3.028626e+02
2932.99893598591143	3.028623e+02
2933.99816092099627	3.028621e+02
2935.00004464529275	3.028618e+02
2935.99834124196968	3.028615e+02
2936.99924771074438	3.028612e+02
2937.99964680275434	3.028610e+02
2938.99955002328579	3.028607e+02
2939.99898475730561	3.028605e+02
2940.99799142477559	3.028603e+02
2941.99969899304142	3.028600e+02
2942.99789763447097	3.028598e+02
2943.99900723070186	3.028596e+02
2944.99986880195729	3.028594e+02
2946.00050428817485	3.028592e+02
2946.99785858360246	3.028591e+02
2947.99816832813258	3.028590e+02
2948.99840250985471	3.028589e+02
2949.99862809933074	3.028588e+02
