# Region type : patch node2U_1_Inlet_0
#   Faces  : 148
#   Area   : 1.734768e-02
#        Time	areaAverage(T)
     0.999427	3.031500e+02
      2.00049	3.031500e+02
      3.00031	3.031500e+02
      3.99973	3.031500e+02
      4.99982	3.031500e+02
      6.00096	3.031500e+02
      7.00036	3.031500e+02
      8.00025	3.031500e+02
      8.99988	3.031500e+02
    10.001085	3.031498e+02
    11.000692	3.031497e+02
    12.001192	3.031496e+02
    12.999654	3.031475e+02
    14.001553	3.031361e+02
  15.00191378	3.031156e+02
  15.99990726	3.031088e+02
  17.00021302	3.031197e+02
  18.00201162	3.031321e+02
    19.001665	3.031395e+02
 20.001063064	3.031421e+02
 21.000223408	3.031427e+02
 22.000868674	3.031426e+02
 22.999568146	3.031423e+02
  24.00203262	3.031418e+02
25.00206209729	3.031408e+02
25.9997240433	3.031388e+02
27.00155800819	3.031358e+02
28.00198841907	3.031323e+02
29.00100132413	3.031284e+02
30.0012255059946	3.031229e+02
31.0020125996283	3.031134e+02
31.9997203434261	3.030973e+02
33.0000159367413	3.030757e+02
33.9999993471484	3.030544e+02
35.0001409482367123	3.030403e+02
36.0010399662744121	3.030350e+02
37.000256075600312	3.030359e+02
38.0011334139074748	3.030384e+02
39.0001093232681626	3.030388e+02
39.9994296677075454	3.030359e+02
41.001577972869228	3.030321e+02
42.000199945820512	3.030329e+02
43.0015357555295594	3.030440e+02
44.0000908474563985	3.030682e+02
44.999720034311153	3.031028e+02
46.0011036185372717	3.031416e+02
47.0017015365830488	3.031781e+02
48.001828578469862	3.032090e+02
49.0009987208578792	3.032337e+02
50.001646775172766	3.032529e+02
51.0004873107095733	3.032672e+02
52.0004965650810149	3.032773e+02
53.0016782245142934	3.032840e+02
54.0010911490910033	3.032892e+02
55.0018322131206503	3.032942e+02
56.0008311045826801	3.032998e+02
57.0009505745707656	3.033063e+02
58.0018173874204663	3.033138e+02
58.9998754286462415	3.033222e+02
60.0007253884735974	3.033320e+02
61.000729949421661	3.033432e+02
61.9994469747591523	3.033563e+02
62.9997307278246481	3.033711e+02
64.0016132336676264	3.033876e+02
65.0021195847200062	3.034054e+02
66.0013755148593475	3.034240e+02
66.9994618408717173	3.034429e+02
67.9995567282688285	3.034619e+02
69.0018710907051513	3.034808e+02
70.0005020403649496	3.034997e+02
71.0017759000867983	3.035187e+02
71.9997917061677697	3.035376e+02
73.0007626398363385	3.035562e+02
74.0017781164737585	3.035740e+02
74.9999419786135348	3.035904e+02
76.0015844890211554	3.036053e+02
77.00072239299773	3.036184e+02
78.0004746440082357	3.036295e+02
79.0007523688503994	3.036385e+02
80.0017080025030367	3.036457e+02
81.0004119802447349	3.036514e+02
81.9999292237897635	3.036564e+02
83.0001885797195058	3.036613e+02
84.0008505180802274	3.036672e+02
85.0015387397775584	3.036748e+02
86.0016440249805925	3.036843e+02
87.0005454702849761	3.036957e+02
88.0008545399135187	3.037088e+02
89.0021930695815655	3.037230e+02
90.0016302263138357	3.037379e+02
91.002174366868033	3.037530e+02
92.0010182300664496	3.037681e+02
93.0013450760332745	3.037832e+02
94.0003161743501465	3.037981e+02
95.0010570184568053	3.038128e+02
96.0007746328522842	3.038273e+02
96.9996630297850828	3.038416e+02
98.0009484938242394	3.038556e+02
99.0017864968606887	3.038692e+02
99.9993158549129504	3.038823e+02
100.999686726631666	3.038945e+02
101.999978489330886	3.039056e+02
103.000261993464633	3.039154e+02
104.000541499501338	3.039240e+02
105.000800443492778	3.039313e+02
106.001026051885219	3.039376e+02
107.001221026466325	3.039431e+02
108.001370521164162	3.039481e+02
109.001483834954172	3.039525e+02
110.001570880767829	3.039567e+02
111.001639397267027	3.039605e+02
112.001691850402395	3.039640e+02
113.001723550038278	3.039672e+02
114.001722531996805	3.039699e+02
115.001688189451627	3.039721e+02
116.001613455088133	3.039736e+02
117.001515885901682	3.039744e+02
118.001399825818325	3.039743e+02
119.00127979677535	3.039734e+02
120.001166177764588	3.039718e+02
121.001081732862403	3.039694e+02
122.001048584949245	3.039663e+02
123.001071870744425	3.039624e+02
124.001154706657402	3.039578e+02
125.001275712311497	3.039524e+02
126.001409099885151	3.039460e+02
127.001505571405914	3.039387e+02
128.001520918692876	3.039307e+02
129.001402911285169	3.039221e+02
130.001116511936488	3.039133e+02
131.000614246332248	3.039044e+02
131.999921018561707	3.038956e+02
133.002057892161417	3.038870e+02
134.001047481116501	3.038787e+02
134.999918542921648	3.038709e+02
136.001802808679997	3.038643e+02
137.000722192789738	3.038592e+02
137.999722857611772	3.038560e+02
139.001822047630924	3.038547e+02
140.001006477596889	3.038549e+02
141.000279937221819	3.038563e+02
141.999610839514531	3.038587e+02
143.002000997207233	3.038621e+02
144.001416430672435	3.038666e+02
145.000845281827281	3.038722e+02
146.000219852035571	3.038791e+02
146.999516132038053	3.038874e+02
148.001580804985281	3.038977e+02
149.00037623196738	3.039105e+02
150.002041994228136	3.039267e+02
151.000659972712299	3.039470e+02
151.999442445215436	3.039718e+02
153.001677289877819	3.040008e+02
154.00172177073722	3.040341e+02
154.999891828328799	3.040680e+02
155.999586603544287	3.041023e+02
157.001135382558516	3.041342e+02
158.001515024317882	3.041609e+02
159.000452904609233	3.041806e+02
160.000936841011566	3.041932e+02
160.999840760413548	3.041995e+02
162.000128449045548	3.042000e+02
163.001721118222179	3.041957e+02
164.001466615174991	3.041879e+02
164.999469516720637	3.041774e+02
166.001895769050151	3.041654e+02
166.999623230678878	3.041532e+02
168.001980176455106	3.041414e+02
168.999797111832464	3.041308e+02
169.999327931056797	3.041214e+02
171.000741704657912	3.041131e+02
172.000933317836058	3.041054e+02
172.999858258248878	3.040979e+02
174.000459309810481	3.040901e+02
174.999230964081022	3.040817e+02
176.001823974840363	3.040725e+02
177.001677528293413	3.040624e+02
178.001897432278639	3.040515e+02
178.999477284530741	3.040405e+02
180.000876929608779	3.040300e+02
181.000129702013908	3.040209e+02
182.000620718633769	3.040134e+02
182.999341833524653	3.040076e+02
183.999269602900625	3.040030e+02
185.000290159403136	3.039990e+02
185.999138254646653	3.039949e+02
187.00192819901423	3.039897e+02
188.002100753132737	3.039827e+02
188.999401948011354	3.039735e+02
190.000009576696584	3.039620e+02
191.000602512052552	3.039485e+02
192.000903248552049	3.039337e+02
193.000646632122681	3.039181e+02
193.999514181629451	3.039019e+02
195.000731162499932	3.038847e+02
196.001754937982156	3.038662e+02
197.000071045045672	3.038455e+02
198.002007170686312	3.038210e+02
199.000916881997426	3.037908e+02
199.999612353780066	3.037535e+02
201.001058917549273	3.037083e+02
202.002077889812654	3.036554e+02
202.99938204591723	3.035956e+02
204.002095543813795	3.035305e+02
205.000992474260471	3.034644e+02
205.999660504312885	3.033997e+02
207.001238886837569	3.033361e+02
207.999298004801517	3.032714e+02
208.999745348981605	3.032018e+02
210.001458903139991	3.031238e+02
211.000242198910087	3.030390e+02
212.001905389240108	3.029522e+02
213.000223120931452	3.028679e+02
214.001889103766104	3.027935e+02
215.001311938262972	3.027392e+02
216.001580318367957	3.027029e+02
217.001009526045266	3.026809e+02
218.001233887792552	3.026767e+02
219.000201883343749	3.026817e+02
220.000910902737701	3.026820e+02
220.999826318389324	3.026826e+02
221.999484042010948	3.026897e+02
222.999573556478197	3.026868e+02
223.999571260102471	3.026758e+02
224.999167544001807	3.026685e+02
226.001862355567113	3.026496e+02
227.00167849316307	3.026097e+02
228.001230841940497	3.025713e+02
229.000424212989913	3.025367e+02
229.99931272453972	3.024786e+02
231.00035149821332	3.024098e+02
232.000417678477731	3.023572e+02
232.999637483021473	3.023054e+02
234.000027860813049	3.022452e+02
235.001748350051628	3.021984e+02
235.999212579281817	3.021658e+02
237.000768684014673	3.021299e+02
238.000500060854421	3.021030e+02
238.999379413751882	3.020924e+02
240.000061065156473	3.020876e+02
240.999783874352488	3.020886e+02
241.999217412811873	3.021024e+02
243.001333347997786	3.021238e+02
244.000329816981377	3.021472e+02
244.999756118580478	3.021732e+02
245.999764393046519	3.022028e+02
247.000524241728925	3.022337e+02
247.999354188237049	3.022637e+02
248.999494081416515	3.022914e+02
250.001110696175971	3.023167e+02
251.001532993736845	3.023404e+02
252.000921614597075	3.023648e+02
252.999282849031687	3.023893e+02
253.999850497343544	3.024138e+02
255.00004543105274	3.024386e+02
256.000365920649983	3.024608e+02
257.001261638921392	3.024817e+02
257.999548103657958	3.025076e+02
258.99971364117971	3.025473e+02
260.002149025808819	3.026012e+02
261.000921947821837	3.026576e+02
261.99950686948381	3.027059e+02
263.001191272204949	3.027431e+02
263.999778419957408	3.027719e+02
265.00119059435292	3.027940e+02
265.999549940802126	3.028090e+02
267.000749356106553	3.028147e+02
268.000742203287302	3.028053e+02
269.00002621556996	3.027733e+02
270.002192130799926	3.027133e+02
271.001116008764257	3.026294e+02
271.999828284674436	3.025305e+02
273.001202936759398	3.024335e+02
274.001992594249884	3.023528e+02
274.999358152233697	3.022961e+02
276.000078489080693	3.022652e+02
277.001423281625193	3.022640e+02
277.999774269456566	3.022931e+02
279.000338809060509	3.023352e+02
279.999803239072378	3.023535e+02
281.00199923250301	3.023276e+02
282.001237742896592	3.022673e+02
283.000845865006283	3.021906e+02
284.000919283847736	3.021171e+02
285.001505169815289	3.020639e+02
286.001983379887918	3.020324e+02
287.000860649189406	3.020099e+02
287.99976925718363	3.019848e+02
289.001216652992298	3.019592e+02
289.999289276536729	3.019396e+02
291.001202684429529	3.019252e+02
292.001880769330967	3.019139e+02
293.001939873465119	3.019029e+02
294.001406762787269	3.018867e+02
294.999860841462578	3.018670e+02
296.00082332633508	3.018522e+02
296.999440942767023	3.018448e+02
297.999750996092871	3.018417e+02
299.001606963360757	3.018402e+02
300.00096349475109	3.018357e+02
300.999913314513492	3.018202e+02
302.001050523417859	3.017886e+02
303.001211162612037	3.017472e+02
304.000530831946662	3.017089e+02
304.999600659278087	3.016820e+02
306.001009509919697	3.016704e+02
307.001474429075984	3.016670e+02
308.001896955747839	3.016619e+02
309.00215953038952	3.016548e+02
310.002016522719316	3.016504e+02
311.002156067684552	3.016520e+02
312.000057874843549	3.016603e+02
313.001700906769599	3.016686e+02
314.000664442998186	3.016704e+02
314.99977162945703	3.016632e+02
316.001939997220234	3.016487e+02
317.000997667292268	3.016292e+02
317.999963426011846	3.016069e+02
319.001791186184562	3.015844e+02
320.000219021556404	3.015646e+02
321.001332443899855	3.015484e+02
322.002120766446581	3.015339e+02
322.999613956139115	3.015193e+02
324.000053809379779	3.015062e+02
325.000468122121561	3.014974e+02
326.000890696256192	3.014947e+02
327.001340404046516	3.014969e+02
328.00182603880279	3.015001e+02
328.999278542550144	3.015009e+02
329.999826816678308	3.014985e+02
331.000443477589613	3.014941e+02
332.001169817488744	3.014888e+02
333.002032037401875	3.014832e+02
333.999965515217639	3.014772e+02
335.001063632408773	3.014699e+02
335.999158109576854	3.014612e+02
337.000345463513611	3.014519e+02
338.001581848732201	3.014432e+02
338.999866861473265	3.014355e+02
340.001419974520957	3.014295e+02
341.000218753709873	3.014254e+02
341.99940043036537	3.014231e+02
343.002081691835315	3.014231e+02
344.002165716201716	3.014242e+02
344.999681204456522	3.014245e+02
346.000781392031456	3.014236e+02
346.999334514526993	3.014221e+02
348.001509094679818	3.014210e+02
349.001161782293025	3.014208e+02
350.001326394200078	3.014208e+02
351.001923782794222	3.014211e+02
351.999787371269576	3.014209e+02
353.00099769186096	3.014186e+02
353.999316873669443	3.014131e+02
355.00082920103489	3.014047e+02
355.999300697844262	3.013945e+02
357.000823793166319	3.013823e+02
357.999158030478213	3.013682e+02
359.00039992939594	3.013522e+02
360.001480671131844	3.013345e+02
360.9992815597804	3.013152e+02
361.999832472127878	3.012956e+02
362.999959745167416	3.012779e+02
363.999605892666068	3.012631e+02
365.001835951716942	3.012513e+02
366.000550017272076	3.012422e+02
367.0018850279655	3.012342e+02
367.999670433758126	3.012271e+02
369.000128039733795	3.012209e+02
370.000214705158442	3.012156e+02
370.999868519623192	3.012096e+02
371.999156450469172	3.012022e+02
373.001216022510619	3.011942e+02
373.999974084365817	3.011860e+02
375.001560862041572	3.011772e+02
375.999861740929703	3.011688e+02
377.000967028724972	3.011622e+02
378.001810983407267	3.011575e+02
378.999377343020058	3.011530e+02
379.999844133061458	3.011468e+02
381.000195256176255	3.011393e+02
382.000470770755555	3.011315e+02
383.000719578955398	3.011238e+02
384.000990581364249	3.011158e+02
385.001323372423997	3.011077e+02
386.001754888625783	3.011003e+02
386.999259078537648	3.010932e+02
387.999985820435654	3.010864e+02
389.000904470221769	3.010802e+02
390.002048686420665	3.010754e+02
391.000391269022714	3.010722e+02
392.002080357299462	3.010702e+02
393.001021889200786	3.010696e+02
394.000313761127586	3.010713e+02
394.999966805718827	3.010756e+02
396.000000737495156	3.010825e+02
397.000431194506007	3.010912e+02
398.001243466568894	3.011004e+02
398.999326681304808	3.011089e+02
400.000751341692762	3.011164e+02
400.999281060359692	3.011222e+02
402.000994149161556	3.011256e+02
402.999669211328353	3.011252e+02
404.001383904857562	3.011201e+02
404.999927130870162	3.011101e+02
406.001391002587809	3.010967e+02
406.999601684736604	3.010809e+02
408.000681472226745	3.010629e+02
409.001550340285974	3.010436e+02
410.002200812724368	3.010253e+02
410.999564337494576	3.010095e+02
411.999771379263905	3.009970e+02
412.999742635731366	3.009878e+02
413.999472666726717	3.009812e+02
415.002027021528761	3.009766e+02
416.001265735712195	3.009731e+02
417.00027961065382	3.009697e+02
418.002168361128668	3.009645e+02
419.000830570643586	3.009583e+02
419.999348062550951	3.009529e+02
421.000807412155893	3.009479e+02
422.002161809745814	3.009427e+02
423.000363478224813	3.009378e+02
424.001518449690877	3.009343e+02
424.999464893304832	3.009322e+02
426.00030369292142	3.009289e+02
427.00099127452637	3.009223e+02
428.001568160606212	3.009130e+02
429.002064812169294	3.009042e+02
429.99944102865561	3.008973e+02
430.999824061049083	3.008900e+02
432.000154087404724	3.008796e+02
433.000424325204449	3.008646e+02
434.00062092770537	3.008482e+02
435.000747573658373	3.008340e+02
436.00084101232062	3.008220e+02
437.000947099993482	3.008115e+02
438.001104957034727	3.008025e+02
439.001372516108916	3.007950e+02
440.001793093184403	3.007898e+02
440.999341095092859	3.007871e+02
442.000174895068085	3.007870e+02
443.001292886892941	3.007896e+02
443.999676892359332	3.007954e+02
445.001468249921118	3.008052e+02
446.0005412841561	3.008186e+02
446.999933551698859	3.008326e+02
447.99957269268856	3.008434e+02
448.99935313418041	3.008494e+02
449.99913949586778	3.008495e+02
451.001905425055099	3.008439e+02
452.001449724326449	3.008335e+02
453.000827018742655	3.008187e+02
454.000060016313171	3.007992e+02
455.002198157437931	3.007764e+02
456.001073655338701	3.007528e+02
456.999732738333421	3.007288e+02
458.00123783219243	3.007045e+02
458.999413706459279	3.006836e+02
460.000163836696743	3.006687e+02
461.000336822645636	3.006588e+02
462.000008779407551	3.006520e+02
462.999244201045997	3.006473e+02
464.001249828436698	3.006429e+02
465.000203846986892	3.006380e+02
465.999385247298903	3.006367e+02
467.001996124994605	3.006375e+02
468.001911059253757	3.006396e+02
469.002115217306198	3.006431e+02
469.999556206629677	3.006482e+02
471.000370882605068	3.006583e+02
472.001484397526838	3.006752e+02
472.999698394739198	3.006946e+02
474.000987097669451	3.007059e+02
475.002187011345541	3.007010e+02
476.000185397848838	3.006837e+02
477.001116975836737	3.006637e+02
478.001946023577034	3.006453e+02
478.999609814288533	3.006260e+02
480.000200582974514	3.006014e+02
481.000640765223636	3.005701e+02
482.000880314070741	3.005358e+02
483.000829945069484	3.005055e+02
484.000391984001851	3.004818e+02
484.999473983508892	3.004629e+02
486.001053223926704	3.004464e+02
487.002066538891711	3.004317e+02
487.999538386941651	3.004208e+02
488.999719400701622	3.004153e+02
489.999787496733063	3.004175e+02
490.999996222002039	3.004259e+02
492.000537937488446	3.004379e+02
493.001528185545851	3.004564e+02
494.000043348333691	3.004825e+02
494.999208302570253	3.005105e+02
496.002054096217819	3.005369e+02
496.999285033710748	3.005616e+02
497.999897188854902	3.005834e+02
499.000681167292043	3.005943e+02
500.001558474786805	3.005876e+02
500.999446010016641	3.005670e+02
502.000461577364092	3.005416e+02
503.001519412383175	3.005146e+02
503.999515874213841	3.004829e+02
505.000534591473297	3.004431e+02
506.001509888547616	3.003991e+02
507.002099204861224	3.003592e+02
508.001952459607026	3.003273e+02
509.000755663345956	3.003024e+02
510.001486862218997	3.002826e+02
511.001232487120603	3.002681e+02
512.000177563831585	3.002579e+02
513.001789287909901	3.002503e+02
514.00046415512486	3.002479e+02
514.99955479442508	3.002528e+02
515.999219044049141	3.002647e+02
516.999511772298206	3.002853e+02
518.000472374905598	3.003141e+02
519.002131619636771	3.003451e+02
520.001384632439681	3.003759e+02
521.001150454765366	3.004081e+02
522.001295794907037	3.004367e+02
523.001754521802923	3.004515e+02
523.999434406018167	3.004481e+02
525.000470145184181	3.004312e+02
526.001803413179573	3.004091e+02
527.000354396031071	3.003829e+02
527.99915328792224	3.003464e+02
529.001163035952914	3.003002e+02
529.999964345861144	3.002507e+02
531.0012454994461	3.002015e+02
532.001321133686361	3.001570e+02
532.999861796665527	3.001204e+02
534.000023953975301	3.000913e+02
535.001875234300201	3.000675e+02
535.99940115798131	3.000468e+02
536.99917090518386	3.000321e+02
538.001702907333424	3.000255e+02
539.001307213403038	3.000274e+02
540.001295571197147	3.000426e+02
541.001852747266639	3.000714e+02
542.000113862146009	3.001079e+02
542.99925261236649	3.001478e+02
543.999244945956434	3.001903e+02
544.999955860121077	3.002343e+02
546.001297232400361	3.002702e+02
547.000192963765812	3.002923e+02
547.999705276214399	3.003021e+02
548.9999173700038	3.002965e+02
550.000837994252493	3.002799e+02
550.999345650914734	3.002570e+02
552.001515635922487	3.002206e+02
553.001105488295934	3.001697e+02
554.00082469309541	3.001120e+02
555.000167760328509	3.000526e+02
556.001365889407907	2.999945e+02
557.000740602278597	2.999437e+02
558.001320209851997	2.999011e+02
559.000110213892867	2.998649e+02
560.000262559516386	2.998358e+02
560.99926184051003	2.998149e+02
562.0006160463181	2.998025e+02
563.00174009765351	2.998029e+02
564.00014104622926	2.998189e+02
564.999154569082179	2.998521e+02
566.001965079634488	2.998954e+02
566.999655573543009	2.999400e+02
568.001384470371249	2.999882e+02
569.000945280324004	3.000396e+02
570.001321185949223	3.000791e+02
570.999458110319438	3.001017e+02
572.001425298497111	3.001163e+02
573.001173122025079	3.001206e+02
574.001841467247459	3.001093e+02
575.000341047316283	3.000838e+02
575.999699363241348	3.000447e+02
576.999717356763654	2.999966e+02
577.999989358568769	2.999434e+02
578.999885849153543	2.998870e+02
580.001639232646653	2.998294e+02
581.001398899649303	2.997775e+02
582.001953020691985	2.997354e+02
583.000404394710699	2.997026e+02
584.000040789207219	2.996797e+02
585.000977102296929	2.996699e+02
586.000530345756715	2.996716e+02
586.999390607787518	2.996869e+02
588.001144122878259	2.997186e+02
589.000134475393111	2.997632e+02
589.999604690043157	2.998172e+02
590.999772563084207	2.998762e+02
592.000714664528573	2.999379e+02
592.999309139145566	3.000017e+02
594.001520821552276	3.000606e+02
595.001288064761411	3.001068e+02
596.001723137116073	3.001389e+02
596.999821477810087	3.001577e+02
598.00163901190831	3.001697e+02
599.001081933450678	3.001788e+02
600.001234037939525	3.001773e+02
601.001940910154531	3.001591e+02
601.999837888485331	3.001320e+02
603.00074770668266	3.001077e+02
604.001417181059651	3.000887e+02
605.001687215290872	3.000726e+02
606.001423520980666	3.000592e+02
607.000513557763156	3.000521e+02
608.00201169442164	3.000545e+02
609.000056043756331	3.000630e+02
610.001065509754426	3.000746e+02
610.999322067287608	3.000926e+02
612.001290099475682	3.001194e+02
613.00120910368264	3.001531e+02
613.999153626805764	3.001923e+02
615.001215520064648	3.002377e+02
616.001098613251429	3.002873e+02
617.001642391969199	3.003393e+02
617.999697263319149	3.003916e+02
619.001421452946829	3.004392e+02
620.000708426598749	3.004772e+02
621.000582813967867	3.005071e+02
622.001112512948225	3.005296e+02
622.999333074703259	3.005416e+02
624.001526337826249	3.005432e+02
625.001797992750539	3.005372e+02
626.00046178708601	3.005243e+02
627.000823918297669	3.005059e+02
627.99971611159765	3.004879e+02
629.000134610487748	3.004801e+02
630.001969376633838	3.004871e+02
631.002048189577636	3.005054e+02
632.0004285707289	3.005296e+02
633.000140181323104	3.005566e+02
634.000770489483443	3.005841e+02
635.001598749550453	3.006090e+02
636.002066656809347	3.006293e+02
637.001786905906442	3.006444e+02
637.999504703499269	3.006531e+02
639.000633690830796	3.006550e+02
639.99918786834246	3.006507e+02
641.001685653684603	3.006390e+02
641.999542269594372	3.006137e+02
642.999953332245013	3.005682e+02
644.000576416523131	3.005152e+02
645.001570642922729	3.004814e+02
645.999643539166868	3.004833e+02
647.000897338513028	3.005180e+02
647.999393108298932	3.005724e+02
649.001851529181295	3.006321e+02
649.999539178774853	3.006818e+02
651.001794109835942	3.007163e+02
651.999859218567849	3.007393e+02
652.999544433281699	3.007542e+02
653.999801568561224	3.007636e+02
654.999489441358605	3.007671e+02
656.000943333250348	3.007648e+02
657.000535376491371	3.007588e+02
658.000870871285201	3.007514e+02
659.001878863745446	3.007458e+02
660.001233104330709	3.007445e+02
661.000437464629726	3.007458e+02
662.001318534737948	3.007426e+02
662.9991663123335	3.007286e+02
664.000285830275857	3.007072e+02
665.000884472697294	3.006937e+02
666.000710235087126	3.007014e+02
667.000122997112726	3.007292e+02
668.001635112096551	3.007657e+02
669.000913257929483	3.007980e+02
669.999420760518205	3.008190e+02
670.999287944031153	3.008296e+02
672.002072327780297	3.008350e+02
673.000725547593561	3.008412e+02
674.001820541744451	3.008521e+02
675.000683714600314	3.008696e+02
675.999399580010731	3.008923e+02
677.002156536049142	3.009144e+02
678.000592297521962	3.009272e+02
679.002148617484863	3.009279e+02
680.001784788341638	3.009182e+02
680.999746126992932	3.009005e+02
682.001551099061089	3.008783e+02
683.001957194035526	3.008592e+02
683.99943363886166	3.008536e+02
684.999119040938353	3.008685e+02
686.000169280818113	3.009033e+02
687.000927326243527	3.009511e+02
688.001734230271609	3.010032e+02
689.000385540699199	3.010523e+02
690.000102986032516	3.010953e+02
691.000584174011692	3.011330e+02
692.001278119513586	3.011677e+02
692.998810184072113	3.012012e+02
694.000540359068509	3.012345e+02
694.999010773474538	3.012675e+02
695.999565635484373	3.012988e+02
697.001150977339762	3.013244e+02
698.001398222010494	3.013398e+02
698.999725805045159	3.013426e+02
700.001498724736734	3.013355e+02
700.999760782747671	3.013245e+02
702.00030560611242	3.013171e+02
703.001545842853716	3.013208e+02
703.998546867952086	3.013411e+02
705.000921811799685	3.013770e+02
705.99962011738819	3.014210e+02
706.999650543847679	3.014660e+02
708.000666672426519	3.015096e+02
708.999237894717226	3.015531e+02
710.001269207781093	3.015988e+02
711.00068407292008	3.016466e+02
711.999619119693762	3.016952e+02
713.000526590509253	3.017414e+02
713.998803280099537	3.017810e+02
715.000794775426357	3.018097e+02
715.999806607808409	3.018251e+02
717.001147277659015	3.018283e+02
717.999618727621851	3.018231e+02
719.001377582509349	3.018144e+02
719.999845347823111	3.018076e+02
721.000439443962705	3.018072e+02
721.998876129608675	3.018157e+02
722.998944888288406	3.018336e+02
724.00114311208813	3.018603e+02
724.998866032413844	3.018955e+02
726.001106170699586	3.019379e+02
727.001242939658482	3.019855e+02
727.999926591871031	3.020361e+02
728.998559988906209	3.020870e+02
730.001622066776122	3.021346e+02
731.000663074018917	3.021738e+02
731.999073254380278	3.022014e+02
732.999937744622798	3.022158e+02
733.999652488256629	3.022179e+02
735.000101756232084	3.022110e+02
735.999935767415082	3.022004e+02
737.001555677275633	3.021921e+02
737.998609831378303	3.021911e+02
739.000917515005426	3.021997e+02
739.999579389089149	3.022190e+02
741.000865824989205	3.022486e+02
742.001221721286811	3.022872e+02
742.9998251475198	3.023330e+02
743.999381362686222	3.023840e+02
745.000661640020667	3.024366e+02
745.999052092078955	3.024856e+02
746.999024049784566	3.025253e+02
748.001289256029395	3.025513e+02
748.99998594164947	3.025623e+02
750.000493470887022	3.025599e+02
751.00118734312548	3.025481e+02
752.000933119647812	3.025322e+02
752.998936581822591	3.025191e+02
754.001276251013905	3.025153e+02
754.999151737409875	3.025257e+02
755.999553005113967	3.025523e+02
756.999766152413599	3.025942e+02
757.999815231926959	3.026479e+02
758.999249365374908	3.027088e+02
760.00074675962378	3.027716e+02
761.001075912032888	3.028309e+02
762.000603060413027	3.028816e+02
763.000135315137868	3.029194e+02
764.000348738217554	3.029411e+02
765.001515277069643	3.029460e+02
766.000180917357966	3.029368e+02
766.998575464161149	3.029201e+02
767.998928480878021	3.029039e+02
769.0008602609538	3.028948e+02
770.001352425349751	3.028964e+02
771.000882636136907	3.029107e+02
771.999918369505622	3.029397e+02
772.998806968452868	3.029829e+02
774.000941714459373	3.030367e+02
775.000334162326453	3.030947e+02
776.000158078921004	3.031506e+02
777.000362560647091	3.032001e+02
778.000837514654791	3.032411e+02
779.001444253866225	3.032733e+02
779.998932096626277	3.032971e+02
780.999294900777159	3.033145e+02
781.999342827852388	3.033281e+02
782.999108211269913	3.033415e+02
783.998685302788545	3.033579e+02
785.001268894906502	3.033788e+02
786.000626433951197	3.034038e+02
786.999811633585182	3.034314e+02
787.998820800601152	3.034603e+02
789.000829230188174	3.034896e+02
789.999847145920967	3.035183e+02
790.999171168364683	3.035459e+02
791.99902125678841	3.035722e+02
792.999571968755276	3.035971e+02
794.000942685735822	3.036210e+02
795.000039267211605	3.036442e+02
795.999824847008995	3.036671e+02
797.00004227907823	3.036899e+02
798.000352229098212	3.037129e+02
799.000463290113203	3.037358e+02
800.000268040779247	3.037587e+02
800.999871383825734	3.037816e+02
801.999438918668716	3.038048e+02
802.999162635716857	3.038285e+02
803.999150184644463	3.038523e+02
804.999489574434278	3.038760e+02
806.000217659127884	3.038992e+02
807.001365643889585	3.039216e+02
807.99976032352879	3.039431e+02
809.001484647565803	3.039634e+02
810.000193134515371	3.039826e+02
810.998851293064718	3.040009e+02
812.000488119036959	3.040185e+02
812.998858862165093	3.040357e+02
814.000173863743385	3.040529e+02
815.001341913480928	3.040701e+02
815.999389005496141	3.040874e+02
817.000736505305099	3.041050e+02
817.999345361780456	3.041227e+02
819.001619323223736	3.041405e+02
820.001459451422306	3.041585e+02
820.998791650032786	3.041766e+02
821.999835648828935	3.041949e+02
823.001443597258117	3.042135e+02
824.000479166678019	3.042323e+02
825.000061539974695	3.042514e+02
826.000154788647023	3.042708e+02
827.000746153186583	3.042902e+02
827.998702254763771	3.043097e+02
829.000257981022514	3.043291e+02
829.999128928896084	3.043482e+02
831.001489294805879	3.043670e+02
832.000998249167878	3.043854e+02
833.00071269008447	3.044031e+02
834.000566630974504	3.044204e+02
835.000478943295093	3.044371e+02
836.000322319766724	3.044531e+02
836.999960958526117	3.044685e+02
837.999563778135894	3.044833e+02
838.999168539985249	3.044973e+02
839.998830256297879	3.045106e+02
840.998615871871266	3.045229e+02
842.00153524296104	3.045343e+02
843.001203686922736	3.045446e+02
844.000720130980653	3.045536e+02
845.000127664575871	3.045613e+02
845.999454980046153	3.045674e+02
846.998688989041057	3.045718e+02
848.000944380996543	3.045745e+02
848.999961869892672	3.045755e+02
849.998889864095986	3.045746e+02
851.000849864152087	3.045716e+02
851.999601594189471	3.045666e+02
853.001515988440019	3.045595e+02
854.000482909667198	3.045509e+02
854.999656519237647	3.045410e+02
855.99893769661162	3.045303e+02
857.001409319402342	3.045190e+02
858.000850150787869	3.045076e+02
859.00046238222626	3.044962e+02
860.000338609620371	3.044854e+02
861.00055942064489	3.044755e+02
862.00111120017948	3.044665e+02
862.998744885252336	3.044582e+02
863.999562963220342	3.044501e+02
865.000333438597977	3.044416e+02
866.000718484703725	3.044319e+02
867.000381215335096	3.044200e+02
867.999326859724874	3.044053e+02
869.000831713809248	3.043873e+02
869.998731560339024	3.043653e+02
870.99914408124846	3.043380e+02
871.998948856785773	3.043045e+02
873.001251550978509	3.042649e+02
873.999438886644043	3.042219e+02
874.999250714949312	3.041796e+02
876.000331079936132	3.041428e+02
876.999152904660036	3.041139e+02
877.999109606079287	3.040922e+02
879.001226105603337	3.040745e+02
880.000590679232914	3.040575e+02
881.001133877869847	3.040373e+02
882.000326707818431	3.040109e+02
882.998714442753908	3.039744e+02
883.999566477270491	3.039253e+02
884.999493633542215	3.038662e+02
886.001481871908709	3.038034e+02
886.999074026412359	3.037445e+02
888.001361691307693	3.036962e+02
888.998687333536395	3.036642e+02
889.999823340214903	3.036489e+02
891.000206741294278	3.036499e+02
892.001524768773493	3.036674e+02
892.999632733533304	3.036972e+02
893.998726334299249	3.037277e+02
895.001251636017628	3.037506e+02
895.99966766697446	3.037441e+02
897.000914273651915	3.036751e+02
897.99999523874294	3.035698e+02
899.0009590909807	3.034771e+02
900.002533407159831	3.034174e+02
901.001649579413879	3.033907e+02
902.002471845652622	3.033927e+02
903.00037772942153	3.034207e+02
904.002809723267433	3.034668e+02
904.999844958107929	3.035154e+02
905.999949295843749	3.035478e+02
907.000155261807322	3.035537e+02
908.000934451877697	3.035458e+02
909.002379459235726	3.035405e+02
910.001638080394969	3.035376e+02
911.001827591161145	3.035360e+02
912.002161111704822	3.035371e+02
913.000765935814343	3.035318e+02
914.00165379520945	3.035108e+02
915.000358634693953	3.034761e+02
916.000415810124309	3.034330e+02
917.000395916998968	3.033853e+02
918.002309347195592	3.033349e+02
919.001983037054401	3.032819e+02
920.000819481782173	3.032284e+02
921.002363494914448	3.031886e+02
922.000424353145945	3.031743e+02
923.000934642643074	3.031847e+02
923.999918588887567	3.032086e+02
925.002704718492851	3.032360e+02
926.002696914486023	3.032591e+02
927.000086321054596	3.032682e+02
928.001570287640334	3.032592e+02
929.001356130118779	3.032443e+02
930.002757190745569	3.032364e+02
931.001760013499052	3.032405e+02
932.002496640296386	3.032536e+02
933.002770722993091	3.032675e+02
934.001672547361977	3.032724e+02
935.002710266781264	3.032630e+02
936.00106170196193	3.032421e+02
937.001629816131526	3.032135e+02
938.000011724101114	3.031824e+02
939.000753615218969	3.031511e+02
940.001324817527461	3.031160e+02
941.001376824560111	3.030825e+02
942.000125615014554	3.030628e+02
943.000197233623226	3.030562e+02
944.001130840733822	3.030540e+02
945.002318494277233	3.030543e+02
946.000805384652267	3.030559e+02
946.999714333007546	3.030480e+02
948.002760436780932	3.030149e+02
949.000758457107054	3.029608e+02
950.00223440455909	3.028967e+02
950.999915305136028	3.028341e+02
952.002573059240035	3.027739e+02
953.00053643081435	3.027138e+02
953.999817725775301	3.026618e+02
955.000153551236735	3.026342e+02
956.001840701625952	3.026345e+02
957.002536753901836	3.026526e+02
958.002165369327372	3.026758e+02
959.000503621906432	3.026913e+02
960.001241601802349	3.026936e+02
961.00182415570373	3.026884e+02
962.002592048212477	3.026805e+02
963.000411513570498	3.026702e+02
964.001559919866963	3.026605e+02
964.999976972483296	3.026560e+02
966.001702405227775	3.026584e+02
967.000423207178301	3.026655e+02
968.002449167759096	3.026730e+02
969.001325984307641	3.026778e+02
970.002787921842923	3.026796e+02
971.000498195595242	3.026786e+02
972.000557081489774	3.026733e+02
973.002773597749297	3.026616e+02
974.000960477842796	3.026425e+02
975.001521410670648	3.026149e+02
976.001501783840467	3.025788e+02
977.001246241214403	3.025387e+02
978.001257707352806	3.024998e+02
979.001443710795343	3.024663e+02
980.001400281347969	3.024380e+02
981.000942252669802	3.024111e+02
982.000325255523308	3.023846e+02
983.002051484773006	3.023559e+02
984.002475988165884	3.023245e+02
985.002399010116505	3.022979e+02
986.001696966776649	3.022811e+02
986.999810322073017	3.022698e+02
988.00028649169144	3.022666e+02
989.000575804539949	3.022741e+02
990.000659609601257	3.022837e+02
991.000399298362254	3.022926e+02
991.999760921102165	3.023050e+02
993.001898745707194	3.023188e+02
994.000751777808432	3.023263e+02
995.002420509873673	3.023252e+02
996.000894017395353	3.023163e+02
997.002382656525015	3.022989e+02
998.000783479693723	3.022772e+02
999.0022674974648	3.022566e+02
1000.00085560744344	3.022374e+02
1001.00269509692077	3.022170e+02
1002.00166098345005	3.021968e+02
1003.00085863865502	3.021796e+02
1004.0003809664006	3.021644e+02
1005.00023397706707	3.021491e+02
1006.00038472691654	3.021363e+02
1007.00089075079302	3.021285e+02
1008.00176095633424	3.021237e+02
1008.99992234894955	3.021205e+02
1010.00150286438907	3.021200e+02
1011.00038192940849	3.021221e+02
1012.00263615528706	3.021251e+02
1013.00207769701899	3.021290e+02
1014.00173122067895	3.021332e+02
1015.00156740682974	3.021360e+02
1016.00158130024272	3.021375e+02
1017.00179324869418	3.021375e+02
1018.00220893405492	3.021351e+02
1018.99974171588326	3.021292e+02
1020.00057108310989	3.021189e+02
1021.00167020718982	3.021042e+02
1022.00001975314728	3.020868e+02
1023.00181891413922	3.020684e+02
1024.00096705349142	3.020517e+02
1025.00056589157703	3.020374e+02
1026.00061973882362	3.020254e+02
1027.00108111665872	3.020175e+02
1028.00189527269936	3.020149e+02
1028.99992399226335	3.020167e+02
1030.00124467002433	3.020208e+02
1031.00267731200938	3.020267e+02
1032.00105218086173	3.020345e+02
1033.00243969772782	3.020426e+02
1034.00061470947526	3.020484e+02
1035.00168359888221	3.020499e+02
1036.00249860069925	3.020467e+02
1036.99987937622768	3.020402e+02
1037.99987311999075	3.020327e+02
1039.0024032708186	3.020229e+02
1040.00135392480797	3.020061e+02
1040.999878712493	3.019822e+02
1042.00111745941422	3.019573e+02
1043.00206369308444	3.019364e+02
1044.00276709446734	3.019198e+02
1045.00018848085483	3.019065e+02
1046.00048858662194	3.018953e+02
1047.00049681895553	3.018862e+02
1048.00020112822381	3.018807e+02
1049.00268013289315	3.018805e+02
1050.00182109680622	3.018836e+02
1051.00087224398112	3.018863e+02
1051.99989462314875	3.018880e+02
1053.00187506253587	3.018889e+02
1054.00076610413726	3.018865e+02
1054.99973184103737	3.018807e+02
1056.00183053408614	3.018758e+02
1057.00089182120632	3.018758e+02
1057.99995816247588	3.018819e+02
1059.00213397608672	3.018922e+02
1060.00138246242204	3.019027e+02
1061.00080597989427	3.019093e+02
1062.00038595797014	3.019134e+02
1063.00010507932257	3.019179e+02
1063.99993240368121	3.019208e+02
1064.99983997466506	3.019182e+02
1065.99983784852839	3.019076e+02
1066.99997036446234	3.018903e+02
1068.00031321539632	3.018703e+02
1069.00093802167976	3.018514e+02
1070.00186504118665	3.018373e+02
1070.99999787082515	3.018281e+02
1072.00142011894172	3.018217e+02
1072.99992293207129	3.018160e+02
1074.00156718991116	3.018103e+02
1075.00010908368677	3.018061e+02
1076.00164440833282	3.018036e+02
1077.00001577052399	3.018001e+02
1078.00134937508915	3.017977e+02
1079.00261422088397	3.017999e+02
1080.0008004579272	3.018052e+02
1081.00203806036188	3.018112e+02
1082.0000936859808	3.018171e+02
1083.00099232441335	3.018238e+02
1084.00158448389084	3.018281e+02
1085.00184763915036	3.018248e+02
1086.00181224374819	3.018136e+02
1087.00150893746581	3.017996e+02
1088.00097722084752	3.017848e+02
1089.00023644996122	3.017675e+02
1090.00237091644681	3.017457e+02
1091.00128031511258	3.017203e+02
1092.00008777840162	3.016950e+02
1093.00193747221329	3.016725e+02
1094.00075467239367	3.016567e+02
1095.00269191563029	3.016488e+02
1096.00163632915996	3.016450e+02
1097.00066233535199	3.016415e+02
1097.99975699959123	3.016396e+02
1099.00197569590205	3.016396e+02
1100.00121817382069	3.016393e+02
1101.00051497928393	3.016396e+02
1101.99984050122021	3.016435e+02
1103.00230950820651	3.016508e+02
1104.00190742267068	3.016585e+02
1105.00168456578876	3.016684e+02
1106.00158856940266	3.016855e+02
1107.00157376966081	3.017059e+02
1108.00160616706557	3.017172e+02
1109.00165423799626	3.017139e+02
1110.00168722541184	3.017024e+02
1111.00167666294078	3.016904e+02
1112.00164100901338	3.016767e+02
1113.0016082368893	3.016542e+02
1114.0015811704302	3.016228e+02
1115.00158614022598	3.015887e+02
1116.00168214937594	3.015583e+02
1117.00178709406805	3.015361e+02
1118.00170395871783	3.015220e+02
1119.00131608142442	3.015135e+02
1120.00053988737955	3.015083e+02
1121.00244780601156	3.015033e+02
1122.00117117810055	3.014977e+02
1122.99996831972635	3.014919e+02
1124.00184955443547	3.014867e+02
1125.0008117509874	3.014857e+02
1126.00002150219325	3.014900e+02
1127.00255074076676	3.014993e+02
1128.00223106746057	3.015154e+02
1129.00200920869338	3.015416e+02
1130.00177712908544	3.015741e+02
1131.00147374108451	3.015975e+02
1132.00101893863257	3.015996e+02
1133.00041017420335	3.015856e+02
1134.00278128124137	3.015681e+02
1135.00207804170077	3.015479e+02
1136.00142492683199	3.015176e+02
1137.00087033014893	3.014759e+02
1138.00028922801084	3.014306e+02
1139.00244747980901	3.013918e+02
1140.0012223033134	3.013630e+02
1141.00237404415998	3.013413e+02
1142.00238371320052	3.013256e+02
1143.00166866327754	3.013170e+02
1144.00045207131211	3.013095e+02
1145.00140896645394	3.012941e+02
1146.00193472379215	3.012728e+02
1147.0024819924347	3.012557e+02
1148.0000594589801	3.012518e+02
1149.0007810781276	3.012553e+02
1150.00177227282438	3.012672e+02
1151.00016715046763	3.012922e+02
1152.00213740417257	3.013263e+02
1153.0015451623583	3.013649e+02
1154.00134472899663	3.014066e+02
1155.00153888477121	3.014405e+02
1156.00213266585183	3.014569e+02
1157.00006491856539	3.014572e+02
1158.00144956452573	3.014491e+02
1159.00018702758234	3.014360e+02
1160.00243290755111	3.014111e+02
1161.00199624302377	3.013739e+02
1162.00182318344082	3.013280e+02
1163.00178616921221	3.012775e+02
1164.00159441893129	3.012334e+02
1165.00091842607435	3.011998e+02
1166.00231310010463	3.011701e+02
1167.00246377691292	3.011422e+02
1168.00145692360547	3.011185e+02
1168.99942723795084	3.010975e+02
1169.99979268127572	3.010749e+02
1170.9998482534013	3.010561e+02
1171.99977573618571	3.010481e+02
1172.99970711423748	3.010533e+02
1173.99984895071702	3.010762e+02
1175.00048398354443	3.011130e+02
1176.0017852294759	3.011547e+02
1177.00067111765429	3.012000e+02
1178.00000052079463	3.012479e+02
1178.99964776748902	3.012870e+02
1179.9996500149507	3.013069e+02
1181.00011751790998	3.013055e+02
1182.00109274378019	3.012928e+02
1182.99953844046445	3.012758e+02
1184.00161975154674	3.012459e+02
1185.0010952845264	3.011993e+02
1186.00082077057436	3.011436e+02
1187.00052259694871	3.010883e+02
1187.99981967165877	3.010377e+02
1189.00100104239505	3.009962e+02
1190.00075818430082	3.009647e+02
1191.00229925142048	3.009386e+02
1192.00238138700774	3.009162e+02
1193.00115142059485	3.008923e+02
1194.00229233991195	3.008672e+02
1194.99991325910969	3.008493e+02
1196.00023564771027	3.008406e+02
1197.00049059507842	3.008451e+02
1198.00096832561576	3.008679e+02
1199.00196906711221	3.009052e+02
1200.00072330591365	3.009484e+02
1201.00032337418634	3.009975e+02
1202.00070921642305	3.010492e+02
1203.00178901727554	3.010907e+02
1204.00053344729099	3.011167e+02
1205.00006089014664	3.011260e+02
1206.00039809618579	3.011199e+02
1207.00151598089246	3.011063e+02
1208.00035781096744	3.010837e+02
1208.99987153087022	3.010452e+02
1209.99979481689934	3.009957e+02
1210.99990631732817	3.009428e+02
1211.99983363515344	3.008911e+02
1213.0017097821742	3.008448e+02
1214.0021506782607	3.008045e+02
1215.00116107686085	3.007675e+02
1216.00141195242895	3.007335e+02
1217.00038530247593	3.007020e+02
1218.00163738450669	3.006730e+02
1219.00191638025217	3.006518e+02
1220.00175449950575	3.006410e+02
1221.00164270278879	3.006465e+02
1222.00177634713282	3.006721e+02
1223.00238456964007	3.007104e+02
1224.00073988087343	3.007552e+02
1224.99994067277544	3.008066e+02
1225.99988755455593	3.008569e+02
1227.00052770662251	3.008943e+02
1228.00185086165811	3.009194e+02
1229.00085501987633	3.009338e+02
1230.00063862211573	3.009341e+02
1231.00120464337965	3.009229e+02
1231.99946905427805	3.009022e+02
1233.00143015099479	3.008692e+02
1234.00073198825248	3.008283e+02
1235.00016940806972	3.007836e+02
1236.00243736717289	3.007368e+02
1237.00067041578154	3.006923e+02
1238.00048635038979	3.006529e+02
1239.00190729616907	3.006148e+02
1240.00200350179421	3.005747e+02
1241.00072930942611	3.005357e+02
1242.00120417448375	3.005013e+02
1243.00079487614312	3.004738e+02
1244.00003539312388	3.004607e+02
1245.00239127967575	3.004653e+02
1246.00203964125558	3.004855e+02
1247.00225056698514	3.005183e+02
1248.00021967876341	3.005609e+02
1249.00209280594663	3.006113e+02
1250.0017432442155	3.006570e+02
1251.00223105776399	3.006878e+02
1252.00042478383716	3.007105e+02
1253.00236105416661	3.007320e+02
1254.00199279181561	3.007439e+02
1255.00239793528704	3.007405e+02
1256.0004753739197	3.007253e+02
1257.00226193670846	3.006999e+02
1258.00142996505519	3.006693e+02
1259.00078220803221	3.006347e+02
1259.99991128766237	3.005942e+02
1261.00125664209122	3.005483e+02
1262.00120878328926	3.005019e+02
1262.99986208942869	3.004577e+02
1264.00044668269834	3.004127e+02
1264.99972316733647	3.003671e+02
1266.0003879788535	3.003260e+02
1267.00033864845113	3.002950e+02
1267.99998568574119	3.002804e+02
1269.00241130910103	3.002832e+02
1270.00212418921797	3.003004e+02
1270.99949781502346	3.003304e+02
1272.00069961486156	3.003714e+02
1272.99960364584672	3.004171e+02
1274.00234622308585	3.004565e+02
1274.99986669649093	3.004833e+02
1276.00123938136585	3.005038e+02
1277.000207835541	3.005264e+02
1277.99978615834652	3.005459e+02
1278.99999296406304	3.005495e+02
1280.00078588853944	3.005350e+02
1281.00218925132981	3.005089e+02
1282.001000308627	3.004801e+02
1282.99989982189345	3.004517e+02
1284.00160128966195	3.004211e+02
1284.99949913572163	3.003836e+02
1285.99948525349669	3.003404e+02
1287.00143195195619	3.002975e+02
1288.0022296618929	3.002543e+02
1289.00193007721691	3.002094e+02
1290.00039502276127	3.001657e+02
1291.00113276644925	3.001316e+02
1292.00123467932281	3.001124e+02
1293.00090210048734	3.001063e+02
1294.00087284951906	3.001125e+02
1295.00153186770967	3.001343e+02
1295.99987680909931	3.001683e+02
1297.00202598392593	3.002055e+02
1298.00198132145988	3.002375e+02
1298.99978490434228	3.002639e+02
1300.00148177374126	3.002875e+02
1301.00084461737083	3.003106e+02
1302.0007922119737	3.003320e+02
1303.00126152487223	3.003424e+02
1304.00222154247763	3.003348e+02
1305.00055956380015	3.003139e+02
1306.00236143979669	3.002878e+02
1307.00113861308932	3.002606e+02
1307.99970352336413	3.002333e+02
1309.00082301903626	3.002036e+02
1310.00105060529063	3.001697e+02
1311.0001943644661	3.001292e+02
1312.00149514521718	3.000832e+02
1313.00181865880609	3.000385e+02
1314.00101850295437	2.999988e+02
1314.99966948671727	2.999661e+02
1316.00094251422252	2.999426e+02
1317.00175474054163	2.999289e+02
1317.99973445341038	2.999268e+02
1319.0011838583041	2.999381e+02
1320.00006145143266	2.999614e+02
1320.9998786588244	2.999883e+02
1322.00059475559601	3.000131e+02
1323.00210252745683	3.000359e+02
1324.00150249071521	3.000561e+02
1325.001828280268	3.000752e+02
1325.99982418465379	3.000946e+02
1327.00134061151948	3.001108e+02
1327.99995232619585	3.001139e+02
1329.00180752360143	3.000999e+02
1330.00047049555064	3.000769e+02
1331.00202380001542	3.000548e+02
1332.00022600971192	3.000338e+02
1333.00110556656159	3.000092e+02
1334.00157945354044	2.999799e+02
1335.00132119213072	2.999472e+02
1336.00020147994837	2.999111e+02
1337.00144249976211	2.998723e+02
1338.00187539297303	2.998363e+02
1339.00179980415351	2.998053e+02
1340.0016842205041	2.997797e+02
1341.00129452928695	2.997620e+02
1342.00090668375151	2.997536e+02
1343.00106692536019	2.997529e+02
1344.00164754809566	2.997590e+02
1344.9995518319779	2.997719e+02
1346.00117803193439	2.997907e+02
1347.00058294570135	2.998098e+02
1348.00065221684781	2.998257e+02
1349.00136195362552	2.998390e+02
1349.99964389572051	2.998517e+02
1351.00132676663816	2.998633e+02
1352.00010720266232	2.998680e+02
1353.00215635971608	2.998628e+02
1354.00093085089838	2.998505e+02
1355.00229045060428	2.998372e+02
1356.00039744744981	2.998234e+02
1357.00151050956129	2.998040e+02
1358.00223619059966	2.997769e+02
1358.99939708340594	2.997448e+02
1359.99940372392257	2.997108e+02
1361.00212330046543	2.996773e+02
1362.00134583883619	2.996461e+02
1363.00052368254137	2.996184e+02
1363.99970074483099	2.995957e+02
1365.00189773459147	2.995783e+02
1366.00131001497152	2.995655e+02
1367.00107700075932	2.995572e+02
1368.0010993491303	2.995538e+02
1369.00152064225426	2.995543e+02
1370.00242757796013	2.995577e+02
1371.00061275779763	2.995631e+02
1372.00225436233609	2.995700e+02
1373.00132172492476	2.995779e+02
1374.00072976524916	2.995851e+02
1375.00047486011385	2.995902e+02
1376.00057610548834	2.995927e+02
1377.00094119779419	2.995933e+02
1378.00147969323575	2.995915e+02
1379.00206281419082	2.995885e+02
1379.99960835852539	2.995856e+02
1381.00035315717696	2.995811e+02
1382.00117982417487	2.995727e+02
1383.00188842857392	2.995622e+02
1384.00238074751178	2.995531e+02
1384.99956844715962	2.995472e+02
1385.9995144857171	2.995445e+02
1387.00206609297879	2.995452e+02
1388.00113261640308	2.995490e+02
1388.99979272700102	2.995556e+02
1390.00100797844289	2.995647e+02
1391.00175440717067	2.995761e+02
1392.00207531668116	2.995896e+02
1393.00194194733967	2.996054e+02
1394.00136542118298	2.996229e+02
1395.00040574753643	2.996418e+02
1396.00215173643983	2.996615e+02
1397.00054185882527	2.996815e+02
1398.0017606700294	2.997017e+02
1398.99976246545953	2.997215e+02
1400.00067484689248	2.997405e+02
1401.00147965706424	2.997586e+02
1402.00219265735041	2.997755e+02
1402.99974176259661	2.997912e+02
1404.00022969408224	2.998055e+02
1405.00059873208011	2.998185e+02
1406.00078672673521	2.998299e+02
1407.0007648413191	2.998400e+02
1408.00052971976174	2.998492e+02
1409.00002698930848	2.998578e+02
1410.00228156024286	2.998663e+02
1411.00118097564541	2.998755e+02
1411.99975509059163	2.998860e+02
1413.00107292269581	2.998978e+02
1414.00213952720424	2.999106e+02
1414.99992407696914	2.999246e+02
1416.00048167130171	2.999410e+02
1417.00075655608157	2.999602e+02
1418.00076763720131	2.999812e+02
1419.000554672622	3.000026e+02
1420.00014793516266	3.000232e+02
1420.99955837955667	3.000422e+02
1422.00182019670569	3.000605e+02
1423.00086064730885	3.000790e+02
1423.99974808299248	3.000976e+02
1425.00155270657524	3.001156e+02
1426.00021303310587	3.001327e+02
1427.00180606315939	3.001496e+02
1428.00027117868967	3.001666e+02
1429.0017150724359	3.001835e+02
1430.00009498698455	3.002001e+02
1431.00148637769485	3.002166e+02
1431.99983459352961	3.002332e+02
1433.00122372700935	3.002500e+02
1433.99958504823076	3.002668e+02
1435.00099013086469	3.002836e+02
1436.00243049145433	3.003007e+02
1437.00092542327593	3.003183e+02
1437.99958640234604	3.003365e+02
1439.00155438035927	3.003555e+02
1440.0008606903175	3.003755e+02
1441.00067439768281	3.003965e+02
1442.00115921649444	3.004183e+02
1442.9994869696277	3.004409e+02
1444.00200200168956	3.004647e+02
1444.99983316629164	3.004896e+02
1446.00244001918691	3.005159e+02
1447.0009158599828	3.005434e+02
1448.00162168231577	3.005717e+02
1449.00147096406477	3.006004e+02
1450.00031629733826	3.006295e+02
1451.00110556522736	3.006596e+02
1452.00062725779549	3.006907e+02
1453.00189060908019	3.007228e+02
1454.00168470785093	3.007558e+02
1454.99982438806978	3.007890e+02
1456.00234023965163	3.008208e+02
1457.00247151166786	3.008492e+02
1457.99978250547156	3.008727e+02
1459.0000124022597	3.008898e+02
1459.9995264321692	3.008985e+02
1461.0012289927638	3.008983e+02
1462.00232118737358	3.008908e+02
1463.00029809577313	3.008780e+02
1464.00179723596398	3.008599e+02
1465.00072702734246	3.008388e+02
1466.00032453342374	3.008243e+02
1467.0007842909647	3.008259e+02
1468.00233265395582	3.008452e+02
1469.0024429164198	3.008759e+02
1470.00076987063153	3.009083e+02
1471.0020755894061	3.009343e+02
1472.00185651071888	3.009510e+02
1473.0019727176757	3.009605e+02
1474.0018970851163	3.009656e+02
1475.00196698163882	3.009686e+02
1476.00021590997676	3.009714e+02
1477.0006522291103	3.009747e+02
1478.00060194689854	3.009758e+02
1479.00007764097563	3.009689e+02
1479.99938356386815	3.009515e+02
1480.99952132620911	3.009340e+02
1482.00159064828904	3.009297e+02
1483.00023121288996	3.009413e+02
1483.99944084453546	3.009641e+02
1485.00228560442292	3.009911e+02
1486.00048169832712	3.010152e+02
1487.00101512764513	3.010306e+02
1487.99948263876536	3.010352e+02
1489.00164878039186	3.010304e+02
1490.00120211845046	3.010206e+02
1491.00149582673566	3.010115e+02
1491.99957597045659	3.010073e+02
1493.00217855849564	3.010099e+02
1494.00152038810575	3.010190e+02
1495.00232985045204	3.010326e+02
1495.99957868875367	3.010474e+02
1497.00041299866211	3.010598e+02
1498.00228026435752	3.010661e+02
1499.0019717056748	3.010650e+02
1499.99944198550452	3.010589e+02
1501.00197434916413	3.010533e+02
1502.00097798465208	3.010557e+02
1503.00095592908497	3.010718e+02
1504.00100045218869	3.011025e+02
1505.00138450374584	3.011432e+02
1505.99963133765618	3.011877e+02
1507.00218859816141	3.012335e+02
1508.00215459009792	3.012798e+02
1509.00145067798485	3.013271e+02
1510.0004111013784	3.013764e+02
1511.00043633165319	3.014279e+02
1512.00090013349381	3.014802e+02
1513.00150129576082	3.015299e+02
1514.00045613390421	3.015718e+02
1515.0004895439115	3.016003e+02
1516.00064640102619	3.016132e+02
1517.00025946888468	3.016129e+02
1518.00180260865295	3.016042e+02
1519.00094428725606	3.015933e+02
1519.99947743220218	3.015861e+02
1520.99967138157922	3.015874e+02
1522.00110347006535	3.015982e+02
1523.00085806139145	3.016157e+02
1524.00227354593676	3.016368e+02
1525.00214313299193	3.016600e+02
1526.00015786992503	3.016862e+02
1527.00225177713651	3.017172e+02
1528.0001851478421	3.017537e+02
1529.00168708036381	3.017960e+02
1530.00184077485028	3.018418e+02
1531.00138248521512	3.018881e+02
1532.00054613347834	3.019303e+02
1532.99935756371656	3.019639e+02
1534.00080229890591	3.019856e+02
1535.00063800180737	3.019951e+02
1536.00044809441829	3.019954e+02
1537.0024513020403	3.019916e+02
1538.00021715961134	3.019901e+02
1539.00022536233246	3.019959e+02
1539.99965146088675	3.020124e+02
1541.00160632775419	3.020412e+02
1542.00242846992796	3.020808e+02
1543.00146703839664	3.021281e+02
1544.00122770013149	3.021810e+02
1545.00229609782764	3.022368e+02
1546.00005043585611	3.022907e+02
1547.00231625834817	3.023370e+02
1548.00075620504799	3.023699e+02
1549.0018650204122	3.023861e+02
1550.00243819486718	3.023849e+02
1551.0020190543928	3.023692e+02
1552.00188377580912	3.023456e+02
1553.00061469208367	3.023234e+02
1554.00061680319368	3.023119e+02
1555.00160644996754	3.023166e+02
1556.00103445746504	3.023371e+02
1556.9994068021947	3.023706e+02
1558.00018298727855	3.024143e+02
1559.00006911144374	3.024658e+02
1560.00154254704034	3.025228e+02
1561.00136399896451	3.025818e+02
1562.00043796229738	3.026378e+02
1563.00021025949127	3.026848e+02
1564.0019983830025	3.027173e+02
1565.00040247734796	3.027319e+02
1566.00159256775419	3.027291e+02
1567.00076829848354	3.027129e+02
1567.99969698232621	3.026912e+02
1569.00080821864981	3.026729e+02
1570.00041200809414	3.026657e+02
1571.0017829885478	3.026728e+02
1572.00230063813865	3.026946e+02
1572.9994080157328	3.027305e+02
1573.99991457438978	3.027788e+02
1575.00099178592723	3.028366e+02
1575.99936336314477	3.028990e+02
1577.00090348195931	3.029614e+02
1578.0023832285392	3.030189e+02
1579.0006851629214	3.030676e+02
1580.00212364575168	3.031048e+02
1581.00060599417634	3.031283e+02
1582.0022305594332	3.031372e+02
1583.00067724483029	3.031327e+02
1584.00192758469302	3.031194e+02
1585.00235790405236	3.031041e+02
1586.00149275982881	3.030932e+02
1587.00222385816323	3.030904e+02
1588.00146541143567	3.030986e+02
1588.99958546689709	3.031198e+02
1590.00006341164863	3.031545e+02
1591.00005538963728	3.031998e+02
1591.99975114748372	3.032505e+02
1593.00243515408761	3.033013e+02
1594.00204142697703	3.033475e+02
1595.00164709542446	3.033867e+02
1596.00119063272928	3.034191e+02
1597.00052817956089	3.034457e+02
1597.99952182841821	3.034682e+02
1599.00130684936221	3.034882e+02
1599.99981535713846	3.035067e+02
1601.00145051019399	3.035251e+02
1602.00010329296651	3.035441e+02
1603.00191414534584	3.035645e+02
1604.00051873423399	3.035865e+02
1605.00191450489137	3.036104e+02
1605.99975262272596	3.036357e+02
1607.00023190400702	3.036619e+02
1608.00043648950623	3.036886e+02
1609.00055999963502	3.037154e+02
1610.0009170024116	3.037421e+02
1611.001741257418	3.037686e+02
1612.0001706721118	3.037948e+02
1612.999404804264	3.038207e+02
1613.9995002829116	3.038463e+02
1615.0003973314017	3.038717e+02
1616.00190457780104	3.038969e+02
1617.00081760004173	3.039217e+02
1618.00021618120877	3.039463e+02
1619.00012759630522	3.039707e+02
1620.00058389813239	3.039949e+02
1621.00153054397197	3.040189e+02
1621.99990632452636	3.040427e+02
1623.00186297378309	3.040662e+02
1624.00109695929541	3.040889e+02
1625.00060884548589	3.041107e+02
1626.00037577899548	3.041314e+02
1627.00034948603729	3.041509e+02
1628.00057745026311	3.041693e+02
1629.00102148624933	3.041866e+02
1630.00169563352665	3.042032e+02
1630.99943060590749	3.042190e+02
1632.00040985007013	3.042344e+02
1633.00151218209294	3.042493e+02
1633.99962168989737	3.042637e+02
1635.00099494452138	3.042778e+02
1635.99951230194438	3.042915e+02
1637.0015764402583	3.043050e+02
1638.00095035058303	3.043185e+02
1639.00084290852033	3.043322e+02
1640.00127968392349	3.043461e+02
1641.00231041250436	3.043603e+02
1642.00085439373447	3.043748e+02
1643.00006424387175	3.043895e+02
1643.99993741584012	3.044045e+02
1645.00046120292927	3.044197e+02
1646.00154547154466	3.044349e+02
1646.99998948904863	3.044501e+02
1648.0019560656674	3.044651e+02
1649.00108395298275	3.044798e+02
1650.00040923495135	3.044940e+02
1650.9998145295267	3.045076e+02
1652.00228328488492	3.045206e+02
1653.00135786075043	3.045328e+02
1653.99990519593848	3.045441e+02
1655.00094263863707	3.045545e+02
1656.00144990515332	3.045638e+02
1657.001486180342	3.045718e+02
1658.00114828848768	3.045783e+02
1659.00056125673336	3.045831e+02
1659.99983203648662	3.045858e+02
1661.00217269050086	3.045862e+02
1662.00136381713992	3.045839e+02
1663.00060897905269	3.045790e+02
1664.00000080221275	3.045714e+02
1664.99961876574889	3.045616e+02
1665.9994337060391	3.045501e+02
1666.99945094847817	3.045374e+02
1667.99969823608831	3.045241e+02
1669.0002503347398	3.045103e+02
1670.00112697989584	3.044960e+02
1671.00223801401739	3.044809e+02
1672.00029298165714	3.044649e+02
1673.00147125443232	3.044479e+02
1674.0024235614801	3.044298e+02
1674.99991810012102	3.044104e+02
1676.00018549485685	3.043889e+02
1677.00034258195728	3.043645e+02
1678.0006078432657	3.043361e+02
1679.00074318016118	3.043027e+02
1680.00061815672484	3.042641e+02
1680.99996409869118	3.042216e+02
1682.00176703641841	3.041781e+02
1682.9994812510713	3.041379e+02
1684.00210582807949	3.041043e+02
1684.9997232986882	3.040790e+02
1686.00162352087023	3.040600e+02
1686.99928511856547	3.040443e+02
1688.00013261928802	3.040288e+02
1689.00208923491664	3.040107e+02
1689.99973834586353	3.039858e+02
1690.99948128723213	3.039481e+02
1692.00121101059153	3.038961e+02
1693.00136240399593	3.038353e+02
1693.99957141443906	3.037728e+02
1695.00190741234201	3.037152e+02
1696.00013208434189	3.036712e+02
1697.00077737072206	3.036455e+02
1698.00160860480719	3.036399e+02
1699.00195378476951	3.036557e+02
1700.00183178807356	3.036916e+02
1701.00212652200298	3.037429e+02
1702.00197227292597	3.037977e+02
1702.99924638317179	3.038350e+02
1704.00077320654168	3.038280e+02
1704.99997854296589	3.037781e+02
1706.00161548434903	3.037070e+02
1707.00146394703415	3.036307e+02
1707.99926734734345	3.035674e+02
1709.00170158088281	3.035327e+02
1710.00025709872853	3.035296e+02
1711.00200663532223	3.035472e+02
1712.00099446604986	3.035714e+02
1713.00023424793358	3.035934e+02
1713.99943710887783	3.035993e+02
1715.00202866329209	3.035833e+02
1716.00197178756753	3.035619e+02
1716.99942580786842	3.035462e+02
1718.00083168834226	3.035353e+02
1718.99953573065409	3.035308e+02
1720.00078094724836	3.035292e+02
1721.00014633540104	3.035204e+02
1721.99924175523415	3.034996e+02
1723.00042829580616	3.034686e+02
1724.00113965048058	3.034313e+02
1724.99954316198364	3.033932e+02
1726.0002667158908	3.033576e+02
1727.00192361754353	3.033219e+02
1727.99944069978505	3.032812e+02
1728.99928636835784	3.032436e+02
1730.00114352220453	3.032268e+02
1731.00170482415865	3.032333e+02
1732.00057964351049	3.032483e+02
1733.00037499755285	3.032642e+02
1734.00094982649284	3.032806e+02
1734.99938763210798	3.032915e+02
1736.00232569371678	3.032948e+02
1737.00073653296545	3.032989e+02
1738.0009665585801	3.033084e+02
1739.00225875173533	3.033222e+02
1739.99989089831297	3.033393e+02
1741.00141984554466	3.033550e+02
1741.99934770596747	3.033607e+02
1742.99990019412962	3.033515e+02
1744.00091572768224	3.033275e+02
1745.00068450912227	3.032898e+02
1746.00062133516371	3.032426e+02
1747.00198500961801	3.031902e+02
1748.00224695144425	3.031324e+02
1749.00126858479257	3.030761e+02
1750.00161968650377	3.030386e+02
1750.9997092020028	3.030269e+02
1752.00144777802461	3.030323e+02
1753.00026170735805	3.030436e+02
1754.00218669342166	3.030529e+02
1755.00139858895091	3.030483e+02
1756.00128267370133	3.030222e+02
1757.00205770201205	3.029793e+02
1758.00002264717455	3.029253e+02
1759.00062327042133	3.028680e+02
1760.00025216299309	3.028114e+02
1761.00187348628788	3.027532e+02
1762.00212852821619	3.027050e+02
1763.00081485484156	3.026804e+02
1764.00107686984484	3.026750e+02
1764.9998568213789	3.026786e+02
1766.00019417094722	3.026869e+02
1767.0017915733315	3.026944e+02
1768.00125262652091	3.026928e+02
1768.99937462505045	3.026847e+02
1769.99997874569317	3.026776e+02
1771.00060046397971	3.026699e+02
1772.00124592962334	3.026593e+02
1773.00211127545663	3.026495e+02
1774.00011331133851	3.026440e+02
1775.00109214504914	3.026409e+02
1776.00195505511169	3.026390e+02
1776.99985129126799	3.026386e+02
1778.00076166344184	3.026395e+02
1779.00138012028287	3.026413e+02
1780.00177172110102	3.026437e+02
1781.00190062878801	3.026437e+02
1782.00144119139713	3.026382e+02
1783.00066928198794	3.026279e+02
1783.99998476426481	3.026132e+02
1785.00226558580243	3.025925e+02
1786.00144910440167	3.025665e+02
1787.00124547982864	3.025388e+02
1788.00168827893708	3.025106e+02
1789.0022080209028	3.024827e+02
1789.9995911069966	3.024563e+02
1791.00010002287286	3.024305e+02
1792.00026048073732	3.024024e+02
1792.99940565161046	3.023705e+02
1794.00095048029311	3.023403e+02
1795.0022039799876	3.023175e+02
1796.0023919818257	3.022998e+02
1797.0014321338056	3.022863e+02
1798.0031820424424	3.022810e+02
1799.00156390193	3.022792e+02
1800.00253116195722	3.022774e+02
1801.00297931816453	3.022799e+02
1802.00299992428063	3.022866e+02
1803.0026530194275	3.022913e+02
1804.00192578488122	3.022905e+02
1805.000839223203	3.022850e+02
1806.00251118268443	3.022752e+02
1807.00089268304328	3.022612e+02
1808.00212839875189	3.022448e+02
1809.00322868427702	3.022288e+02
1810.00123368741583	3.022138e+02
1811.00235695240326	3.021991e+02
1812.00364398830607	3.021848e+02
1813.00213186630731	3.021712e+02
1814.00095316821785	3.021595e+02
1815.00329309993526	3.021509e+02
1816.00313267045703	3.021454e+02
1817.00359492397411	3.021425e+02
1818.00164024281912	3.021419e+02
1819.00338250235836	3.021433e+02
1820.0026825321338	3.021460e+02
1821.00259879485566	3.021494e+02
1822.00308566601916	3.021532e+02
1823.0010054460347	3.021566e+02
1824.00245336836861	3.021592e+02
1825.00125472971558	3.021609e+02
1826.00354656955096	3.021620e+02
1827.00317555549532	3.021618e+02
1828.00316531953194	3.021599e+02
1829.00344495855757	3.021550e+02
1830.00091375567354	3.021461e+02
1831.00170963893424	3.021329e+02
1832.00275104385969	3.021170e+02
1833.00099577118704	3.020999e+02
1834.00262212345956	3.020830e+02
1835.00145909217144	3.020679e+02
1836.00363627737488	3.020561e+02
1837.00284107066341	3.020483e+02
1838.0020743905136	3.020447e+02
1839.00126184375517	3.020453e+02
1840.00347155332656	3.020492e+02
1841.0025508381018	3.020547e+02
1842.00155061300438	3.020603e+02
1843.00350071229127	3.020649e+02
1844.00220903286663	3.020673e+02
1845.00068662928334	3.020654e+02
1846.00192323909232	3.020593e+02
1847.00263463570627	3.020497e+02
1848.00268451952502	3.020391e+02
1849.00213299693814	3.020270e+02
1850.00100608008006	3.020088e+02
1851.0022153825455	3.019853e+02
1852.00270173464378	3.019631e+02
1853.00272756874369	3.019469e+02
1854.00229258205809	3.019345e+02
1855.0012055603006	3.019235e+02
1856.00257166980896	3.019123e+02
1857.00343100416558	3.019015e+02
1858.00078343365203	3.018914e+02
1859.00083484139236	3.018827e+02
1860.00369642245778	3.018788e+02
1861.00354752279736	3.018809e+02
1862.00350560142761	3.018844e+02
1863.0035626065021	3.018846e+02
1864.00370203119996	3.018828e+02
1865.00088835834981	3.018824e+02
1866.00129610488921	3.018855e+02
1867.0019502342202	3.018905e+02
1868.00292411733312	3.018966e+02
1869.00119235790589	3.019049e+02
1870.00291698685533	3.019157e+02
1871.00203684173857	3.019263e+02
1872.00166842417707	3.019345e+02
1873.00183204891277	3.019403e+02
1874.00253244347687	3.019445e+02
1875.00067797616498	3.019470e+02
1876.00235570301584	3.019461e+02
1877.00134049012922	3.019407e+02
1878.00370017286377	3.019319e+02
1879.00323184173499	3.019207e+02
1880.00296275255596	3.019081e+02
1881.00285955580875	3.018959e+02
1882.00289861750957	3.018846e+02
1883.00301181904797	3.018741e+02
1884.00309687418894	3.018656e+02
1885.00306864686081	3.018591e+02
1886.00284294952485	3.018524e+02
1887.00234465961034	3.018440e+02
1888.00154075534124	3.018357e+02
1889.00351601047259	3.018288e+02
1890.00211980521772	3.018225e+02
1891.00345882449597	3.018168e+02
1892.00132752346803	3.018124e+02
1893.00179110609611	3.018078e+02
1894.00172549117133	3.018009e+02
1895.00114435379396	3.017909e+02
1896.00317729971152	3.017783e+02
1897.00176541026667	3.017655e+02
1898.00310227232353	3.017549e+02
1899.00112432637047	3.017464e+02
1900.00199415479256	3.017382e+02
1901.00268508550562	3.017292e+02
1902.00324489102627	3.017196e+02
1903.00067780807171	3.017103e+02
1904.00116893688096	3.017020e+02
1905.00172753394645	3.016952e+02
1906.00243050581662	3.016892e+02
1907.00331604072176	3.016834e+02
1908.00133635087923	3.016781e+02
1909.00263672734468	3.016734e+02
1910.00112222546841	3.016694e+02
1911.00296088655296	3.016672e+02
1912.00207679922892	3.016675e+02
1913.00157131657738	3.016700e+02
1914.0014659620997	3.016747e+02
1915.00176211387065	3.016816e+02
1916.00241713867035	3.016908e+02
1917.00337970135502	3.016999e+02
1918.00152410672695	3.017061e+02
1919.00295446820815	3.017086e+02
1920.00147821812379	3.017083e+02
1921.00319250787675	3.017052e+02
1922.00190018356329	3.016980e+02
1923.00367667732939	3.016861e+02
1924.00231320394983	3.016694e+02
1925.00085054596752	3.016484e+02
1926.00234658928684	3.016258e+02
1927.00066827513706	3.016041e+02
1928.00197339102033	3.015848e+02
1929.00317185618997	3.015704e+02
1930.00115662418966	3.015618e+02
1931.0020289618908	3.015566e+02
1932.00266997339349	3.015525e+02
1933.00304026816934	3.015484e+02
1934.00312706944919	3.015428e+02
1935.00293311370251	3.015364e+02
1936.00249483846096	3.015316e+02
1937.00187742966887	3.015277e+02
1938.00107481601731	3.015254e+02
1939.00308913791719	3.015258e+02
1940.00173789337691	3.015291e+02
1941.00314031610674	3.015309e+02
1942.00119715363758	3.015274e+02
1943.00207359093361	3.015201e+02
1944.00276290757347	3.015120e+02
1945.00332228851448	3.015029e+02
1946.00069841411573	3.014923e+02
1947.00100086764428	3.014794e+02
1948.00112948035917	3.014631e+02
1949.00105557928305	3.014444e+02
1950.00082971662141	3.014244e+02
1951.00361115546343	3.014042e+02
1952.00337636038716	3.013863e+02
1953.00321626309483	3.013748e+02
1954.00312215679037	3.013701e+02
1955.00307609289462	3.013663e+02
1956.00305144581966	3.013587e+02
1957.00301968329859	3.013469e+02
1958.00297924992606	3.013365e+02
1959.00297882971608	3.013317e+02
1960.00312658187727	3.013330e+02
1961.00358033289103	3.013382e+02
1962.00136260513614	3.013472e+02
1963.00265034820723	3.013624e+02
1964.00129665287682	3.013833e+02
1965.0033080088167	3.014060e+02
1966.00242611211615	3.014223e+02
1967.00166093293751	3.014263e+02
1968.00098542149908	3.014188e+02
1969.003452924155	3.014076e+02
1970.00293097017425	3.013977e+02
1971.00246494421754	3.013854e+02
1972.00199676307739	3.013642e+02
1973.00145048211289	3.013331e+02
1974.00077325672851	3.012977e+02
1975.00299685821983	3.012629e+02
1976.00181342653332	3.012318e+02
1977.00312543315886	3.012070e+02
1978.00365643496116	3.011900e+02
1979.00344036292677	3.011788e+02
1980.0026816542811	3.011700e+02
1981.00158498880023	3.011623e+02
1982.00346116157039	3.011559e+02
1983.002419493557	3.011543e+02
1984.00170847316303	3.011574e+02
1985.00132753220259	3.011659e+02
1986.00126051317852	3.011808e+02
1987.00152162155882	3.012032e+02
1988.00204114705662	3.012336e+02
1989.00275316103739	3.012632e+02
1990.00360847035699	3.012814e+02
1991.00149199161046	3.012862e+02
1992.00253880279774	3.012818e+02
1993.00068093046866	3.012717e+02
1994.00206961461663	3.012560e+02
1995.00364827253907	3.012316e+02
1996.0023038099821	3.011963e+02
1997.00096741491438	3.011552e+02
1998.0024228172017	3.011160e+02
1999.00350276918516	3.010795e+02
2000.00075446259234	3.010466e+02
2001.00296706496329	3.010220e+02
2002.0012220535034	3.010062e+02
2003.00192095665057	3.009941e+02
2004.00176193355696	3.009790e+02
2005.00108269350926	3.009604e+02
2006.00338639999222	3.009456e+02
2007.0027700639771	3.009397e+02
2008.00233465768588	3.009429e+02
2009.00225032238359	3.009575e+02
2010.00273508872078	3.009848e+02
2011.00083002076485	3.010211e+02
2012.00260824764155	3.010621e+02
2013.00191475351971	3.011010e+02
2014.00177235648471	3.011290e+02
2015.00216108675841	3.011461e+02
2016.00306214790498	3.011534e+02
2017.00143718481513	3.011486e+02
2018.00339522475929	3.011343e+02
2019.00281029238272	3.011093e+02
2020.00267571088489	3.010705e+02
2021.00281098375672	3.010234e+02
2022.00296304469157	3.009734e+02
2023.00271257443978	3.009229e+02
2024.00124321984322	3.008764e+02
2025.00122630078977	3.008366e+02
2026.00286915903871	3.008027e+02
2027.00303655528046	3.007720e+02
2028.00179934005905	3.007426e+02
2029.00278567070768	3.007169e+02
2030.00323845515754	3.006997e+02
2031.00350808922417	3.006929e+02
2032.00084460318817	3.007013e+02
2033.0015562340775	3.007260e+02
2034.00281575636041	3.007629e+02
2035.00179230511208	3.008069e+02
2036.0015614141937	3.008568e+02
2037.00202313901968	3.009038e+02
2038.00318164159421	3.009360e+02
2039.00196530910466	3.009573e+02
2040.00143296293118	3.009707e+02
2041.00161664371512	3.009711e+02
2042.00252340873794	3.009575e+02
2043.00111591430982	3.009283e+02
2044.00342272583976	3.008845e+02
2045.00301109498173	3.008369e+02
2046.00267185356074	3.007905e+02
2047.00202035945949	3.007424e+02
2048.00326126993423	3.006946e+02
2049.00286771681613	3.006529e+02
2050.00098288773688	3.006157e+02
2051.00356602766078	3.005782e+02
2052.00170870704915	3.005419e+02
2053.00194536252684	3.005107e+02
2054.00136057740929	3.004877e+02
2055.00356838141215	3.004776e+02
2056.00292317413505	3.004847e+02
2057.00267008224546	3.005103e+02
2058.00304079799389	3.005477e+02
2059.00126023695793	3.005936e+02
2060.00344594271428	3.006468e+02
2061.00341804538948	3.006942e+02
2062.00119629217079	3.007248e+02
2063.0028516889297	3.007467e+02
2064.00222567329592	3.007668e+02
2065.00239829428983	3.007772e+02
2066.00341150416216	3.007705e+02
2067.00219639353782	3.007460e+02
2068.00171200319846	3.007095e+02
2069.0016618419404	3.006704e+02
2070.00171616364332	3.006301e+02
2071.0015048238688	3.005853e+02
2072.00334501653242	3.005347e+02
2073.00342561357093	3.004841e+02
2074.0019323071092	3.004365e+02
2075.00222941611082	3.003900e+02
2076.00096495335811	3.003465e+02
2077.00115350474061	3.003094e+02
2078.00372173416645	3.002834e+02
2079.00288396348196	3.002750e+02
2080.00198859696138	3.002830e+02
2081.00155863485861	3.003048e+02
2082.00185503933471	3.003397e+02
2083.00295785878325	3.003859e+02
2084.00184358332945	3.004355e+02
2085.00162963801267	3.004752e+02
2086.00239181526513	3.005011e+02
2087.00097364334943	3.005225e+02
2088.00332476475933	3.005484e+02
2089.00330772718553	3.005688e+02
2090.0009166415839	3.005699e+02
2091.00225344570572	3.005491e+02
2092.0012445459829	3.005142e+02
2093.0006934425769	3.004786e+02
2094.0032326763012	3.004495e+02
2095.0025080074879	3.004189e+02
2096.00101780323212	3.003771e+02
2097.00124825450257	3.003284e+02
2098.0032595536909	3.002805e+02
2099.00129492441147	3.002333e+02
2100.00075973148159	3.001859e+02
2101.00185287318254	3.001410e+02
2102.00249111287667	3.001097e+02
2103.00240377888713	3.000965e+02
2104.00202410932661	3.000971e+02
2105.00223081911054	3.001112e+02
2106.00310211248643	3.001406e+02
2107.00164171949382	3.001783e+02
2108.00104572009877	3.002149e+02
2109.00142436276656	3.002461e+02
2110.00277566998011	3.002726e+02
2111.00196703177608	3.002980e+02
2112.00191128419783	3.003238e+02
2113.00244528067424	3.003458e+02
2114.003485032551	3.003523e+02
2115.0019373895957	3.003388e+02
2116.00083694385967	3.003110e+02
2117.00311810845051	3.002801e+02
2118.00229165387236	3.002520e+02
2119.0012222957198	3.002244e+02
2120.00269066419878	3.001929e+02
2121.003144314981	3.001557e+02
2122.0024150366994	3.001119e+02
2123.00092105317572	3.000649e+02
2124.00145393584626	3.000206e+02
2125.00094681794053	2.999828e+02
2126.00310919082358	2.999535e+02
2127.00171237041377	2.999339e+02
2128.00296901846423	2.999245e+02
2129.0014414031516	2.999273e+02
2130.00337991044671	2.999420e+02
2131.00294446678481	2.999654e+02
2132.00335781073318	2.999892e+02
2133.00151957377284	3.000115e+02
2134.00361650851119	3.000329e+02
2135.00358297861021	3.000512e+02
2136.00128483326444	3.000688e+02
2137.00275044738373	3.000869e+02
2138.00152180095256	3.001008e+02
2139.00354819323184	3.001009e+02
2140.00265016500089	3.000867e+02
2141.00146836417889	3.000657e+02
2142.00318211652984	3.000454e+02
2143.00171898960298	3.000250e+02
2144.00293483093992	3.000001e+02
2145.00370166064613	2.999704e+02
2146.00083282030437	2.999369e+02
2147.00336573237473	2.998996e+02
2148.00218501494828	2.998629e+02
2149.00370381196899	2.998295e+02
2150.00185310760025	2.998011e+02
2151.00267934925841	2.997795e+02
2152.00352558224495	2.997643e+02
2153.00156079542103	2.997556e+02
2154.00277182069476	2.997545e+02
2155.00126391157755	2.997603e+02
2156.00337579065899	2.997705e+02
2157.00295903740016	2.997837e+02
2158.0031103561796	2.997971e+02
2159.00089488253207	2.998086e+02
2160.00224171053605	2.998185e+02
2161.00088277653049	2.998271e+02
2162.00295674707922	2.998344e+02
2163.0022145830485	2.998376e+02
2164.00151641944831	2.998352e+02
2165.0037007761407	2.998296e+02
2166.0026573043883	2.998232e+02
2167.0046533909699	2.998137e+02
2168.003601550879	2.997970e+02
2169.0024720152578	2.997728e+02
2170.00427070776459	2.997440e+02
2171.00291971750903	2.997140e+02
2172.00451722358275	2.996843e+02
2173.00293606658306	2.996562e+02
2174.00440079226973	2.996303e+02
2175.00287674348783	2.996073e+02
2176.00445491961227	2.995876e+02
2177.00306363457867	2.995714e+02
2178.00493823364604	2.995589e+02
2179.00393298125437	2.995500e+02
2180.00316521739842	2.995444e+02
2181.00270729721115	2.995420e+02
2182.00255340593776	2.995430e+02
2183.0027612512522	2.995465e+02
2184.00343312634368	2.995508e+02
2185.00455711753602	2.995544e+02
2186.00304032911936	2.995562e+02
2187.0050750398068	2.995561e+02
2188.0045447959078	2.995552e+02
2189.00446784087035	2.995545e+02
2190.00478689352713	2.995528e+02
2191.00233478928112	2.995494e+02
2192.00317310535047	2.995440e+02
2193.00414791706407	2.995375e+02
2194.00520597156537	2.995307e+02
2195.00315193152665	2.995245e+02
2196.00401482119923	2.995195e+02
2197.00462871744367	2.995157e+02
2198.00485833761195	2.995134e+02
2199.00465061427531	2.995136e+02
2200.0039397326027	2.995152e+02
2201.00269980830899	2.995177e+02
2202.0039898191972	2.995218e+02
2203.0047052543105	2.995278e+02
