#   Area   : 2.13000e-01
#   Time   areaAverage(T)
0.999427 2.971476e+02
2.00049 2.971485e+02
3.00031 2.971483e+02
3.99974 2.971479e+02
4.999852 2.971468e+02
6.001051 2.971451e+02
7.000531 2.971428e+02
8.000508 2.971395e+02
9.000207 2.971351e+02
10.0013794 2.971281e+02
11.0007485 2.971156e+02
12.0009597 2.970983e+02
13.001277 2.970817e+02
14.0004317 2.970692e+02
15.000901346 2.970622e+02
16.001107103 2.970598e+02
17.000922171 2.970600e+02
18.001371538 2.970616e+02
19.000102731 2.970643e+02
19.99989026148 2.970699e+02
21.00034937314 2.970785e+02
21.99983157686 2.970884e+02
23.00122911707 2.970979e+02
24.00091286407 2.971067e+02
25.0014481448061 2.971145e+02
25.9997089351518 2.971213e+02
27.0019611529581 2.971268e+02
27.9992560508285 2.971311e+02
29.0002067000521 2.971342e+02
30.001115854941087 2.971362e+02
31.001388464779989 2.971379e+02
32.000730012372813 2.971399e+02
32.999356489310571 2.971430e+02
34.000826001571795 2.971479e+02
34.9997674661593194 2.971555e+02
35.9997177574727516 2.971667e+02
37.0009562711424493 2.971821e+02
38.0004295729249861 2.972004e+02
39.0007433796670497 2.972197e+02
40.0015092071004048 2.972391e+02
40.9993430360585478 2.972582e+02
41.999976707407761 2.972768e+02
43.000137047967506 2.972947e+02
44.0000180955537274 2.973119e+02
45.0000719325705489 2.973291e+02
46.0007436235592806 2.973468e+02
46.9992924677363604 2.973650e+02
48.0017975705818145 2.973841e+02
49.0020087941105018 2.974040e+02
50.0001541690290168 2.974243e+02
50.9994115854687848 2.974451e+02
51.9997966185503131 2.974666e+02
53.0013028439710965 2.974885e+02
54.0008589936701 2.975109e+02
55.001479447827478 2.975338e+02
56.0000219360241616 2.975570e+02
56.9994357372792848 2.975806e+02
57.9996351360819844 2.976045e+02
59.0005311279488467 2.976285e+02
60.0020680322019331 2.976515e+02
61.001180899680314 2.976589e+02
62.0009804808799743 2.976582e+02
63.0015462758453637 2.976539e+02
63.99974179524812 2.976473e+02
65.0016009001074053 2.976388e+02
66.0007601653780256 2.976288e+02
67.0000828054686792 2.976176e+02
67.9993904729765717 2.976055e+02
69.0017235356203003 2.975927e+02
70.0009377157637687 2.975795e+02
71.0002352911425874 2.975660e+02
71.9997872778713486 2.975521e+02
72.9997326311521277 2.975380e+02
74.0001292327700639 2.975233e+02
75.0008246964364247 2.975082e+02
76.0015800095208363 2.974927e+02
77.0020693921646711 2.974769e+02
78.0018426038795383 2.974607e+02
79.0006723209762072 2.974440e+02
80.0017081314998251 2.974270e+02
81.0020358999019976 2.974096e+02
82.0018080561054745 2.973917e+02
83.0010087123466462 2.973734e+02
83.9995465240833425 2.973547e+02
85.0004902403786389 2.973354e+02
86.0005955476574258 2.973155e+02
86.9996768195966581 2.972949e+02
88.0006846028388878 2.972736e+02
89.0004719692935282 2.972520e+02
90.0019773122347715 2.972299e+02
90.9992809510003582 2.972072e+02
92.0015628120182498 2.971839e+02
92.9997983985029606 2.971602e+02
94.0002310198292577 2.971359e+02
94.9999423998426522 2.971107e+02
96.0021254260840067 2.970847e+02
97.000912615324367 2.970581e+02
97.9994227377964364 2.970311e+02
99.0007366540451983 2.970037e+02
100.001777850557531 2.969757e+02
100.999474552726198 2.969474e+02
101.999847483109477 2.969191e+02
102.999824886520344 2.968910e+02
103.999365121315847 2.968632e+02
105.001466452367538 2.968352e+02
105.9999708144111 2.968065e+02
107.000862792180541 2.967773e+02
108.001107172393702 2.967476e+02
109.000696640159475 2.967178e+02
109.999726477358081 2.966886e+02
111.00131269036028 2.966597e+02
111.999552540587274 2.966308e+02
113.000580200948235 2.966010e+02
114.001620299357256 2.965700e+02
114.999911136915458 2.965375e+02
116.001791658685093 2.965041e+02
117.001510928257616 2.964705e+02
117.999394853014692 2.964368e+02
119.001694844829487 2.964028e+02
119.999391343261024 2.963687e+02
121.001627220964707 2.963338e+02
121.999376885499643 2.962992e+02
123.001618529490443 2.962638e+02
123.999180882235109 2.962277e+02
125.001554573303181 2.961910e+02
125.999526249662424 2.961538e+02
127.002179832510961 2.961156e+02
128.000376549443246 2.960764e+02
129.000128795195195 2.960355e+02
130.00119094225073 2.959951e+02
131.000477132170488 2.959560e+02
132.001021616418797 2.959183e+02
132.999652723862027 2.958820e+02
133.99941300063972 2.958468e+02
135.00028607324208 2.958126e+02
135.999201540390942 2.957801e+02
136.999191439781384 2.957494e+02
138.000273717827724 2.957204e+02
138.999371353199365 2.956934e+02
139.999628368874056 2.956679e+02
141.001093802209652 2.956442e+02
142.000600193171493 2.956211e+02
143.001133311393232 2.955974e+02
143.999353045648718 2.955725e+02
145.00132880589149 2.955444e+02
146.000559682130898 2.955115e+02
146.999921748327552 2.954728e+02
147.999273492189104 2.954292e+02
149.00176627969509 2.953833e+02
150.001125833942922 2.953406e+02
151.000429422478902 2.953014e+02
151.999731724257572 2.952660e+02
153.002181865339082 2.952340e+02
154.001432740894273 2.952038e+02
155.000554514551197 2.951737e+02
155.999521370660318 2.951419e+02
157.001547047491698 2.951101e+02
158.000400188579334 2.950813e+02
158.999270609516429 2.950543e+02
160.001363643362964 2.950294e+02
161.000466503548154 2.950066e+02
161.999646163977502 2.949815e+02
163.001914705985797 2.949517e+02
164.000869483787596 2.949185e+02
164.999545820580465 2.948804e+02
166.001010200663671 2.948400e+02
167.00199980305436 2.947999e+02
167.999487454139228 2.947613e+02
168.999853436037654 2.947260e+02
170.000024802642258 2.946960e+02
171.000134241277948 2.946730e+02
172.000274582764433 2.946570e+02
173.000443786900775 2.946465e+02
174.00048273861006 2.946396e+02
175.000338013165475 2.946335e+02
175.999819672472057 2.946269e+02
177.001802236886164 2.946192e+02
177.999726908685034 2.946087e+02
178.999895321620357 2.945927e+02
179.999436077766518 2.945694e+02
181.00144316426082 2.945393e+02
181.999164640421469 2.945078e+02
183.001717562445378 2.944802e+02
183.999976990701981 2.944587e+02
185.000565024382752 2.944409e+02
186.001325941383556 2.944235e+02
187.000093429476124 2.944019e+02
188.000125432213622 2.943730e+02
189.001169048990846 2.943370e+02
189.999919853901389 2.942984e+02
190.999135141512596 2.942642e+02
192.00156279342221 2.942371e+02
193.001007352277298 2.942158e+02
193.999758437076082 2.942012e+02
195.001963820885521 2.941964e+02
196.000187060317216 2.941923e+02
196.999661963352338 2.941865e+02
198.001571326638356 2.941801e+02
199.001282291096089 2.941766e+02
200.001402738935099 2.941757e+02
201.001457183112308 2.941762e+02
201.999642413308294 2.941760e+02
203.0020004070075 2.941747e+02
204.000579944904899 2.941732e+02
205.000547342405639 2.941705e+02
206.001160623552437 2.941675e+02
207.001110983204455 2.941654e+02
208.001100614181411 2.941640e+02
209.000512187051328 2.941628e+02
210.00103948231947 2.941615e+02
211.002038572354849 2.941570e+02
212.000288914495087 2.941487e+02
213.001939991648754 2.941376e+02
214.00063626806056 2.941247e+02
215.002141946180814 2.941109e+02
216.000013911713836 2.940967e+02
217.000560241927474 2.940823e+02
218.000687236431276 2.940685e+02
219.000494250440255 2.940558e+02
220.000594314260979 2.940456e+02
221.000559872607283 2.940377e+02
222.000176077706698 2.940318e+02
222.99932210040933 2.940271e+02
224.000763719534973 2.940226e+02
225.001959776807922 2.940181e+02
226.00000892183985 2.940138e+02
226.999968400275776 2.940100e+02
228.001954395594396 2.940067e+02
229.001031772406691 2.940044e+02
229.999263648093915 2.940033e+02
231.002157961099954 2.940036e+02
231.99915400316317 2.940041e+02
232.99982900537205 2.940035e+02
233.999850022590579 2.940023e+02
235.000018151202909 2.940009e+02
236.001580551113022 2.939986e+02
237.000335511681357 2.939954e+02
238.001953040796366 2.939918e+02
239.001172371529719 2.939874e+02
240.001141382720675 2.939818e+02
241.001695914578676 2.939758e+02
241.999550414277962 2.939700e+02
243.000760314719372 2.939652e+02
243.999379242172012 2.939614e+02
245.00155798187447 2.939579e+02
246.000833156242237 2.939547e+02
247.000176655815409 2.939520e+02
247.999776797715867 2.939491e+02
248.999668502858071 2.939462e+02
249.999702833751599 2.939447e+02
250.999989647488121 2.939444e+02
252.000787531752906 2.939445e+02
253.002055676292514 2.939453e+02
254.000440631045507 2.939476e+02
254.99913713852709 2.939510e+02
256.001509409118569 2.939547e+02
257.001201571443914 2.939597e+02
258.001089414794592 2.939668e+02
259.001356090933996 2.939744e+02
260.002166594281618 2.939812e+02
261.000150411116749 2.939872e+02
262.0012292480273 2.939931e+02
262.999377251737656 2.939976e+02
264.000875435048329 2.940004e+02
264.99919201709514 2.940034e+02
266.000313060261874 2.940074e+02
267.001413983906048 2.940111e+02
267.999318819302573 2.940142e+02
268.9997139321747 2.940184e+02
269.999467621700546 2.940238e+02
271.002042387665881 2.940297e+02
272.001151215237996 2.940368e+02
272.999560331396594 2.940458e+02
274.000651169507194 2.940551e+02
275.001684628249905 2.940625e+02
275.999192692313443 2.940682e+02
277.002092457346066 2.940733e+02
278.001640293549485 2.940764e+02
279.001209365772809 2.940767e+02
280.000246318241352 2.940758e+02
281.001767838531862 2.940754e+02
282.000224097814851 2.940746e+02
283.001606952268787 2.940732e+02
283.999249787710653 2.940729e+02
284.999617477562936 2.940736e+02
285.999917368648539 2.940738e+02
286.999754224471815 2.940741e+02
287.999183196919944 2.940755e+02
289.001776348091084 2.940767e+02
290.001294426093978 2.940774e+02
291.000554044351247 2.940784e+02
291.999941566510415 2.940789e+02
292.999715793513815 2.940779e+02
293.999550841673795 2.940765e+02
294.999525702312042 2.940756e+02
296.000161143572882 2.940744e+02
297.001494410054079 2.940729e+02
298.000161658361264 2.940721e+02
298.999433581810649 2.940719e+02
299.999589743018134 2.940711e+02
301.000265280995052 2.940699e+02
302.001252369668293 2.940699e+02
302.999772640018421 2.940706e+02
304.001949079859514 2.940713e+02
305.001228906616518 2.940728e+02
306.000757110960535 2.940753e+02
307.000758153132438 2.940774e+02
308.000919144592388 2.940793e+02
309.000973943509223 2.940821e+02
310.001177637234491 2.940853e+02
311.001630988480201 2.940879e+02
312.002033161370605 2.940915e+02
312.999271081848462 2.940968e+02
313.999854853144313 2.941026e+02
315.000668069346489 2.941083e+02
316.001380078128818 2.941158e+02
317.002066206651818 2.941241e+02
317.99998408392662 2.941311e+02
319.000483850429873 2.941382e+02
320.001101337303794 2.941472e+02
320.999181408247125 2.941565e+02
321.9993694742451 2.941639e+02
323.001231723734293 2.941712e+02
324.000793750161506 2.941772e+02
325.001203071553221 2.941827e+02
325.999642066919591 2.941875e+02
327.000019220211129 2.941919e+02
328.001628863918143 2.941953e+02
328.999675521663448 2.941975e+02
330.001941383798339 2.941997e+02
331.000599012503017 2.942025e+02
331.999298250091613 2.942055e+02
333.00091910706999 2.942080e+02
334.001745998456272 2.942103e+02
335.00171776198755 2.942134e+02
336.001361398948859 2.942167e+02
337.00076784861659 2.942194e+02
337.999594326248257 2.942220e+02
339.001020490066537 2.942248e+02
339.999294944924884 2.942266e+02
341.00041971515094 2.942274e+02
342.001201983093267 2.942281e+02
343.001967694398957 2.942285e+02
343.999789700876192 2.942285e+02
345.000576502387844 2.942291e+02
346.001450612923577 2.942304e+02
346.999536264223082 2.942319e+02
348.000782714252068 2.942337e+02
349.0021604678995 2.942362e+02
350.000820801213138 2.942388e+02
350.999780765148557 2.942412e+02
352.002080599024737 2.942438e+02
353.001812877499503 2.942463e+02
354.002164694054613 2.942482e+02
354.999997760148176 2.942497e+02
356.001512011796819 2.942509e+02
357.00069754395173 2.942512e+02
358.000514427110829 2.942508e+02
359.000857209565822 2.942504e+02
360.001838682274524 2.942502e+02
361.000360994831567 2.942500e+02
361.999334801642817 2.942508e+02
363.001800154557145 2.942526e+02
364.001656126886417 2.942549e+02
365.001856814836799 2.942578e+02
365.999175394958684 2.942618e+02
366.999847851399466 2.942672e+02
368.000808666718058 2.942730e+02
369.001893407959926 2.942793e+02
369.999933195774418 2.942846e+02
371.001283018340871 2.942911e+02
371.999349539345928 2.942977e+02
373.000496261729211 2.943055e+02
374.001961650799103 2.943135e+02
374.999565762171073 2.943215e+02
375.999180937146434 2.943293e+02
376.999637396885362 2.943372e+02
378.000221840906875 2.943456e+02
379.001614933343944 2.943545e+02
379.999600826766596 2.943634e+02
381.001831717461528 2.943713e+02
381.99970411242731 2.943781e+02
383.001839966217972 2.943843e+02
384.001488504748636 2.943901e+02
385.001215590648428 2.943940e+02
386.001939153756496 2.943973e+02
387.002066841407043 2.944009e+02
387.999852468699601 2.944034e+02
389.000090462283424 2.944055e+02
389.999338066057817 2.944066e+02
391.000984208946363 2.944069e+02
391.999414904682055 2.944067e+02
393.000743112829241 2.944063e+02
394.001675887066767 2.944061e+02
394.999315531713819 2.944064e+02
395.999990872355227 2.944066e+02
397.000565380732041 2.944070e+02
398.00110503805621 2.944078e+02
399.001806333847583 2.944088e+02
399.99961874135488 2.944098e+02
401.000672007287505 2.944110e+02
402.002053555841655 2.944120e+02
403.000751888279808 2.944125e+02
403.999766300653391 2.944126e+02
405.002196282167233 2.944125e+02
406.001968024660925 2.944118e+02
407.002075332922971 2.944107e+02
407.999383670851955 2.944095e+02
409.000075239977605 2.944084e+02
410.001086062923946 2.944073e+02
410.999252631254762 2.944064e+02
412.000700245430608 2.944063e+02
412.9993227099622 2.944068e+02
414.001194894103605 2.944079e+02
415.000102290111045 2.944100e+02
415.999158209537882 2.944130e+02
417.001424850617298 2.944166e+02
418.00067584119779 2.944207e+02
419.000003098718139 2.944256e+02
419.999431780167527 2.944306e+02
421.001984155055823 2.944359e+02
422.001503804399135 2.944415e+02
423.001103830745137 2.944471e+02
424.000749748645603 2.944526e+02
425.000401575059982 2.944581e+02
426.000079698237528 2.944634e+02
426.999759349513852 2.944685e+02
427.999377906531436 2.944733e+02
429.002008313248552 2.944779e+02
430.001495170223905 2.944822e+02
431.000856462961167 2.944861e+02
432.000073475357283 2.944894e+02
432.999161140420142 2.944922e+02
434.001159518449128 2.944947e+02
434.999889393164153 2.944969e+02
436.001511595482953 2.944990e+02
436.999873891521133 2.945010e+02
438.001095858020506 2.945026e+02
439.002122285310293 2.945040e+02
439.999903242463063 2.945053e+02
441.000573245367605 2.945063e+02
442.001074793557393 2.945072e+02
443.001437213741099 2.945080e+02
444.001671160009835 2.945088e+02
445.001784915257474 2.945098e+02
446.001806308442383 2.945106e+02
447.001756855673705 2.945117e+02
448.001644031538547 2.945131e+02
449.001488167244702 2.945146e+02
450.001314642940144 2.945162e+02
451.001134691673826 2.945181e+02
452.000962682212389 2.945199e+02
453.00081869699693 2.945216e+02
454.00071183168609 2.945233e+02
455.000647795958059 2.945248e+02
456.000639593043331 2.945262e+02
457.000694856402504 2.945276e+02
458.000813434860561 2.945288e+02
459.00100023115175 2.945299e+02
460.001258465553519 2.945310e+02
461.001582506926923 2.945321e+02
462.001968126795759 2.945333e+02
462.999345202376617 2.945344e+02
463.999844995994749 2.945358e+02
465.000389613121399 2.945372e+02
466.000973315170427 2.945388e+02
467.001587766338332 2.945406e+02
467.999150082344215 2.945426e+02
468.999789091949992 2.945447e+02
470.00042519606518 2.945470e+02
471.001043582347222 2.945495e+02
472.00163132899354 2.945522e+02
473.0021781938039 2.945550e+02
473.999604933535124 2.945579e+02
475.000038972616267 2.945607e+02
476.00040424844633 2.945636e+02
477.000693777914989 2.945664e+02
478.000899851729059 2.945691e+02
479.001017715407841 2.945717e+02
480.001044666181031 2.945738e+02
481.000981394305825 2.945758e+02
482.000832192300152 2.945776e+02
483.000600514936878 2.945795e+02
484.000288481180974 2.945812e+02
484.999902224080813 2.945828e+02
485.999452524323885 2.945842e+02
487.002017235674487 2.945856e+02
488.001477966947562 2.945872e+02
489.000918122385826 2.945888e+02
490.000355892537698 2.945902e+02
490.999809134339557 2.945916e+02
491.999296557907257 2.945929e+02
493.001902856605 2.945942e+02
494.001511709580711 2.945953e+02
495.001202656505995 2.945965e+02
496.000986296981011 2.945976e+02
497.000868604143875 2.945987e+02
498.000850303424386 2.945999e+02
499.000927503886203 2.946009e+02
500.001102687643538 2.946021e+02
501.001398933939015 2.946033e+02
502.001781687996811 2.946046e+02
502.999155265734714 2.946059e+02
503.999649552563142 2.946074e+02
505.000189646103081 2.946090e+02
506.000768443397533 2.946107e+02
507.001378780656978 2.946124e+02
508.002015262162161 2.946142e+02
508.999605324949584 2.946161e+02
510.000285334592888 2.946181e+02
511.000982985750966 2.946200e+02
512.001696102426877 2.946221e+02
512.999353997870003 2.946242e+02
514.000096043747021 2.946264e+02
515.000852618524164 2.946287e+02
516.001622353028665 2.946310e+02
516.999332002736423 2.946334e+02
518.000115956677178 2.946357e+02
519.000898196158801 2.946380e+02
520.001674779930795 2.946404e+02
520.999373270804995 2.946427e+02
522.000139182868452 2.946449e+02
523.000896363995821 2.946471e+02
524.001633878977373 2.946492e+02
524.999277388410178 2.946513e+02
525.999962875367828 2.946533e+02
527.000618822990759 2.946554e+02
528.001245925688181 2.946574e+02
528.99877829437537 2.946593e+02
529.999360698365535 2.946612e+02
530.999931798125431 2.946629e+02
532.000501166147842 2.946646e+02
533.001080184075136 2.946662e+02
534.001681543202722 2.946677e+02
534.999248854348366 2.946692e+02
535.999933468121867 2.946706e+02
537.000677227074675 2.946719e+02
538.001489459833351 2.946732e+02
538.999306711642362 2.946745e+02
540.000274898635439 2.946758e+02
541.001327747438495 2.946771e+02
541.999396145529886 2.946784e+02
543.000622233099534 2.946797e+02
543.998861620697767 2.946809e+02
545.00025354852346 2.946822e+02
546.001721613611039 2.946834e+02
547.000188055035551 2.946847e+02
548.00178969097567 2.946860e+02
549.000372494632302 2.946872e+02
549.998999997282453 2.946885e+02
551.000737075461416 2.946899e+02
551.999430876429642 2.946912e+02
553.001220964655658 2.946926e+02
553.999956749311991 2.946941e+02
555.001782320660709 2.946957e+02
556.000548767889541 2.946974e+02
556.999324453825011 2.946990e+02
558.001181218714578 2.947008e+02
558.999971533749772 2.947026e+02
559.998767882301763 2.947044e+02
561.000643282111128 2.947063e+02
561.999451496580264 2.947082e+02
563.001339254177765 2.947100e+02
564.000159740260642 2.947119e+02
564.998986021569976 2.947137e+02
566.000890256544835 2.947154e+02
566.999724013380501 2.947170e+02
568.001632389026781 2.947186e+02
569.000467354990064 2.947201e+02
569.999301564473058 2.947215e+02
571.001208455792494 2.947229e+02
572.000042166862841 2.947241e+02
572.998877343406662 2.947252e+02
574.000789233987916 2.947262e+02
574.999633494860291 2.947272e+02
576.001559552296271 2.947282e+02
577.000423503090587 2.947290e+02
577.999301460860693 2.947299e+02
579.001269395550821 2.947307e+02
580.000182628128073 2.947315e+02
580.999104353632219 2.947322e+02
582.001153436424033 2.947331e+02
583.000183350618272 2.947342e+02
583.999234385807654 2.947352e+02
585.001401826139499 2.947360e+02
586.000542968289324 2.947367e+02
586.99973293660014 2.947373e+02
587.998968891586401 2.947378e+02
589.001323580660937 2.947382e+02
590.000639669730162 2.947386e+02
591.000000019006734 2.947391e+02
591.999399052889316 2.947395e+02
592.998829917723583 2.947401e+02
594.001376701073468 2.947406e+02
595.000887145829438 2.947412e+02
596.000429189874694 2.947418e+02
597.000006035232104 2.947424e+02
597.999618254975985 2.947431e+02
598.999259448090243 2.947438e+02
599.998931297157696 2.947446e+02
601.001712342600172 2.947454e+02
602.001445541525754 2.947462e+02
603.001205729111916 2.947471e+02
604.00099388413696 2.947480e+02
605.000807194785239 2.947489e+02
606.000644878260687 2.947498e+02
607.000509322691187 2.947507e+02
608.000399148645215 2.947516e+02
609.000313210375111 2.947525e+02
610.000253221050343 2.947534e+02
611.000218354593471 2.947543e+02
612.000207758611509 2.947551e+02
613.000222611971367 2.947559e+02
614.000264317285655 2.947567e+02
615.000335114447921 2.947575e+02
616.000436093519625 2.947582e+02
617.000567270518218 2.947588e+02
618.000729466415464 2.947594e+02
619.000923451033032 2.947600e+02
620.001149797420112 2.947605e+02
621.001410508845311 2.947610e+02
622.001706725849886 2.947614e+02
622.998962194422347 2.947619e+02
623.999335482587526 2.947623e+02
624.999751005807298 2.947627e+02
626.000210776691006 2.947630e+02
627.000716261945172 2.947634e+02
628.00126934855075 2.947638e+02
628.998793164848735 2.947642e+02
629.999447690562761 2.947645e+02
631.000156914898525 2.947649e+02
632.000923898570704 2.947653e+02
633.00175125971964 2.947656e+02
633.99956074269835 2.947659e+02
635.000513574023557 2.947663e+02
636.001530801912963 2.947666e+02
636.999531458970409 2.947669e+02
638.000676603318652 2.947673e+02
638.998804795066576 2.947677e+02
640.000077543576026 2.947681e+02
641.001415374662656 2.947685e+02
641.999736209985372 2.947689e+02
643.001203943317137 2.947693e+02
643.999655693382465 2.947698e+02
645.001254524307001 2.947702e+02
645.999836700133073 2.947706e+02
647.001563224215715 2.947710e+02
648.000244467151902 2.947715e+02
648.998955895931545 2.947720e+02
650.000779494392077 2.947725e+02
650.999550975063471 2.947730e+02
652.001435432300809 2.947736e+02
653.000267712277491 2.947741e+02
653.999134617834329 2.947746e+02
655.001120133946529 2.947751e+02
656.00005905790124 2.947755e+02
656.999034917676909 2.947760e+02
658.001130549298296 2.947764e+02
659.000179716246976 2.947768e+02
659.999268123828301 2.947772e+02
661.001480088086623 2.947775e+02
662.000648923567837 2.947779e+02
662.999860480491748 2.947783e+02
663.99911619875445 2.947790e+02
665.001504188566969 2.947802e+02
666.000858100508367 2.947808e+02
667.000259387232973 2.947810e+02
667.999710169582841 2.947813e+02
668.999218333637259 2.947823e+02
669.998790943875861 2.947831e+02
671.001513258828822 2.947834e+02
672.001211530177102 2.947836e+02
673.000974373162421 2.947843e+02
674.000805488397532 2.947849e+02
675.000702860884644 2.947850e+02
676.000651991856557 2.947853e+02
677.000632839092873 2.947856e+02
678.000643740217242 2.947860e+02
679.000688619148377 2.947862e+02
680.000766374422824 2.947864e+02
681.000872744770163 2.947868e+02
682.001010000263705 2.947874e+02
683.001182395364594 2.947879e+02
684.001391642409317 2.947883e+02
685.001639252801851 2.947888e+02
685.998839913628785 2.947891e+02
686.999172147744275 2.947894e+02
687.999550103177967 2.947897e+02
688.999974255639245 2.947899e+02
690.000446302534556 2.947902e+02
691.000971436644818 2.947902e+02
692.001553815428906 2.947903e+02
692.999108926894678 2.947905e+02
693.999817117793555 2.947905e+02
695.000591847232158 2.947905e+02
696.001433782135223 2.947906e+02
696.999254681912021 2.947905e+02
698.000231674093698 2.947903e+02
699.001274476717185 2.947902e+02
699.999292213486342 2.947900e+02
701.000464186010277 2.947899e+02
702.001701090309211 2.947899e+02
702.999909293757128 2.947898e+02
704.001259009062892 2.947896e+02
704.999569977872966 2.947895e+02
706.001025953126259 2.947894e+02
706.999448183435106 2.947891e+02
708.001020417880568 2.947889e+02
708.999561775079542 2.947886e+02
710.001258707567331 2.947883e+02
710.999931230371999 2.947880e+02
712.001767054517813 2.947877e+02
713.000586920421938 2.947873e+02
713.999488939751927 2.947869e+02
715.001560191052363 2.947865e+02
716.000635262117839 2.947861e+02
716.999800153354954 2.947855e+02
717.99905029561819 2.947847e+02
719.001480842944147 2.947841e+02
720.000907919318706 2.947834e+02
721.000427916551416 2.947827e+02
722.000043466564534 2.947820e+02
722.999758446517262 2.947813e+02
723.999577762842932 2.947805e+02
724.999505044911643 2.947797e+02
725.999544304774531 2.947789e+02
726.999696993964903 2.947781e+02
727.999967456420563 2.947774e+02
729.000365433745628 2.947767e+02
730.00089643921001 2.947760e+02
731.001555033894988 2.947754e+02
731.999254651703382 2.947747e+02
733.000207369948953 2.947741e+02
734.001306530223701 2.947734e+02
734.999447555690608 2.947727e+02
736.000843600773237 2.947721e+02
736.999299427339338 2.947715e+02
738.001004684424856 2.947709e+02
738.999756838507324 2.947703e+02
740.001772787917048 2.947697e+02
741.000847405108402 2.947691e+02
742.000082255501979 2.947686e+02
742.999503065077874 2.947681e+02
743.999124100536847 2.947677e+02
744.998927257976902 2.947675e+02
746.001999116280444 2.947672e+02
746.999036315262629 2.947669e+02
747.999361924026744 2.947667e+02
748.999844320819989 2.947664e+02
750.000473211245435 2.947662e+02
751.001263941080083 2.947658e+02
751.999099015118645 2.947654e+02
753.000169211341472 2.947648e+02
754.00137518498957 2.947642e+02
754.999634121816484 2.947635e+02
756.001150149362957 2.947627e+02
756.999685547110403 2.947620e+02
758.001491605048045 2.947614e+02
759.000338952395396 2.947608e+02
759.999306811317638 2.947604e+02
761.00153026925102 2.947601e+02
762.000790112157802 2.947598e+02
763.000169150588818 2.947595e+02
763.999677903279121 2.947592e+02
764.999334460361865 2.947586e+02
765.999113165259473 2.947580e+02
766.999007998879051 2.947572e+02
767.999037890477325 2.947563e+02
768.999184222214126 2.947555e+02
769.999431245718824 2.947546e+02
770.999793696079678 2.947538e+02
772.00026361754567 2.947531e+02
773.000822759723064 2.947525e+02
774.00148132148513 2.947519e+02
774.999124298912761 2.947514e+02
775.999972922473603 2.947509e+02
777.000914261777552 2.947505e+02
778.001956304608711 2.947500e+02
778.999970049437479 2.947495e+02
780.001193427755084 2.947490e+02
780.999400628950752 2.947485e+02
782.000828495699466 2.947479e+02
782.99923450066683 2.947473e+02
784.000866691017904 2.947467e+02
784.999482836895368 2.947461e+02
786.001317659506981 2.947455e+02
787.000138044604796 2.947449e+02
787.999063281413896 2.947443e+02
789.001204815264259 2.947437e+02
790.000316064527738 2.947431e+02
790.999516569658226 2.947424e+02
792.001920571575965 2.947418e+02
793.001279111420899 2.947411e+02
794.000716446526553 2.947404e+02
795.000227317010513 2.947398e+02
795.999807963797366 2.947391e+02
796.999458480433645 2.947386e+02
797.999175927954298 2.947380e+02
798.998957065574132 2.947375e+02
800.00192727285355 2.947370e+02
801.001835424003616 2.947366e+02
802.001804998147691 2.947362e+02
803.001837348974163 2.947357e+02
804.001932811402753 2.947353e+02
804.998963466987902 2.947349e+02
805.9991774774021 2.947345e+02
806.999447027470296 2.947340e+02
807.999768772623725 2.947337e+02
809.000138285167736 2.947334e+02
810.000550179384732 2.947331e+02
811.000999062606184 2.947328e+02
812.001480273083189 2.947324e+02
813.001989673183857 2.947322e+02
813.999394746655867 2.947318e+02
814.999944424845808 2.947315e+02
816.000508234708263 2.947311e+02
817.001082997302206 2.947306e+02
818.001665158461378 2.947302e+02
818.99912682152933 2.947297e+02
819.999721760437183 2.947293e+02
821.000320911176573 2.947288e+02
822.000920837192893 2.947284e+02
823.001518200449823 2.947279e+02
823.998980641115963 2.947275e+02
824.999555408852189 2.947270e+02
826.000109537323169 2.947264e+02
827.000640464138087 2.947259e+02
828.001142799210584 2.947253e+02
829.001610317709947 2.947247e+02
829.998914161064363 2.947240e+02
830.99930588727625 2.947234e+02
831.999656159804204 2.947228e+02
832.999960460786042 2.947221e+02
834.000215743279455 2.947215e+02
835.000420929174993 2.947208e+02
836.000573844992232 2.947202e+02
837.00067403383423 2.947196e+02
838.00072301760531 2.947190e+02
839.000720032024105 2.947185e+02
840.000662101215084 2.947180e+02
841.000549673441355 2.947175e+02
842.000384360165867 2.947170e+02
843.000160777526048 2.947166e+02
843.999873312656746 2.947161e+02
844.999523214248484 2.947158e+02
845.999104779670574 2.947154e+02
847.001733271714556 2.947149e+02
848.001163974265637 2.947145e+02
849.000520360411883 2.947141e+02
849.999798636578021 2.947136e+02
850.999001696261189 2.947131e+02
852.001255044196228 2.947126e+02
853.000314078482916 2.947120e+02
853.999304051841023 2.947114e+02
855.001351698389499 2.947107e+02
856.000217074323928 2.947099e+02
856.999027471917998 2.947092e+02
858.000912400060429 2.947083e+02
858.999631124860457 2.947076e+02
860.001416228332232 2.947067e+02
861.000018598021143 2.947059e+02
862.001665384230819 2.947050e+02
863.000113326232167 2.947042e+02
864.001609962016801 2.947032e+02
864.999921836226122 2.947022e+02
866.001288911311576 2.947011e+02
866.99947300302415 2.946999e+02
868.00071690034224 2.946986e+02
869.001907967284069 2.946972e+02
869.999936475504114 2.946958e+02
871.00104778954244 2.946943e+02
871.999008358562946 2.946929e+02
873.000056240607023 2.946914e+02
874.001070958305036 2.946900e+02
874.998930533822431 2.946886e+02
875.999867827227263 2.946871e+02
877.000760634092217 2.946857e+02
878.001605354974572 2.946843e+02
878.999282274809161 2.946829e+02
880.000025468942113 2.946816e+02
881.000716542370014 2.946802e+02
882.001356129209512 2.946787e+02
883.001945635282709 2.946773e+02
883.99937004710614 2.946759e+02
884.999865443124577 2.946744e+02
886.000318073244216 2.946728e+02
887.000732091078021 2.946713e+02
888.00111225340595 2.946697e+02
889.001463186917476 2.946681e+02
890.001788518687817 2.946665e+02
890.998973922247046 2.946648e+02
891.999252045648973 2.946632e+02
892.999505256048792 2.946616e+02
893.999730590337549 2.946599e+02
894.999924420780303 2.946583e+02
896.000083364939087 2.946566e+02
897.000204745122915 2.946550e+02
898.000286956806917 2.946534e+02
899.00032974443161 2.946519e+02
900.000333393491815 2.946503e+02
901.000297810209986 2.946489e+02
902.0002232028246 2.946474e+02
903.000110243073777 2.946460e+02
903.999960013001669 2.946446e+02
904.999774711802615 2.946431e+02
905.99955748127627 2.946416e+02
906.999311975753358 2.946401e+02
907.999042264650257 2.946385e+02
909.00186546378859 2.946368e+02
910.001554894046649 2.946352e+02
911.001225918720934 2.946335e+02
912.000877985946204 2.946318e+02
913.000510114494432 2.946300e+02
914.000120324725458 2.946283e+02
914.999706313620436 2.946265e+02
915.999266737236212 2.946247e+02
917.001914340746453 2.946228e+02
918.001421565657097 2.946209e+02
919.000903946542735 2.946190e+02
920.000364277782865 2.946171e+02
920.999805892464451 2.946151e+02
921.999232433274074 2.946131e+02
923.001760405233767 2.946110e+02
924.001165750006408 2.946090e+02
925.000563733312106 2.946070e+02
925.999955404177399 2.946049e+02
926.999340756122251 2.946028e+02
928.0018323269951 2.946008e+02
929.001202222666734 2.945987e+02
930.000562103960078 2.945966e+02
930.999910096693839 2.945945e+02
931.999244815972588 2.945924e+02
933.001678171260664 2.945903e+02
934.000982745874694 2.945882e+02
935.00027134997049 2.945862e+02
935.999544375337337 2.945840e+02
937.001916209690194 2.945819e+02
938.001162645560044 2.945798e+02
939.000399816522872 2.945777e+02
939.999630872699299 2.945756e+02
941.001971503969912 2.945735e+02
942.001197548078267 2.945714e+02
943.000422080810154 2.945693e+02
943.999644002720288 2.945671e+02
945.001973614506028 2.945650e+02
946.001181149269996 2.945629e+02
947.000374455755377 2.945609e+02
947.999548762065501 2.945588e+02
949.001811706552303 2.945568e+02
950.000933596465529 2.945548e+02
951.000023510223059 2.945528e+02
951.999078481897413 2.945508e+02
953.001209916806602 2.945489e+02
954.000193787995045 2.945469e+02
954.999143676365975 2.945449e+02
956.001173719635517 2.945429e+02
957.000063758627334 2.945408e+02
957.998928669828956 2.945387e+02
959.000882768239876 2.945366e+02
959.999705799535718 2.945345e+02
961.001622991400382 2.945322e+02
962.000411478314504 2.945301e+02
962.999182205040256 2.945279e+02
964.001044331047069 2.945257e+02
964.999771648845581 2.945236e+02
966.001583464929354 2.945214e+02
967.000253709365325 2.945192e+02
968.002001464082809 2.945169e+02
969.00060302675422 2.945147e+02
969.999169174196254 2.945124e+02
971.000811900450913 2.945100e+02
971.999312873839358 2.945077e+02
973.000897569225913 2.945051e+02
973.999349683504192 2.945026e+02
975.000895455881732 2.945000e+02
975.999319170348031 2.944973e+02
977.000846274770879 2.944946e+02
977.99925951956925 2.944919e+02
979.000781686254072 2.944891e+02
979.999193119411416 2.944863e+02
981.000714014825235 2.944836e+02
981.999122388567571 2.944809e+02
983.000636753075582 2.944783e+02
983.999033743384871 2.944756e+02
985.00053106316318 2.944730e+02
985.998905317588765 2.944704e+02
987.000374974928377 2.944678e+02
988.001829132223975 2.944652e+02
989.000159171793825 2.944626e+02
990.001588539925365 2.944600e+02
990.999901215603813 2.944574e+02
992.001321910428487 2.944547e+02
992.999635134046116 2.944520e+02
994.001064481510866 2.944494e+02
994.999392224567714 2.944468e+02
996.000838530322994 2.944442e+02
996.999180667759902 2.944416e+02
998.000633710590364 2.944392e+02
998.998970516897657 2.944369e+02
1000.00040337506925 2.944347e+02
1001.00181463626552 2.944326e+02
1002.00008823089695 2.944305e+02
1003.00143926532814 2.944285e+02
1003.99964579409277 2.944265e+02
1005.00092588272548 2.944244e+02
1005.99906108282062 2.944223e+02
1007.00027340016959 2.944202e+02
1008.00145663684214 2.944180e+02
1008.99950528849695 2.944157e+02
1010.00064150151616 2.944134e+02
1011.00175787424484 2.944111e+02
1011.99974564511194 2.944087e+02
1013.00082198949667 2.944064e+02
1014.00187502348138 2.944041e+02
1014.99979193172896 2.944018e+02
1016.00078516248072 2.943995e+02
1017.00173907699957 2.943973e+02
1017.9995374889121 2.943951e+02
1019.00039091999429 2.943930e+02
1020.00118540350297 2.943908e+02
1021.00191823486477 2.943886e+02
1021.99948256629409 2.943864e+02
1023.00009641044926 2.943842e+02
1024.00065640266962 2.943817e+02
1025.00116791025971 2.943792e+02
1026.00163717130181 2.943766e+02
1026.99896359117542 2.943739e+02
1027.99936673556772 2.943711e+02
1028.99974441887389 2.943683e+02
1030.00010013253791 2.943653e+02
1031.00043518118491 2.943623e+02
1032.00074946030168 2.943594e+02
1033.00104156473071 2.943563e+02
1034.0013097486169 2.943534e+02
1035.00155222794137 2.943504e+02
1036.00176757204463 2.943474e+02
1037.00195523669595 2.943443e+02
1037.99900936953554 2.943397e+02
1038.9991427250236 2.943354e+02
1039.99925277587568 2.943312e+02
1040.99934489553902 2.943271e+02
1041.9994254253661 2.943230e+02
1042.9995017471972 2.943189e+02
1043.99958189847189 2.943148e+02
1044.99967303353492 2.943106e+02
1045.99977845944522 2.943064e+02
1046.99989829835567 2.943022e+02
1048.00002975008988 2.942980e+02
1049.00016859239281 2.942937e+02
1050.00030946445372 2.942896e+02
1051.00044514995557 2.942855e+02
1052.0005682061751 2.942814e+02
1053.00067196731402 2.942775e+02
1054.00075205961389 2.942736e+02
1055.00080616959826 2.942698e+02
1056.00083427549589 2.942661e+02
1057.00083899016749 2.942624e+02
1058.0008253844403 2.942588e+02
1059.00079907466943 2.942552e+02
1060.00076566909206 2.942526e+02
1061.00073010886081 2.942503e+02
1062.00069585372057 2.942478e+02
1063.00066440156729 2.942452e+02
1064.00063518329898 2.942425e+02
1065.00060475164105 2.942400e+02
1066.00056695076182 2.942374e+02
1067.00051367478795 2.942349e+02
1068.00043616964808 2.942324e+02
1069.0003256961545 2.942300e+02
1070.00017592903259 2.942276e+02
1070.9999832480778 2.942252e+02
1071.99974649986734 2.942229e+02
1072.99946728574241 2.942205e+02
1073.99914960398633 2.942181e+02
1075.00190300889039 2.942157e+02
1076.00152368823137 2.942132e+02
1077.00111973413732 2.942107e+02
1078.00069225817833 2.942082e+02
1079.00334401219197 2.942056e+02
1080.00286391981808 2.942031e+02
1081.00235301915518 2.942004e+02
1082.00180810139022 2.941979e+02
1083.00122630883561 2.941952e+02
1084.00060596727644 2.941925e+02
1085.00304986967194 2.941899e+02
1086.00235125730364 2.941872e+02
1087.0016149826597 2.941844e+02
1088.0008432457555 2.941815e+02
1089.00314206992516 2.941785e+02
1090.00230881754101 2.941754e+02
1091.00145099907104 2.941722e+02
1092.00057334866301 2.941689e+02
1093.00278366020484 2.941655e+02
1094.00188163948769 2.941621e+02
1095.00097483052355 2.941585e+02
1096.0031695908508 2.941550e+02
1097.00226246183911 2.941513e+02
1098.00135636286836 2.941476e+02
1099.0004500958421 2.941435e+02
1100.00264479255975 2.941381e+02
1101.00173346839779 2.941330e+02
1102.00081890593378 2.941281e+02
1103.0030051058493 2.941232e+02
1104.00209047110161 2.941183e+02
1105.00118311501205 2.941135e+02
1106.00339123649019 2.941086e+02
1107.00251363982761 2.941037e+02
1108.00165508060036 2.940988e+02
1109.00081521561378 2.940938e+02
1110.00309442382832 2.940889e+02
1111.00228241841069 2.940840e+02
1112.00147724199473 2.940792e+02
1113.0006736592693 2.940744e+02
1114.00296983681983 2.940698e+02
1115.00215592421159 2.940653e+02
1116.00133204463759 2.940610e+02
1117.00049605950858 2.940567e+02
1118.0027496147693 2.940526e+02
1119.00188589889922 2.940485e+02
1120.00100769633923 2.940445e+02
1121.00321886189499 2.940406e+02
1122.0023161583938 2.940367e+02
1123.00140545735076 2.940329e+02
1124.00048975825916 2.940292e+02
1125.0026743396445 2.940256e+02
1126.00175403924459 2.940219e+02
1127.00082955959056 2.940183e+02
1128.00299951304328 2.940148e+02
1129.00205202222401 2.940113e+02
1130.00108220003631 2.940079e+02
1131.00318492710198 2.940045e+02
1132.00214841345473 2.940021e+02
1133.00107050977022 2.939998e+02
1134.00305063378983 2.939975e+02
1135.00188266047826 2.939950e+02
1136.0006671410938 2.939924e+02
1137.00250443264849 2.939898e+02
1138.00118971691336 2.939872e+02
1139.00292480930125 2.939845e+02
1140.00150631131623 2.939817e+02
1141.00313664573241 2.939789e+02
1142.00161430550361 2.939761e+02
1143.00314110644831 2.939732e+02
1144.00151531736742 2.939702e+02
1145.00293799113274 2.939672e+02
1146.00120941405544 2.939641e+02
1147.00253215785528 2.939610e+02
1148.00070160860014 2.939578e+02
1149.00193168365809 2.939545e+02
1150.00312943125664 2.939511e+02
1151.00119803508528 2.939477e+02
1152.00233967335953 2.939441e+02
1153.0003589855753 2.939405e+02
1154.0014592781306 2.939367e+02
1155.00254587113614 2.939327e+02
1156.00052436385977 2.939287e+02
1157.00159849924353 2.939246e+02
1158.00267405232466 2.939204e+02
1159.00065628270931 2.939161e+02
1160.00174764795634 2.939107e+02
1161.00285122228252 2.939048e+02
1162.00086999545579 2.938991e+02
1163.00200419602584 2.938933e+02
1164.00315511176336 2.938877e+02
1165.00122462223408 2.938821e+02
1166.00241392571661 2.938765e+02
1167.00052541431774 2.938709e+02
1168.00175917594083 2.938652e+02
1169.00301553849431 2.938596e+02
1170.00119368536775 2.938539e+02
1171.00249190195564 2.938483e+02
1172.00070878004635 2.938427e+02
1173.00204307841182 2.938371e+02
1174.00339319409431 2.938316e+02
1175.0016581760608 2.938262e+02
1176.00303802271401 2.938209e+02
1177.00133177191151 2.938158e+02
1178.00273961655284 2.938107e+02
1179.00105980464718 2.938058e+02
1180.00249120404123 2.938010e+02
1181.0008316586252 2.937964e+02
1182.00228161568725 2.937918e+02
1183.00063971566328 2.937873e+02
1184.00211024519558 2.937830e+02
1185.0004894180347 2.937787e+02
1186.00197598430509 2.937746e+02
1187.00344084586936 2.937705e+02
1188.0017936833483 2.937665e+02
1189.00323760702645 2.937625e+02
1190.00157093118582 2.937586e+02
1191.00299111895197 2.937548e+02
1192.00129213753121 2.937510e+02
1193.00266946109241 2.937474e+02
1194.0009174904842 2.937438e+02
1195.00223205997054 2.937402e+02
1196.00040975633988 2.937366e+02
1197.00164778586873 2.937332e+02
1198.00284405191314 2.937308e+02
1199.00089782706345 2.937283e+02
1200.00200712220999 2.937256e+02
1201.0030706239063 2.937229e+02
1202.00098654214685 2.937202e+02
1203.00194999175505 2.937175e+02
1204.00285835816089 2.937147e+02
1205.00061049838291 2.937119e+02
1206.00140275029821 2.937090e+02
1207.00213805707995 2.937060e+02
1208.00281914631273 2.937029e+02
1209.00344882381205 2.936997e+02
1210.000932599203 2.936964e+02
1211.00146969177854 2.936930e+02
1212.00196758100242 2.936894e+02
1213.00243333482854 2.936857e+02
1214.00287551322822 2.936818e+02
1215.00330309176093 2.936778e+02
1216.00062748788446 2.936737e+02
1217.00105010964671 2.936695e+02
1218.00147874952859 2.936642e+02
1219.00191602789801 2.936583e+02
1220.00236447013822 2.936524e+02
1221.00282751111195 2.936465e+02
1222.00330997676338 2.936405e+02
1223.00072061756373 2.936345e+02
1224.001261468959 2.936284e+02
1225.00183965419023 2.936223e+02
1226.0024569816203 2.936160e+02
1227.00311252492679 2.936097e+02
1228.00070489036716 2.936034e+02
1229.00142597898912 2.935970e+02
1230.00217397416941 2.935907e+02
1231.00294576185888 2.935844e+02
1232.0006410286453 2.935782e+02
1233.00145557512042 2.935720e+02
1234.00229112645297 2.935658e+02
1235.00314953563361 2.935597e+02
1236.00093569198634 2.935537e+02
1237.00185134122535 2.935478e+02
1238.00280144685803 2.935419e+02
1239.00068913755945 2.935361e+02
1240.00171429765555 2.935303e+02
1241.00277946419055 2.935247e+02
1242.00078466525565 2.935192e+02
1243.00192566688042 2.935138e+02
1244.00309918956555 2.935085e+02
1245.00120039514195 2.935034e+02
1246.00242215766548 2.934983e+02
1247.00055842426377 2.934933e+02
1248.00180157609543 2.934885e+02
1249.00304561412486 2.934837e+02
1250.00118562208195 2.934792e+02
1251.00241719314386 2.934747e+02
1252.0005369022399 2.934703e+02
1253.00174002621657 2.934661e+02
1253.99982286052204 2.934618e+02
1255.00098007951465 2.934578e+02
1256.00210800377181 2.934537e+02
1257.00010429677673 2.934497e+02
1258.0011664314568 2.934458e+02
1259.00219439411126 2.934419e+02
1260.00008966901737 2.934382e+02
1261.00105136446086 2.934346e+02
1262.00198101060732 2.934309e+02
1262.99977880744564 2.934276e+02
1264.00063669602673 2.934239e+02
1265.00144875300339 2.934202e+02
1266.00220851511995 2.934176e+02
1267.0029130738601 2.934148e+02
1268.00046636706429 2.934118e+02
1269.00106784144327 2.934087e+02
1270.00162447615594 2.934055e+02
1271.00214111256741 2.934022e+02
1272.0026212753437 2.933990e+02
1272.99996863460433 2.933956e+02
1274.00037726724713 2.933921e+02
1275.00074881831665 2.933884e+02
1276.0010816151464 2.933842e+02
1277.00137575828694 2.933796e+02
1278.00163495878905 2.933756e+02
1279.0018675744393 2.933700e+02
1280.00208355377481 2.933646e+02
1281.00229651568065 2.933591e+02
1282.00252010411373 2.933535e+02
1283.00276401698147 2.933478e+02
1283.99993683129446 2.933419e+02
1285.00023511698078 2.933359e+02
1286.00056534491659 2.933298e+02
1287.00093216666846 2.933236e+02
1288.00134037767748 2.933173e+02
1289.00179471117735 2.933109e+02
1290.00229996378971 2.933044e+02
1291.00285797616402 2.932979e+02
1292.00036777436867 2.932914e+02
1293.00101997204069 2.932849e+02
1294.00170903689968 2.932784e+02
1295.00242530870037 2.932720e+02
1296.00006252175308 2.932657e+02
1297.00081490354069 2.932594e+02
1298.00158857998281 2.932533e+02
1299.00239234760738 2.932471e+02
1300.00013777971503 2.932410e+02
1301.0010313767184 2.932349e+02
1302.00197992922494 2.932288e+02
1303.00298327045198 2.932227e+02
1304.00093722098836 2.932167e+02
1305.00203421123729 2.932109e+02
1306.00006897349886 2.932051e+02
1307.00123418926523 2.931995e+02
1308.00242539445844 2.931940e+02
1309.00053951081054 2.931887e+02
1310.00177244227257 2.931835e+02
1310.99992007499304 2.931783e+02
1312.0011763277937 2.931733e+02
1313.00243407958305 2.931683e+02
1314.00058530289994 2.931635e+02
1315.00182251992646 2.931588e+02
1315.99994251366047 2.931542e+02
1317.00114564304158 2.931497e+02
1318.00233454018985 2.931452e+02
1319.00041021710626 2.931409e+02
1320.00157090599305 2.931366e+02
1321.00271537501521 2.931324e+02
1322.00073937859679 2.931283e+02
1323.0018344556072 2.931241e+02
1324.00289523989477 2.931201e+02
1325.00081911118377 2.931161e+02
1326.00180090879985 2.931120e+02
1327.00274087609705 2.931080e+02
1328.00054401683292 2.931040e+02
1329.0014119374016 2.930998e+02
1330.00224915573062 2.930957e+02
1330.99996097486724 2.930913e+02
1332.00074701801668 2.930869e+02
1333.00150961102531 2.930825e+02
1334.00224906962399 2.930779e+02
1335.00296615075172 2.930733e+02
1336.00056754847128 2.930687e+02
1337.00125804538698 2.930640e+02
1338.00193984055727 2.930592e+02
1339.00261172745331 2.930544e+02
1340.00018425337089 2.930496e+02
1341.00084878108396 2.930445e+02
1342.0014942384048 2.930392e+02
1343.00213020232377 2.930339e+02
1344.00276329983967 2.930284e+02
1345.0002858951209 2.930227e+02
1346.00090960382795 2.930170e+02
1347.00156086190918 2.930111e+02
1348.00223897516344 2.930050e+02
1349.00295692051645 2.929988e+02
1350.00063492733557 2.929924e+02
1351.00146207175067 2.929858e+02
1352.00233584373973 2.929793e+02
1353.00016214734774 2.929727e+02
1354.00112798119176 2.929660e+02
1355.00213063111414 2.929595e+02
1356.00007885076366 2.929529e+02
1357.00116896089412 2.929462e+02
1358.00230402745706 2.929396e+02
1359.00039220243548 2.929328e+02
1360.00163164141372 2.929260e+02
1361.00292344540412 2.929191e+02
1362.00117009495239 2.929123e+02
1363.00256719382855 2.929055e+02
1364.00091224923972 2.928988e+02
1365.00240834991087 2.928921e+02
1366.00084893381631 2.928855e+02
1367.00243155237081 2.928790e+02
1368.00095355661733 2.928727e+02
1369.00261098739043 2.928663e+02
1370.00119468459002 2.928601e+02
1371.00290194610693 2.928540e+02
1372.00152324762939 2.928479e+02
1373.00015572458733 2.928419e+02
1374.00190026401879 2.928361e+02
1375.00055414659596 2.928303e+02
1376.00232275962389 2.928246e+02
1377.0010071696131 2.928190e+02
1378.00281199146843 2.928134e+02
1379.00153347157288 2.928080e+02
1380.00027019609752 2.928027e+02
1381.00211655758949 2.927974e+02
1382.00085960912793 2.927923e+02
1383.00269302992183 2.927873e+02
1384.00140428318832 2.927824e+02
1385.00008936765857 2.927777e+02
1386.00184728951604 2.927730e+02
1387.00047359679161 2.927684e+02
1388.00217075306637 2.927638e+02
1389.0007385481008 2.927594e+02
1390.00238268848511 2.927549e+02
1391.00090460431647 2.927504e+02
1392.00250964773159 2.927459e+02
1393.00099759695945 2.927413e+02
1394.00257033600315 2.927369e+02
1395.00102532880646 2.927324e+02
1396.00256145723188 2.927279e+02
1397.00097329971618 2.927234e+02
1398.00245867944477 2.927188e+02
1399.00081306448055 2.927141e+02
1400.00223531606616 2.927093e+02
1401.00052460890583 2.927044e+02
1402.00188233477661 2.926993e+02
1403.00010969680261 2.926941e+02
1404.00140910628397 2.926888e+02
1405.00268669687853 2.926832e+02
1406.00084555683929 2.926776e+02
1407.00208689974716 2.926717e+02
1408.00021390158054 2.926658e+02
1409.00142899702041 2.926596e+02
1410.00263692639487 2.926534e+02
1411.0007420445238 2.926470e+02
1412.00194445305488 2.926405e+02
1413.00004511042448 2.926339e+02
1414.00124379316685 2.926272e+02
1415.00244139427537 2.926204e+02
1416.00053798372915 2.926135e+02
1417.00173677106704 2.926065e+02
1418.002943851792 2.925994e+02
1419.00106448700399 2.925923e+02
1420.00230334188063 2.925850e+02
1421.00046334822582 2.925778e+02
1422.00174636149632 2.925704e+02
1422.99995467828899 2.925630e+02
1424.00128900045115 2.925557e+02
1425.00264865237477 2.925483e+02
1426.00093157390256 2.925409e+02
1427.00233917361174 2.925336e+02
1428.00067045534774 2.925264e+02
1429.00212748191802 2.925191e+02
1430.0005088238147 2.925120e+02
1431.00201383961098 2.925049e+02
1432.00044090574852 2.924979e+02
1433.00199128105851 2.924909e+02
1434.0004614976765 2.924840e+02
1435.00205160859059 2.924772e+02
1436.00056470765162 2.924705e+02
1437.00220434205107 2.924639e+02
1438.00076761136211 2.924575e+02
1439.00245556578716 2.924512e+02
1440.00106406474492 2.924449e+02
1441.00279221641131 2.924388e+02
1442.00143207454221 2.924328e+02
1443.00007853083207 2.924268e+02
1444.00182501949189 2.924209e+02
1445.00046134600893 2.924153e+02
1446.0021850154792 2.924097e+02
1447.00079010550598 2.924043e+02
1448.00247693505662 2.923989e+02
1449.00104207940694 2.923937e+02
1450.00268903579399 2.923885e+02
1451.00121911312408 2.923833e+02
1452.00283747557887 2.923783e+02
1453.00134396367821 2.923734e+02
1454.00293995703191 2.923685e+02
1455.00142109060971 2.923636e+02
1456.00298503038084 2.923588e+02
1457.00142603237987 2.923540e+02
1458.00294271562666 2.923492e+02
1459.00133271661025 2.923445e+02
1460.00279787862269 2.923397e+02
1461.00113847720763 2.923349e+02
1462.00255659049981 2.923300e+02
1463.00085255738941 2.923249e+02
1464.00222776166197 2.923196e+02
1465.00048245990911 2.923143e+02
1466.00181756880534 2.923087e+02
1467.00003386582284 2.923031e+02
1468.00133057639869 2.922972e+02
1469.00260541896705 2.922912e+02
1470.00075517012897 2.922852e+02
1471.00197694717895 2.922790e+02
1472.00007133632084 2.922728e+02
1473.00123861654129 2.922665e+02
1474.00238160213075 2.922602e+02
1475.0004060161466 2.922538e+02
1476.00151867046384 2.922473e+02
1477.00262784388633 2.922406e+02
1478.00063974744762 2.922338e+02
1479.00175850359074 2.922268e+02
1480.00288703829347 2.922197e+02
1481.00092577526561 2.922125e+02
1482.00207126665373 2.922053e+02
1483.00012523957093 2.921980e+02
1484.00129138179886 2.921907e+02
1485.00247835353912 2.921834e+02
1486.00059697389838 2.921760e+02
1487.00185462124182 2.921686e+02
1488.00005559854935 2.921610e+02
1489.00139818180264 2.921533e+02
1490.00277465643694 2.921456e+02
1491.00107601532045 2.921379e+02
1492.00249661587736 2.921301e+02
1493.00083489346025 2.921224e+02
1494.00229707804169 2.921147e+02
1495.00069238045012 2.921070e+02
1496.00223414149718 2.920993e+02
1497.00072913902932 2.920915e+02
1498.00238442158752 2.920837e+02
1499.00099621338927 2.920759e+02
1500.00275849758964 2.920681e+02
1501.00145684275662 2.920606e+02
1502.00018152267467 2.920531e+02
1503.00202785655961 2.920458e+02
1504.00079226776893 2.920386e+02
1505.00268387275742 2.920315e+02
1506.00150770358459 2.920245e+02
1507.00037178138837 2.920174e+02
1508.00237922823408 2.920105e+02
1509.00132061275303 2.920036e+02
1510.00028972868222 2.919968e+02
1511.00237773325807 2.919902e+02
1512.00136751858986 2.919838e+02
1513.00035202990694 2.919776e+02
1514.00243156680381 2.919716e+02
1515.00140575796286 2.919657e+02
1516.00038406620797 2.919600e+02
1517.00247265563894 2.919543e+02
1518.00146479967862 2.919486e+02
1519.00045317933973 2.919429e+02
1520.00252430395722 2.919373e+02
1521.00145592097851 2.919317e+02
1522.00033903383724 2.919263e+02
1523.00227359509381 2.919210e+02
1524.00106501287814 2.919158e+02
1525.00293406124388 2.919107e+02
1526.00169612543596 2.919054e+02
1527.00046695400738 2.919002e+02
1528.00235113987219 2.918948e+02
1529.00113444045655 2.918893e+02
1529.99989846103563 2.918838e+02
1531.00172188613465 2.918782e+02
1532.00038424183413 2.918726e+02
1533.00208373148303 2.918671e+02
1534.00062904696233 2.918615e+02
1535.00224465426663 2.918558e+02
1536.00075216415576 2.918497e+02
1537.00237052384023 2.918432e+02
1538.00090171922284 2.918365e+02
1539.00254055657592 2.918293e+02
1540.00106804576058 2.918220e+02
1541.00266614041493 2.918147e+02
1542.00111729674563 2.918073e+02
1543.00261998556789 2.918000e+02
1544.00098178244775 2.917927e+02
1545.00241532676705 2.917853e+02
1546.00072944768954 2.917778e+02
1547.0021426308208 2.917701e+02
1548.00046688836983 2.917621e+02
1549.00190682685229 2.917540e+02
1550.00025962855693 2.917458e+02
1551.00172450639616 2.917376e+02
1552.00009655222084 2.917296e+02
1553.00157820720347 2.917216e+02
1553.9999764436518 2.917137e+02
1555.00150947932707 2.917059e+02
1555.99999451793701 2.916980e+02
1557.00164279645446 2.916900e+02
1558.00025401614153 2.916818e+02
1559.00202764842606 2.916735e+02
1560.00074988070105 2.916651e+02
1561.00260528117383 2.916566e+02
1562.00137854892387 2.916482e+02
1563.00017517328342 2.916399e+02
1564.00210739512841 2.916317e+02
1565.00098289031803 2.916235e+02
1565.99991871874863 2.916152e+02
1567.00202866757286 2.916068e+02
1568.00110542667562 2.915984e+02
1569.00023976691091 2.915901e+02
1570.00251836297889 2.915818e+02
1571.00172054009681 2.915738e+02
1572.00093990694995 2.915661e+02
1573.00016805088535 2.915586e+02
1574.00250405953125 2.915512e+02
1575.00175314910007 2.915439e+02
1576.00103720441552 2.915365e+02
1577.00036614171154 2.915291e+02
1578.00284926573045 2.915217e+02
1579.00227893950182 2.915141e+02
1580.00174820900656 2.915067e+02
1581.00123917557858 2.914994e+02
1582.00073503305384 2.914922e+02
1583.00022492716198 2.914853e+02
1584.00280774311864 2.914786e+02
1585.00228093295095 2.914720e+02
1586.00175294847691 2.914656e+02
1587.00123042474866 2.914593e+02
1588.00072320312233 2.914530e+02
1589.0002327407949 2.914468e+02
1590.00285301992426 2.914407e+02
1591.00235741942038 2.914346e+02
1592.00183006095381 2.914287e+02
1593.00125564676591 2.914229e+02
1594.00062849346682 2.914174e+02
1594.99995382955854 2.914120e+02
1596.00234822964785 2.914066e+02
1597.00161911215491 2.914011e+02
1598.00087787869188 2.913956e+02
1599.0001228463816 2.913898e+02
1600.00244588005376 2.913838e+02
1601.00162392447464 2.913778e+02
1602.00074510821878 2.913718e+02
1603.0029047639398 2.913659e+02
1604.00190215554858 2.913599e+02
1605.00085299193347 2.913538e+02
1606.00287660947038 2.913475e+02
1607.00178178591273 2.913409e+02
1608.00067450130268 2.913341e+02
1609.00265112779994 2.913270e+02
1610.00150005727596 2.913198e+02
1611.00031477443054 2.913124e+02
1612.00218631363214 2.913050e+02
1613.00091224390326 2.912977e+02
1614.00270392534139 2.912902e+02
1615.0013739342462 2.912826e+02
1616.00003691047641 2.912749e+02
1617.00180502815215 2.912669e+02
1618.00047947135363 2.912587e+02
1619.00226127438373 2.912504e+02
1620.00093961259017 2.912419e+02
1621.00271308193942 2.912333e+02
1622.0013716988467 2.912247e+02
1623.00001387990915 2.912163e+02
1624.00175797547172 2.912077e+02
1625.00042523984484 2.911990e+02
1626.00223176139025 2.911903e+02
1627.00097941188028 2.911816e+02
1628.00288118661319 2.911725e+02
1629.00173351020794 2.911634e+02
1630.00061152825401 2.911542e+02
1631.00259615300365 2.911450e+02
1632.00149377120715 2.911359e+02
1633.00041609992286 2.911269e+02
1634.0024544650289 2.911180e+02
1635.00141325995719 2.911092e+02
1636.00043794574526 2.911001e+02
1637.0026383325303 2.910910e+02
1638.00177092392323 2.910820e+02
1639.00093187376046 2.910730e+02
1640.00014527193025 2.910638e+02
1641.00249140066171 2.910550e+02
1642.00171962694844 2.910466e+02
1643.0009554977587 2.910380e+02
1644.0002481474387 2.910295e+02
1645.002686869846 2.910214e+02
1646.00204834511214 2.910130e+02
1647.00148066834504 2.910044e+02
1648.00100087392912 2.909964e+02
1649.000543136646 2.909883e+02
1650.00009968411109 2.909798e+02
1651.00283692125208 2.909721e+02
1652.00252144457568 2.909650e+02
1653.00220674753541 2.909573e+02
1654.0019531955179 2.909496e+02
1655.00179901870638 2.909431e+02
1656.00164562614918 2.909361e+02
1657.00148120448625 2.909281e+02
1658.00138991629979 2.909216e+02
1659.00129482159605 2.909155e+02
1660.00110135519276 2.909082e+02
1661.00092457878259 2.909014e+02
1662.0008027742731 2.908960e+02
1663.00060116498844 2.908895e+02
1664.00038719404529 2.908823e+02
1665.00028668188361 2.908767e+02
1666.00016282947468 2.908708e+02
1666.99995474683988 2.908633e+02
1668.0029224589498 2.908572e+02
1669.00279703278238 2.908520e+02
1670.00249704479097 2.908450e+02
1671.00217160087891 2.908383e+02
1672.00193519081563 2.908333e+02
1673.00157969321981 2.908270e+02
1674.00114003244175 2.908194e+02
1675.00082733727595 2.908134e+02
1676.00051206605599 2.908073e+02
1677.00006046914245 2.907990e+02
1678.00277123177034 2.907914e+02
1679.00244579290143 2.907853e+02
1680.00194615489727 2.907774e+02
1681.00138483346086 2.907689e+02
1682.00093677501786 2.907626e+02
1683.00039896222711 2.907555e+02
1684.00283785592319 2.907466e+02
1685.00228629668322 2.907391e+02
1686.00177374491886 2.907322e+02
1687.00111117343658 2.907232e+02
1688.00046433535636 2.907143e+02
1688.99989950112058 2.907070e+02
1690.00230031330989 2.906985e+02
1691.00152355473097 2.906888e+02
1692.00085941426346 2.906808e+02
1693.00016884624893 2.906728e+02
1694.00248991140393 2.906629e+02
1695.00181458664815 2.906537e+02
1696.00122102280284 2.906455e+02
1697.00053190451058 2.906358e+02
1698.00297287448325 2.906256e+02
1699.00242978154711 2.906171e+02
1700.001827278664 2.906080e+02
1701.00117665365292 2.905977e+02
1702.00065401147799 2.905886e+02
1703.00016865658722 2.905799e+02
1704.00271856332665 2.905697e+02
1705.00225727461293 2.905595e+02
1706.00190740131256 2.905507e+02
1707.0014907730565 2.905407e+02
1708.00107030953768 2.905299e+02
1709.00077002635908 2.905206e+02
1710.00044727141108 2.905116e+02
1711.00004676784579 2.905013e+02
1712.00284626267876 2.904917e+02
1713.00260291598488 2.904832e+02
1714.00228707455858 2.904734e+02
1715.00202157986701 2.904635e+02
1716.00187147228576 2.904551e+02
1717.0016631148851 2.904461e+02
1718.00141276256977 2.904361e+02
1719.00128273173937 2.904274e+02
1720.00116783529302 2.904193e+02
1721.00095994402363 2.904099e+02
1722.00083914887045 2.904009e+02
1723.00083615052085 2.903935e+02
1724.00076831886122 2.903850e+02
1725.00071838063855 2.903758e+02
1726.00082458277871 2.903683e+02
1727.00091004491492 2.903608e+02
1728.00090896530673 2.903517e+02
1729.00102404072231 2.903438e+02
1730.00117789434967 2.903372e+02
1731.00116684011937 2.903288e+02
1732.00118410394248 2.903204e+02
1733.00134514968499 2.903139e+02
1734.0014132691831 2.903064e+02
1735.00144984309713 2.902976e+02
1736.0016828307414 2.902905e+02
1737.00190241936957 2.902840e+02
1738.0019510859895 2.902757e+02
1739.00210544842548 2.902682e+02
1740.00236673479549 2.902624e+02
1741.0024561923999 2.902551e+02
1742.00254838760816 2.902470e+02
1743.00284595136145 2.902407e+02
1743.99993148253657 2.902339e+02
1744.99996304891147 2.902251e+02
1746.00015787273173 2.902177e+02
1747.00038698896537 2.902114e+02
1748.0004056279588 2.902032e+02
1749.0004920881895 2.901950e+02
1750.00075927429361 2.901887e+02
1751.00087266053197 2.901812e+02
1752.00091800662335 2.901723e+02
1753.00118884092262 2.901652e+02
1754.00143575290667 2.901584e+02
1755.001495083397 2.901494e+02
1756.00168096910397 2.901412e+02
1757.00197718595632 2.901346e+02
1758.00204226751021 2.901264e+02
1759.00208525258699 2.901174e+02
1760.00236896749243 2.901103e+02
1761.0025779731252 2.901028e+02
1762.00265759760077 2.900933e+02
1763.00294818194084 2.900850e+02
1764.00020526174831 2.900777e+02
1765.00035310109229 2.900684e+02
1766.00053265129327 2.900590e+02
1767.00086662288982 2.900514e+02
1768.00101195365892 2.900431e+02
1769.00103778985044 2.900333e+02
1770.00127056924066 2.900250e+02
1771.00150182156017 2.900171e+02
1772.00155374333895 2.900072e+02
1773.0017307071837 2.899975e+02
1774.00203416759337 2.899892e+02
1775.00211952460063 2.899797e+02
1776.00213561120836 2.899692e+02
1777.00231279510513 2.899606e+02
1778.00237022492024 2.899521e+02
1779.00224488070376 2.899418e+02
1780.00227050842977 2.899326e+02
1781.00235889439568 2.899245e+02
1782.00226053018673 2.899144e+02
1783.00222341168615 2.899041e+02
1784.00237131711356 2.898954e+02
1785.00236867724357 2.898861e+02
1786.00225703004708 2.898755e+02
1787.00231542680081 2.898666e+02
1788.00233823585131 2.898584e+02
1789.00217936588274 2.898485e+02
1790.00214634231634 2.898391e+02
1791.00224749491917 2.898312e+02
1792.0022049784443 2.898217e+02
1793.00219563989481 2.898116e+02
1794.00239583273969 2.898031e+02
1795.00249511231777 2.897943e+02
1796.00245094298702 2.897841e+02
1797.00256821481025 2.897750e+02
1798.00270137968141 2.897671e+02
1799.0026357388017 2.897576e+02
1800.00267322689092 2.897482e+02
1801.00291329722745 2.897403e+02
1802.00303736251158 2.897313e+02
1803.00004854736176 2.897210e+02
1804.00040935100697 2.897122e+02
1805.00070204262943 2.897038e+02
1806.00078780906415 2.896939e+02
1807.00100721211379 2.896849e+02
1808.0013031892131 2.896773e+02
1809.00141428030156 2.896685e+02
1810.00161140113505 2.896591e+02
1811.00206205190239 2.896512e+02
1812.00242003014455 2.896427e+02
1813.00271269800714 2.896327e+02
1814.00012358854497 2.896242e+02
1815.00059637583354 2.896165e+02
1816.00080324777514 2.896073e+02
1817.00111212875095 2.895986e+02
1818.00157579788629 2.895916e+02
1819.0018403404008 2.895836e+02
1820.00211391491985 2.895746e+02
1821.00268661131258 2.895670e+02
1822.00009407759671 2.895591e+02
1823.00044436024268 2.895494e+02
1824.00096637741899 2.895408e+02
1825.00149634412764 2.895333e+02
1826.00170736410382 2.895246e+02
1827.00194352136759 2.895158e+02
1828.0024101169306 2.895089e+02
1829.00273715947287 2.895013e+02
1830.00300443084348 2.894921e+02
1831.00045263898551 2.894840e+02
1832.00099925219433 2.894762e+02
1833.00127325495555 2.894668e+02
1834.00162456818953 2.894577e+02
1835.00205353102251 2.894502e+02
1836.00219093590226 2.894419e+02
1837.00225904313402 2.894328e+02
1838.0025714532967 2.894251e+02
1839.00282263651229 2.894173e+02
1840.00295378815713 2.894076e+02
1841.00023845919054 2.893984e+02
1842.00073831516715 2.893901e+02
1843.00097281335638 2.893803e+02
1844.00118330457144 2.893704e+02
1845.00152860086837 2.893621e+02
1846.00163493182913 2.893538e+02
1847.00158877656577 2.893443e+02
1848.00181053533288 2.893356e+02
1849.00211237483904 2.893273e+02
1850.00227324245088 2.893172e+02
1851.00258854713547 2.893067e+02
1852.00304439952515 2.892975e+02
1853.00012066636236 2.892875e+02
1854.00015523959564 2.892768e+02
1855.00034841508977 2.892677e+02
1856.00043306749694 2.892590e+02
1857.00037830593033 2.892489e+02
1858.00061381690739 2.892391e+02
1859.00106391329996 2.892303e+02
1860.00137388984604 2.892200e+02
1861.00174247368773 2.892090e+02
1862.002285805886 2.891995e+02
1863.00255734819689 2.891899e+02
1864.00255665449799 2.891792e+02
1865.00269495665793 2.891699e+02
1866.00283475011292 2.891614e+02
1867.00282736793315 2.891511e+02
1867.99996052118854 2.891408e+02
1869.00049781012285 2.891317e+02
1870.00089626761201 2.891215e+02
1871.00123965085004 2.891104e+02
1872.00176418256251 2.891010e+02
1873.0021002925514 2.890923e+02
1874.00214656704361 2.890823e+02
1875.00234101167621 2.890729e+02
1876.00267073427972 2.890644e+02
1877.00282909424368 2.890553e+02
1877.999971773487 2.890455e+02
1879.00052313981814 2.890354e+02
1880.00107169749595 2.890260e+02
1881.0014558306359 2.890165e+02
1882.00179839857083 2.890066e+02
1883.00205128092898 2.889973e+02
1884.00214573127073 2.889888e+02
1885.00235078381047 2.889795e+02
1886.00280441573273 2.889702e+02
1887.00021943260595 2.889615e+02
1888.00080073934555 2.889522e+02
1889.00150245788586 2.889424e+02
1890.00208998607468 2.889334e+02
1891.0024071177013 2.889248e+02
1892.00265614437581 2.889156e+02
1893.00290873727704 2.889068e+02
1893.99999196142721 2.888988e+02
1895.00033271109305 2.888900e+02
1896.00097606652207 2.888804e+02
1897.00168143157521 2.888716e+02
1898.002312778136 2.888624e+02
1899.00292741399562 2.888526e+02
1900.00022708331153 2.888436e+02
1901.00027710467634 2.888354e+02
1902.00025949708083 2.888266e+02
1903.00040155874058 2.888178e+02
1904.00064293767878 2.888098e+02
1905.0011019189069 2.888010e+02
1906.00188100071614 2.887914e+02
1907.00265309356041 2.887821e+02
1908.00004046676781 2.887732e+02
1909.00034585211574 2.887638e+02
1910.00043839890145 2.887553e+02
1911.00025114302116 2.887480e+02
1912.00011687350093 2.887402e+02
1913.00034482463047 2.887316e+02
1914.00081791898356 2.887229e+02
1915.00145812903406 2.887135e+02
1916.00227490195016 2.887038e+02
1917.00291263234158 2.887045e+02
1918.00304645028496 2.887103e+02
1919.00286304256451 2.887175e+02
1920.00260077648272 2.887256e+02
1921.00233772731781 2.887344e+02
1922.00236751031366 2.887426e+02
1923.00290659043617 2.887493e+02
1924.00055589382964 2.887551e+02
1925.00120566711985 2.887601e+02
1926.0016382374165 2.887645e+02
1927.00157142931971 2.887695e+02
1928.00076613916281 2.887757e+02
1929.00261525651877 2.887823e+02
1930.0013595464402 2.887897e+02
1931.00018512160864 2.887974e+02
1932.00221987556642 2.888041e+02
1933.00135628828912 2.888104e+02
1934.0004172442359 2.888172e+02
1935.00206459140395 2.888252e+02
1936.00004290208449 2.888336e+02
1937.00067635434061 2.888429e+02
1938.00088523692511 2.888536e+02
1939.00088261350015 2.888651e+02
1940.00107575703828 2.888761e+02
1941.00160313649576 2.888867e+02
1942.00229333281436 2.888964e+02
1942.99996398989197 2.889050e+02
1944.00064835467469 2.889140e+02
1945.00088134039333 2.889248e+02
1946.00053064676445 2.889367e+02
1947.00290435720149 2.889501e+02
1948.0020154770782 2.889649e+02
1949.00109985769154 2.889806e+02
1950.00041388032969 2.889951e+02
1951.00010416049759 2.890096e+02
1952.00303240405992 2.890232e+02
1953.00272038149069 2.890358e+02
1954.00212887492262 2.890483e+02
1955.00109745069631 2.890628e+02
1956.00265407786765 2.890794e+02
1957.00086505201534 2.890967e+02
1958.00230558721137 2.891142e+02
1959.00101494671571 2.891310e+02
1960.00016072941207 2.891453e+02
1961.00278211770024 2.891592e+02
1962.00238463083952 2.891724e+02
1963.00168430702251 2.891854e+02
1964.00048744726223 2.892006e+02
1965.0018999345541 2.892180e+02
1966.00301233854884 2.892375e+02
1967.00108482080464 2.892576e+02
1968.0026306430359 2.892768e+02
1969.00161186449259 2.892934e+02
1970.00099965613845 2.893082e+02
1971.00064990116539 2.893212e+02
1972.00036478182369 2.893337e+02
1973.00288666877327 2.893468e+02
1974.00187707495866 2.893624e+02
1975.00056502825259 2.893806e+02
1976.00228241074342 2.894003e+02
1977.00101486079552 2.894198e+02
1978.00005677956915 2.894383e+02
1979.00247529999706 2.894542e+02
1980.0021163844317 2.894699e+02
1981.00188566226643 2.894843e+02
1982.00134563913707 2.894985e+02
1983.00025528420019 2.895151e+02
1984.00179522299368 2.895319e+02
1985.00300082612375 2.895503e+02
1986.00092218957639 2.895711e+02
1987.00201867342798 2.895921e+02
1988.00051726442734 2.896092e+02
1989.00260398416367 2.896239e+02
1990.0018164970561 2.896383e+02
1991.00126123233053 2.896509e+02
1992.00067501935496 2.896643e+02
1993.00268270629113 2.896829e+02
1994.00110845997551 2.897028e+02
1995.00242051404734 2.897231e+02
1996.00056088842325 2.897454e+02
1997.00175381090298 2.897667e+02
1998.00022437070993 2.897821e+02
1999.00224276424342 2.897941e+02
2000.00108337309848 2.898079e+02
2001.00291143696904 2.898220e+02
2002.00159426370851 2.898359e+02
2003.0028260392171 2.898533e+02
2004.00031811734539 2.898727e+02
2005.00079827309969 2.898913e+02
2006.00145260925569 2.899105e+02
2007.00204837949104 2.899310e+02
2008.00299131052816 2.899492e+02
2009.00167980689321 2.899645e+02
2010.00052265647787 2.899809e+02
2011.00211120546783 2.899999e+02
2012.00055947733654 2.900212e+02
2013.00181283863071 2.900448e+02
2014.00234467188193 2.900709e+02
2015.0026295387388 2.900968e+02
2016.00055567555 2.901196e+02
2017.00222009370418 2.901402e+02
2018.00132157442772 2.901595e+02
2019.00145193406502 2.901759e+02
2020.00230407466665 2.901922e+02
2021.00289298085204 2.902117e+02
2022.00303429332484 2.902343e+02
2023.00293178734455 2.902589e+02
2024.00244544653515 2.902855e+02
2025.00151667905152 2.903130e+02
2026.0007804651691 2.903380e+02
2027.00060406483203 2.903592e+02
2028.00006979393561 2.903787e+02
2029.00179640332703 2.903970e+02
2030.00014164783784 2.904148e+02
2031.00069010557877 2.904343e+02
2032.0028809478315 2.904563e+02
2033.00138542356399 2.904792e+02
2034.0000407932539 2.905019e+02
2035.00129465026293 2.905250e+02
2036.00179589148752 2.905473e+02
2037.00258336423485 2.905662e+02
2038.00017447106143 2.905832e+02
2039.00207529136901 2.906015e+02
2040.00288917499415 2.906217e+02
2041.00094326292128 2.906428e+02
2042.0005881586917 2.906657e+02
2043.00142164969725 2.906894e+02
2044.00001704105057 2.907123e+02
2045.00232319153361 2.907331e+02
2046.00295749772408 2.907512e+02
2047.00045729613703 2.907666e+02
2048.00207983748669 2.907812e+02
2049.00160496174294 2.907962e+02
2050.00264624701504 2.908161e+02
2051.00183000680636 2.908398e+02
2052.00065723772741 2.908651e+02
2053.00158759105852 2.908914e+02
2054.00125244305764 2.909169e+02
2055.00230754587983 2.909391e+02
2056.00242649605343 2.909572e+02
2057.00208027150347 2.909730e+02
2058.00205077027931 2.909911e+02
2059.00102169839192 2.910172e+02
2060.00257895314235 2.910529e+02
2061.00235444392456 2.910916e+02
2062.00290161560679 2.911264e+02
2063.00021037806891 2.911557e+02
2064.00109288464409 2.911789e+02
2065.00197071522871 2.911983e+02
2066.00104085390603 2.912184e+02
2067.00207497358315 2.912450e+02
2068.00070873469394 2.912796e+02
2069.00298006046387 2.913191e+02
2070.00269359917957 2.913583e+02
2071.00008923917449 2.913910e+02
2072.00041765715514 2.914149e+02
2073.00225464610912 2.914328e+02
2074.00009238387656 2.914517e+02
2075.00118037794482 2.914771e+02
2076.00236465590206 2.915101e+02
2077.00092334515739 2.915472e+02
2078.00080302412834 2.915831e+02
2079.00114382943275 2.916139e+02
2080.00043798741763 2.916389e+02
2081.00217799851316 2.916610e+02
2082.00093216743198 2.916845e+02
2083.00280298578582 2.917138e+02
2084.00184082446549 2.917476e+02
2085.00147687073786 2.917825e+02
2086.00202097628926 2.918156e+02
2087.00281848633722 2.918446e+02
2088.00291401294089 2.918703e+02
2089.00277954439844 2.918928e+02
2090.00042221718832 2.919160e+02
2091.00160724783518 2.919439e+02
2092.00018902260354 2.919762e+02
2093.00256934839081 2.920098e+02
2094.00231339928951 2.920413e+02
2095.00176404787453 2.920699e+02
2096.00068645069814 2.920959e+02
2097.00296985715477 2.921215e+02
2098.00295353862566 2.921499e+02
2099.00041783201095 2.921828e+02
2100.00110174945894 2.922184e+02
2101.00171652525341 2.922538e+02
2102.00235843518703 2.922871e+02
2103.00279453132771 2.923178e+02
2104.00291220143708 2.923479e+02
2105.00062909022063 2.923804e+02
2106.00219839718147 2.924151e+02
2107.00040537058567 2.924503e+02
2108.00157705295123 2.924848e+02
2109.00045823324672 2.925183e+02
2110.00271944325141 2.925489e+02
2111.00170609149427 2.925774e+02
2112.00082439277685 2.926052e+02
2113.00051563314219 2.926326e+02
2114.00077069549388 2.926596e+02
2115.00120070372122 2.926876e+02
2116.00196021943793 2.927163e+02
2117.00057178291036 2.927448e+02
2118.0000981140638 2.927745e+02
2119.00292774493255 2.928053e+02
2120.00264445293988 2.928380e+02
2121.00286201337758 2.928730e+02
2122.00109260062209 2.929075e+02
2123.00074566359399 2.929397e+02
2124.00180820129617 2.929694e+02
2125.00092197106051 2.929968e+02
2126.00044429488162 2.930231e+02
2127.00017515812124 2.930486e+02
2128.00013729308102 2.930720e+02
2128.99999714595288 2.930916e+02
2130.00246330764594 2.931086e+02
2131.00101549217015 2.931249e+02
2132.00185069119698 2.931443e+02
2133.00226667820925 2.931719e+02
2134.00253023979849 2.932096e+02
2135.00260606466691 2.932569e+02
2136.00264291812255 2.933077e+02
2137.00294867733101 2.933540e+02
2138.00029154702497 2.933921e+02
2139.00026226008458 2.934241e+02
2140.00255946218067 2.934548e+02
2141.00119220431861 2.934843e+02
2142.002529832238 2.935123e+02
2143.00033934443491 2.935388e+02
2144.00041172097235 2.935616e+02
2145.00219103406062 2.935765e+02
2146.00236970273227 2.935835e+02
2147.00118046961143 2.935907e+02
2148.00192055921343 2.936050e+02
2149.00143122672353 2.936290e+02
2150.00247207187431 2.936614e+02
2151.00214126770925 2.936995e+02
2152.00109855071287 2.937401e+02
2153.00284706055618 2.937770e+02
2154.00149200504393 2.938084e+02
2155.00020316143673 2.938358e+02
2156.00216583856582 2.938612e+02
2157.00159610913443 2.938822e+02
2158.00175343520732 2.938742e+02
2159.00267541031462 2.938526e+02
2160.0010755867047 2.938292e+02
2161.00261338580503 2.937991e+02
2162.00060596224876 2.937608e+02
2163.00081311247368 2.937217e+02
2164.00005923894287 2.936834e+02
2165.00147413871855 2.936517e+02
2166.00222930726568 2.936300e+02
2167.00280888399038 2.936137e+02
2168.00099285743454 2.935967e+02
2169.00073558464919 2.935762e+02
2170.00279178528945 2.935508e+02
2171.00131011822032 2.935223e+02
2172.00261259572562 2.934935e+02
2173.00034754531771 2.934643e+02
2174.00009532556896 2.934332e+02
2175.00109584542133 2.934000e+02
2176.0025764685679 2.933661e+02
2177.0007515872926 2.933361e+02
2178.00133775467157 2.933156e+02
2179.00114898659058 2.933062e+02
2180.00071044815559 2.933041e+02
2181.00070562948667 2.933048e+02
2182.00194380304492 2.933063e+02
2183.00186830695975 2.933079e+02
2184.00056159503401 2.933090e+02
2185.00075609789019 2.933090e+02
2186.00192860393963 2.933060e+02
2187.00063472339616 2.933025e+02
2188.00286614870811 2.933101e+02
2189.00213367100196 2.933196e+02
2190.00117689644594 2.933290e+02
2191.00011328767005 2.933345e+02
2192.00237581018428 2.933342e+02
2193.00154780801631 2.933287e+02
2194.00054660729256 2.933197e+02
2195.00221396940924 2.933095e+02
2196.00021871183753 2.933007e+02
2197.00075272339382 2.932940e+02
2198.00061739778039 2.932898e+02
2199.002808028461 2.932901e+02
2200.00117379322774 2.932960e+02
2201.00220832305968 2.933083e+02
2201.99997694230069 2.933243e+02
2203.00100448118792 2.933404e+02
2204.00238858320881 2.933541e+02
2205.00124153509023 2.933649e+02
2206.00086335637798 2.933728e+02
2207.00113790964087 2.933778e+02
2208.00158190565617 2.933802e+02
2209.00131843241479 2.933810e+02
2210.00204846193219 2.933809e+02
2211.00240887974405 2.933815e+02
2212.00206523857696 2.933841e+02
2213.00217184691701 2.933912e+02
2214.00123778437364 2.934059e+02
2215.00060923180718 2.934289e+02
2216.00117230177921 2.934578e+02
2217.00164559607765 2.934855e+02
2218.00122259590535 2.935067e+02
2219.00296382172246 2.935193e+02
2220.00067803746697 2.935250e+02
2221.00098268648253 2.935265e+02
2222.00135368270867 2.935262e+02
2223.002022329601 2.935260e+02
2224.00020887477103 2.935269e+02
2225.00232885268906 2.935296e+02
2226.00241970785601 2.935349e+02
2227.00049706478512 2.935430e+02
2228.00272008729462 2.935524e+02
2229.00285086359145 2.935624e+02
2230.00083476602913 2.935700e+02
2231.00276510915819 2.935724e+02
2232.00224169449302 2.935667e+02
2233.0021381459469 2.935549e+02
2234.00224922802181 2.935408e+02
2235.00243483125996 2.935278e+02
2236.00281191572412 2.935182e+02
2237.00047732254507 2.935117e+02
2238.00152190031531 2.935074e+02
2239.00254146363568 2.935056e+02
2240.0004586787486 2.935076e+02
2241.00167478436606 2.935122e+02
2242.00007016078871 2.935184e+02
2243.00195675494069 2.935247e+02
2244.00133628835465 2.935314e+02
2245.00144366713812 2.935384e+02
2246.00192005716599 2.935474e+02
2247.0022117972153 2.935582e+02
2248.00186561119426 2.935701e+02
2249.00057374770495 2.935827e+02
2250.00154186303143 2.935965e+02
2251.00164791523366 2.936135e+02
2252.00104234016862 2.936347e+02
2253.00303514553343 2.936617e+02
2254.00100869558355 2.936937e+02
2255.00060251014247 2.937274e+02
2256.00199672584404 2.937584e+02
2257.00242230824369 2.937823e+02
2258.00217498229722 2.937967e+02
2259.00168725870844 2.938019e+02
2260.00136589918293 2.937993e+02
2261.00128296658568 2.937908e+02
2262.00133420660268 2.937794e+02
2263.0014419919562 2.937681e+02
2264.00130947112712 2.937572e+02
2265.0006536458036 2.937483e+02
2266.00223837905878 2.937427e+02
2267.00285556352355 2.937423e+02
2268.00262923480432 2.937482e+02
2269.0018139038666 2.937610e+02
2270.00074264008754 2.937786e+02
2271.00289909211961 2.937975e+02
2272.00251651320013 2.938153e+02
2273.00293064888729 2.938299e+02
2274.00137943299069 2.938399e+02
2275.00114476579438 2.938448e+02
2276.00219973235335 2.938450e+02
2277.00134746682306 2.938406e+02
2278.00154737200864 2.938323e+02
2279.00259838220745 2.938219e+02
2280.00123164187789 2.938111e+02
2281.00023810011362 2.938011e+02
2282.00230447099602 2.937931e+02
2283.00078644113955 2.937881e+02
2284.00152026213664 2.937867e+02
2285.0012577955149 2.937898e+02
2286.00012578271389 2.937989e+02
2287.00138582757654 2.938150e+02
2288.00235705096702 2.938376e+02
2289.00055617901307 2.938635e+02
2290.0023494811303 2.938904e+02
2291.00130175111235 2.939179e+02
2292.00066531484481 2.939423e+02
2293.00048883775708 2.939613e+02
2294.00062876174252 2.939725e+02
2295.00128364187458 2.939769e+02
2296.00275530882709 2.939735e+02
2297.00173268055369 2.939640e+02
2298.00133985689172 2.939515e+02
2299.00150438951232 2.939394e+02
2300.0015623209315 2.939305e+02
2301.00116079857935 2.939257e+02
2302.00023703167881 2.939268e+02
2303.00195936108912 2.939363e+02
2304.00075034676502 2.939559e+02
2305.00008345428796 2.939861e+02
2306.00254911727598 2.940266e+02
2307.0016797647254 2.940710e+02
2308.00049894859558 2.941141e+02
2309.00200590042732 2.941499e+02
2309.99997051610762 2.941742e+02
2311.00076974553031 2.941827e+02
2312.00154653553773 2.941776e+02
2313.00257423275707 2.941624e+02
2314.00098780365306 2.941389e+02
2315.00302629910993 2.941069e+02
2316.00254350830119 2.940708e+02
2317.00240858917459 2.940393e+02
2318.00241637994623 2.940214e+02
2319.00270016852846 2.940181e+02
2320.0001804198032 2.940257e+02
2321.00120872766092 2.940423e+02
2322.00192994156896 2.940694e+02
2323.00227649077397 2.941078e+02
2324.00281237772106 2.941549e+02
2325.00019276103103 2.942045e+02
2325.99995924412042 2.942479e+02
2327.00218768351806 2.942770e+02
2328.00155813832771 2.942883e+02
2329.00109508238484 2.942803e+02
2330.00044907589745 2.942597e+02
2331.00293260097942 2.942288e+02
2332.003034701856 2.941870e+02
2333.00096577238492 2.941367e+02
2334.00281116788256 2.940905e+02
2335.00019471160567 2.940635e+02
2336.00290310103219 2.940583e+02
2337.00284459970271 2.940688e+02
2338.00274421153154 2.940882e+02
2339.00215257142327 2.941134e+02
2340.00009602215732 2.941479e+02
2341.0027809037324 2.941973e+02
2342.00031255399017 2.942551e+02
2343.00158137469998 2.943133e+02
2344.00148547438539 2.943585e+02
2345.00192997595013 2.943806e+02
2346.00088008449393 2.943766e+02
2347.00080032986943 2.943549e+02
2348.00023707511355 2.943232e+02
2349.00113452513369 2.942860e+02
2350.00097288858296 2.942359e+02
2351.00089563093616 2.941822e+02
2352.0014360430273 2.941363e+02
2353.00030433475922 2.941132e+02
2354.00046589364274 2.941161e+02
2355.00296555937803 2.941362e+02
2356.00086636694232 2.941612e+02
2357.00173460923907 2.941876e+02
2358.00257748776812 2.942201e+02
2359.0021921682569 2.942607e+02
2360.00092686410244 2.943052e+02
2361.00228595681619 2.943446e+02
2362.0000229055845 2.943702e+02
2363.00109028305951 2.943790e+02
2364.00047324523803 2.943722e+02
2365.00112214931323 2.943508e+02
2366.00142925630007 2.943208e+02
2367.00057864736982 2.942804e+02
2368.00226899073232 2.942340e+02
2369.00180083273335 2.941922e+02
2370.00051593699163 2.941636e+02
2371.00183841331682 2.941555e+02
2372.00093369107026 2.941657e+02
2373.00226924991148 2.941845e+02
2374.00270338104792 2.942050e+02
2375.00261842038435 2.942270e+02
2376.00139101970308 2.942525e+02
2377.00221372419628 2.942832e+02
2378.00266498893097 2.943170e+02
2378.99996806554373 2.943474e+02
2380.00068880510798 2.943672e+02
2381.00197778009579 2.943721e+02
2382.00087841244567 2.943649e+02
2383.00279626258362 2.943452e+02
2384.00063509056645 2.943136e+02
2385.00062726085844 2.942718e+02
2386.0006564258033 2.942283e+02
2387.00178582533044 2.941971e+02
2388.00018495877248 2.941856e+02
2389.00079702700987 2.941906e+02
2390.00163854364337 2.942064e+02
2391.00176314798273 2.942264e+02
2392.00149517485625 2.942485e+02
2393.0003442463867 2.942751e+02
2394.00013877120409 2.943117e+02
2395.00128281584193 2.943560e+02
2396.00147950540259 2.943991e+02
2397.00131445689522 2.944313e+02
2398.0015553385756 2.944485e+02
2399.0023007188006 2.944482e+02
2400.00281884135939 2.944339e+02
2401.00257741011319 2.944079e+02
2402.0016173345025 2.943709e+02
2403.00103681305018 2.943253e+02
2404.00264728070533 2.942807e+02
2405.00200085760844 2.942519e+02
2406.00126541308919 2.942456e+02
2407.00083132713871 2.942569e+02
2408.00225253916187 2.942764e+02
2409.00243945043621 2.942983e+02
2410.00090099135195 2.943220e+02
2411.00332973791001 2.943496e+02
2412.00111075035556 2.943826e+02
2413.00094350077461 2.944188e+02
2414.00309140910258 2.944510e+02
2415.00228068526712 2.944722e+02
2416.00230933214789 2.944782e+02
2417.00283888727017 2.944689e+02
2418.00316123657194 2.944486e+02
2419.00292728307886 2.944171e+02
2420.0025406173354 2.943765e+02
2421.00051728316794 2.943319e+02
2422.0019685804823 2.942961e+02
2423.00098847294021 2.942798e+02
2424.00179623060694 2.942827e+02
2425.00186447376973 2.942975e+02
2426.00308875765313 2.943159e+02
2427.0027381672603 2.943344e+02
2428.00080484663522 2.943546e+02
2429.00274197742419 2.943801e+02
2430.00299583600872 2.944112e+02
2431.00252569750501 2.944434e+02
2432.00186898719994 2.944705e+02
2433.00151305471354 2.944860e+02
2434.00172489879969 2.944877e+02
2435.00222154431049 2.944783e+02
2436.00255386973413 2.944565e+02
2437.00264786221578 2.944248e+02
2438.00321631694078 2.943845e+02
2439.00270936049264 2.943454e+02
2440.00254281319349 2.943194e+02
2441.00216015675051 2.943121e+02
2442.00246891903953 2.943199e+02
2443.00152663959898 2.943352e+02
2444.00205306004182 2.943527e+02
2445.00082640925302 2.943718e+02
2446.00333044840954 2.943954e+02
2447.00068851681954 2.944250e+02
2448.00315216757508 2.944585e+02
2449.00204716836743 2.944899e+02
2450.00096202110126 2.945115e+02
2451.00351660676415 2.945194e+02
2452.00048613750096 2.945140e+02
2453.00099811250038 2.944982e+02
2454.00167522690253 2.944719e+02
2455.00275994171852 2.944376e+02
2456.00206231092943 2.943981e+02
2457.0007114273053 2.943651e+02
2458.00214441022126 2.943476e+02
2459.00208751176024 2.943470e+02
2460.00171728132091 2.943571e+02
2461.00325684374502 2.943714e+02
2462.00330043110444 2.943874e+02
2463.00109080276115 2.944067e+02
2464.00272049406612 2.944329e+02
2465.00293358253202 2.944644e+02
2466.00243745376247 2.944965e+02
2467.00165348123483 2.945233e+02
2468.00110927169635 2.945377e+02
2469.00118473886596 2.945381e+02
2470.00168568237268 2.945284e+02
2471.00242875821004 2.945087e+02
2472.00337644633419 2.944816e+02
2473.00200922767635 2.944467e+02
2474.00220604204878 2.944106e+02
2475.00117203467016 2.943851e+02
2476.00171904260742 2.943760e+02
2477.00297885436021 2.943812e+02
2478.00109555251356 2.943938e+02
2479.00176419150466 2.944095e+02
2480.00064330529767 2.944294e+02
2481.00338782071503 2.944567e+02
2482.0013210647262 2.944909e+02
2483.00133815824438 2.945262e+02
2484.00079180426519 2.945558e+02
2485.00317781476906 2.945731e+02
2486.00277400245568 2.945753e+02
2487.00257010625683 2.945659e+02
2488.00244252752964 2.945498e+02
2489.00243915979445 2.945262e+02
2490.00287321945507 2.944969e+02
2491.00108134272614 2.944621e+02
2492.00327028849415 2.944311e+02
2493.00317870343224 2.944136e+02
2494.00085387885019 2.944112e+02
2495.00247645408535 2.944207e+02
2496.00096361147416 2.944381e+02
2497.00145965846514 2.944631e+02
2498.00071172874004 2.944946e+02
2499.00192984411433 2.945275e+02
2500.00212300553585 2.945581e+02
2501.00154504325474 2.945814e+02
2502.00059880561275 2.945931e+02
2503.00244939235563 2.945923e+02
2504.00073664162392 2.945817e+02
2505.00171566051722 2.945655e+02
2506.00296614691979 2.945432e+02
2507.00169869676893 2.945177e+02
2508.0009956958952 2.944907e+02
2509.00079525420188 2.944671e+02
2510.00087422554816 2.944529e+02
2511.00096414722157 2.944508e+02
2512.00107713544912 2.944607e+02
2513.0009378663467 2.944799e+02
2514.00295222469413 2.945051e+02
2515.00113227456768 2.945309e+02
2516.00206799153239 2.945540e+02
2517.00239191997889 2.945723e+02
2518.00143066812007 2.945834e+02
2519.00271927769745 2.945872e+02
2520.00145033765557 2.945845e+02
2521.00071708343557 2.945772e+02
2522.00342198589897 2.945648e+02
2523.00048067033003 2.945485e+02
2524.00076544410331 2.945322e+02
2525.00353688081759 2.945195e+02
2526.00307165389631 2.945110e+02
2527.00295280870705 2.945084e+02
2528.00206339688702 2.945137e+02
2529.00349651740135 2.945247e+02
2530.00194183336953 2.945377e+02
2531.00300804404469 2.945511e+02
2532.0029908111128 2.945641e+02
2533.00308092978457 2.945754e+02
2534.00070968313048 2.945832e+02
2535.00122831501267 2.945869e+02
2536.00194772684154 2.945875e+02
2537.00076200492003 2.945849e+02
2538.0032134280641 2.945783e+02
2539.00187315009316 2.945681e+02
2540.00333902500006 2.945581e+02
2541.00287459098809 2.945502e+02
2542.00250617106531 2.945462e+02
2543.0008203000707 2.945482e+02
2544.00242884135014 2.945555e+02
2545.00200470549089 2.945646e+02
2546.00335596576451 2.945735e+02
2547.00330907060106 2.945823e+02
2548.00133266550029 2.945897e+02
2549.00289880824948 2.945958e+02
2550.00048977161168 2.946014e+02
2551.00148623286123 2.946059e+02
2552.00088180005514 2.946066e+02
2553.00348527767164 2.946031e+02
2554.00197290587312 2.945965e+02
2555.00081399260534 2.945887e+02
2556.00057857128377 2.945813e+02
2557.00259950284817 2.945765e+02
2558.00118234008733 2.945770e+02
2559.00129281109548 2.945807e+02
2560.00164708396687 2.945850e+02
2561.0034150882434 2.945896e+02
2562.0023075612653 2.945943e+02
2563.00203662995682 2.945985e+02
2564.00070242571974 2.946030e+02
2565.00213546500754 2.946083e+02
2566.00188887625336 2.946137e+02
2567.00231750509465 2.946169e+02
2568.00218401523034 2.946174e+02
2569.0021187748539 2.946141e+02
2570.00231627242283 2.946071e+02
2571.00167747428759 2.945997e+02
2572.00084060742802 2.945956e+02
2573.00096954394212 2.945950e+02
2574.00155485775986 2.945970e+02
2575.00196311878653 2.945999e+02
2576.00222797423112 2.946020e+02
2577.0024458795433 2.946027e+02
2578.00197099306251 2.946040e+02
2579.00102376138921 2.946074e+02
2580.00340803450581 2.946123e+02
2581.00319515221599 2.946176e+02
2582.00351354563145 2.946224e+02
2583.00096195244532 2.946249e+02
2584.00141168640039 2.946247e+02
2585.00171415163322 2.946207e+02
2586.00171329355817 2.946151e+02
2587.0015045033947 2.946109e+02
2588.00159624700336 2.946098e+02
2589.00237669326725 2.946117e+02
2590.00049839784742 2.946145e+02
2591.0012756823171 2.946165e+02
2592.00175109192833 2.946166e+02
2593.00216994517268 2.946159e+02
2594.00205991147868 2.946172e+02
2595.00167004832156 2.946207e+02
2596.00167357453893 2.946250e+02
2597.00209986330447 2.946291e+02
2598.00251139369129 2.946323e+02
2599.00292079169685 2.946340e+02
2600.00334205993977 2.946329e+02
2601.00352917874852 2.946299e+02
2602.00341800656543 2.946272e+02
2603.0034042879779 2.946258e+02
2604.00079978021449 2.946261e+02
2605.00164953413559 2.946271e+02
2606.00240338598587 2.946278e+02
2607.00300233329835 2.946275e+02
2608.00047784348044 2.946265e+02
2609.00082951703644 2.946263e+02
2610.00102937374413 2.946278e+02
2611.00129424070383 2.946303e+02
2612.00172648626176 2.946333e+02
2613.0022715730679 2.946362e+02
2614.00285252396179 2.946379e+02
2615.00341771079184 2.946378e+02
2616.00083038127923 2.946364e+02
2617.00125022655175 2.946350e+02
2618.00168619707574 2.946339e+02
2619.00223796268119 2.946334e+02
2620.00292937420772 2.946333e+02
2621.00063717635385 2.946327e+02
2622.00147243852416 2.946315e+02
2623.00231055817494 2.946298e+02
2624.00312171929681 2.946289e+02
2625.00082390340913 2.946290e+02
2626.00161981902147 2.946297e+02
2627.00247595921883 2.946310e+02
2628.00341161919869 2.946327e+02
2629.0013361695901 2.946339e+02
2630.00238181798386 2.946345e+02
2631.00344099734866 2.946344e+02
2632.00142314432242 2.946340e+02
2633.00249930538894 2.946338e+02
2634.00053858357614 2.946338e+02
2635.00173740915625 2.946339e+02
2636.00301996189091 2.946339e+02
2637.00128245436554 2.946335e+02
2638.00266428833993 2.946329e+02
2639.00098464480197 2.946319e+02
2640.00239717094064 2.946309e+02
2641.00073998695734 2.946305e+02
2642.00217753920333 2.946303e+02
2643.00054704519835 2.946306e+02
2644.00200631427606 2.946312e+02
2645.00346582388192 2.946319e+02
2646.00183242259482 2.946323e+02
2647.00326315811571 2.946328e+02
2648.00160053019135 2.946334e+02
2649.00301824600729 2.946337e+02
2650.00136388060264 2.946338e+02
2651.00280962839634 2.946336e+02
2652.00120186204003 2.946332e+02
2653.00270648796823 2.946327e+02
2654.00115081356171 2.946319e+02
2655.00268756134028 2.946310e+02
2656.0011509059409 2.946302e+02
2657.00270102494733 2.946294e+02
2658.00117140895918 2.946288e+02
2659.00272462405837 2.946284e+02
2660.00119283709864 2.946280e+02
2661.00273264624138 2.946276e+02
2662.00118545120267 2.946277e+02
2663.00272570080597 2.946279e+02
2664.00119233224586 2.946279e+02
2665.00275148577612 2.946276e+02
2666.00125356595981 2.946272e+02
2667.00287229334936 2.946265e+02
2668.00143956553757 2.946256e+02
2669.00312010494781 2.946247e+02
2670.00176003827482 2.946239e+02
2671.00352033837135 2.946231e+02
2672.0022180249116 2.946219e+02
2673.00093285605953 2.946212e+02
2674.00276834208034 2.946202e+02
2675.00155867535932 2.946196e+02
2676.00345277276301 2.946193e+02
2677.00229267828763 2.946193e+02
2678.00117490923139 2.946193e+02
2679.00317417246833 2.946192e+02
2680.00211711875772 2.946190e+02
2681.00110810576234 2.946187e+02
2682.00324825298867 2.946182e+02
2683.00235353739799 2.946175e+02
2684.0014963589997 2.946169e+02
2685.00070182938998 2.946162e+02
2686.00306809732729 2.946155e+02
2687.0023966361905 2.946149e+02
2688.00175317374851 2.946145e+02
2689.00116308199358 2.946141e+02
2690.00063394752306 2.946138e+02
2691.00320994680942 2.946137e+02
2692.00270929854605 2.946138e+02
2693.00225795792176 2.946139e+02
2694.00185994395315 2.946140e+02
2695.00146445966266 2.946141e+02
2696.00105713871926 2.946142e+02
2697.00068375614183 2.946143e+02
2698.00342466546044 2.946140e+02
2699.00306229721264 2.946137e+02
2700.00270145776358 2.946133e+02
2701.00240367955075 2.946125e+02
2702.00215512886825 2.946116e+02
2703.00190141306575 2.946105e+02
2704.0016711311464 2.946094e+02
2705.00152217718824 2.946084e+02
2706.00141698513789 2.946074e+02
2707.00129744479318 2.946067e+02
2708.0012122266553 2.946062e+02
2709.00122155568579 2.946057e+02
2710.00126814246914 2.946052e+02
2711.00130135490917 2.946048e+02
2712.00139119377764 2.946043e+02
2713.00158383293319 2.946036e+02
2714.00179544322691 2.946028e+02
2715.00198900846181 2.946020e+02
2716.00225651231722 2.946011e+02
2717.00262166475295 2.946000e+02
2718.00298641660447 2.945988e+02
2719.0033453225933 2.945975e+02
2720.00071939861527 2.945961e+02
2721.00126766239146 2.945948e+02
2722.00178277183932 2.945935e+02
2723.00234075281742 2.945923e+02
2724.0030286407864 2.945910e+02
2725.00061778218833 2.945900e+02
2726.00129033289841 2.945892e+02
2727.00209976783935 2.945884e+02
2728.00295388573477 2.945877e+02
2729.00069198861684 2.945869e+02
2730.00161712034742 2.945861e+02
2731.0026249610155 2.945852e+02
2732.00052817364985 2.945842e+02
2733.00158033174603 2.945832e+02
2734.00273410224645 2.945821e+02
2735.00081123691825 2.945810e+02
2736.00201478776171 2.945799e+02
2737.00331958963443 2.945788e+02
2738.00157594539087 2.945778e+02
2739.0029454593564 2.945767e+02
2740.00130347684399 2.945758e+02
2741.00280472024542 2.945747e+02
2742.00122518928993 2.945738e+02
2743.00279294294432 2.945729e+02
2744.00133614528067 2.945720e+02
2745.00299592314968 2.945711e+02
2746.00161424850103 2.945702e+02
2747.00340226108074 2.945691e+02
2748.00214376758095 2.945679e+02
2749.00093289531378 2.945667e+02
2750.00289049084404 2.945654e+02
2751.00181496684399 2.945640e+02
2752.00079009483125 2.945627e+02
2753.00293675927651 2.945615e+02
2754.00206551846622 2.945603e+02
2755.0012421724 2.945590e+02
2756.00050327555255 2.945578e+02
2757.00293680085269 2.945566e+02
2758.00233792240397 2.945553e+02
2759.0018076632573 2.945541e+02
2760.00135434899721 2.945529e+02
2761.00096687137784 2.945517e+02
2762.00064788039572 2.945505e+02
2763.00350399778699 2.945492e+02
2764.00334123096036 2.945479e+02
2765.00325684623203 2.945466e+02
2766.00326124879984 2.945453e+02
2767.00335503738461 2.945439e+02
2768.00353723808894 2.945425e+02
2769.00071913544843 2.945412e+02
2770.00110402977862 2.945399e+02
2771.00160077534838 2.945386e+02
2772.00220593461472 2.945374e+02
2773.0029266401948 2.945362e+02
2774.00067302216212 2.945349e+02
2775.00164527981769 2.945337e+02
2776.00274686668808 2.945325e+02
2777.00087933513669 2.945313e+02
2778.0022449921139 2.945301e+02
2779.00064539068353 2.945289e+02
2780.00228133942028 2.945278e+02
2781.00094669379223 2.945266e+02
2782.00283678231426 2.945254e+02
2783.00174401246386 2.945242e+02
2784.00076630574904 2.945231e+02
2785.00300802061611 2.945220e+02
2786.00227475686188 2.945209e+02
2787.00168523660932 2.945199e+02
2788.00124877444432 2.945188e+02
2789.00095999271161 2.945177e+02
2790.00080935709639 2.945166e+02
2791.00079553932983 2.945153e+02
2792.00092031626627 2.945140e+02
2793.00118631041823 2.945127e+02
2794.00159634651209 2.945114e+02
2795.0021523184455 2.945103e+02
2796.00285319303248 2.945092e+02
2797.00058686614921 2.945081e+02
2798.00156665867689 2.945071e+02
2799.002681870787 2.945062e+02
2800.00082298432608 2.945053e+02
2801.0022095688737 2.945045e+02
2802.00062274118045 2.945035e+02
2803.00227980061391 2.945025e+02
2804.00095494526522 2.945014e+02
2805.00286761856432 2.945001e+02
2806.00178935434906 2.944986e+02
2807.00082666647722 2.944972e+02
2808.00308464607451 2.944958e+02
2809.0023302760701 2.944943e+02
2810.00167119687103 2.944930e+02
2811.00110239852347 2.944917e+02
2812.00061969243097 2.944905e+02
2813.00333460879301 2.944893e+02
2814.00301656974852 2.944881e+02
2815.00277836664964 2.944868e+02
2816.00262219351089 2.944856e+02
2817.00254805909026 2.944843e+02
2818.00255644716754 2.944830e+02
2819.00264831952336 2.944815e+02
2820.00282719197367 2.944801e+02
2821.00309804974677 2.944787e+02
2822.00346570656211 2.944772e+02
2823.00081255937084 2.944758e+02
2824.00136961983435 2.944745e+02
2825.00201657482876 2.944731e+02
2826.00274981876737 2.944718e+02
2827.00044753802194 2.944704e+02
2828.00134366532393 2.944691e+02
2829.00232015091842 2.944679e+02
2830.00337379377697 2.944666e+02
2831.00138123639044 2.944653e+02
2832.00257542220061 2.944640e+02
2833.00071612756574 2.944628e+02
2834.00203964940283 2.944615e+02
2835.00342540651309 2.944602e+02
2836.00175186153501 2.944590e+02
2837.00325490761861 2.944577e+02
2838.0016934755522 2.944565e+02
2839.00330704494854 2.944553e+02
2840.00185453139147 2.944541e+02
2841.00045531799742 2.944530e+02
2842.00222903551139 2.944519e+02
2843.00093228028027 2.944507e+02
2844.00280347726493 2.944496e+02
2845.00159686680672 2.944485e+02
2846.00354883265345 2.944475e+02
2847.00241044560607 2.944465e+02
2848.00129553564147 2.944456e+02
2849.00331868808189 2.944447e+02
2850.00223093565455 2.944439e+02
2851.00114760555925 2.944431e+02
2852.00318524389832 2.944424e+02
2853.00209649527505 2.944417e+02
2854.00099829905321 2.944411e+02
2855.00300587807624 2.944406e+02
2856.00186932727638 2.944401e+02
2857.00070373985045 2.944396e+02
2858.00262641062182 2.944392e+02
2859.001396600303 2.944388e+02
2860.00325699869427 2.944384e+02
2861.00195866777722 2.944379e+02
2862.00061763957456 2.944373e+02
2863.00235052688959 2.944367e+02
2864.00091730596068 2.944359e+02
2865.00255904858568 2.944351e+02
2866.00103620102436 2.944343e+02
2867.00258821866555 2.944336e+02
2868.00096920128044 2.944328e+02
2869.00241275221606 2.944321e+02
2870.00067365530185 2.944313e+02
2871.00198421626737 2.944307e+02
2872.00321923881302 2.944300e+02
2873.00125573011564 2.944294e+02
2874.00232854108526 2.944288e+02
2875.0033169646731 2.944283e+02
2876.00110241235825 2.944277e+02
2877.00192164386135 2.944271e+02
2878.00265612099111 2.944265e+02
2879.00330776761848 2.944259e+02
2880.00076422419897 2.944252e+02
2881.00126063369817 2.944245e+02
2882.00167840957192 2.944237e+02
2883.00201762502138 2.944228e+02
2884.00227658705899 2.944218e+02
2885.00245809319449 2.944207e+02
2886.00256596877671 2.944194e+02
2887.00260487936384 2.944181e+02
2888.00257910730443 2.944166e+02
2889.00249375078556 2.944150e+02
2890.00235325521999 2.944133e+02
2891.00216082572751 2.944115e+02
2892.00192053777846 2.944097e+02
2893.00163613322593 2.944078e+02
2894.0013089515528 2.944058e+02
2895.00094030976334 2.944038e+02
2896.00053012446779 2.944018e+02
2897.00319088339484 2.943999e+02
2898.00269444351898 2.943979e+02
2899.00215480090901 2.943959e+02
2900.00157146176343 2.943939e+02
2901.0009451910355 2.943919e+02
2902.00339129624399 2.943899e+02
2903.00268613186654 2.943879e+02
2904.0019467873949 2.943859e+02
2905.00117763907701 2.943838e+02
2906.00349659961284 2.943817e+02
2907.00268406774103 2.943796e+02
2908.0018596171376 2.943774e+02
2909.00102943168713 2.943752e+02
2910.00331005549788 2.943731e+02
2911.00247829533373 2.943710e+02
2912.00164656651805 2.943690e+02
2913.00081232414277 2.943671e+02
2914.00308459696316 2.943651e+02
2915.00223541604964 2.943632e+02
2916.00137453187563 2.943613e+02
2917.00049969915972 2.943595e+02
2918.00272175883129 2.943577e+02
2919.00181465319383 2.943560e+02
2920.000889715222 2.943543e+02
2921.00305865453265 2.943528e+02
2922.00209691888858 2.943512e+02
2923.00111686692435 2.943497e+02
2924.00323055740409 2.943482e+02
2925.00221411719895 2.943467e+02
2926.00117960327316 2.943453e+02
2927.00323796858265 2.943438e+02
2928.00216482940232 2.943423e+02
2929.00107207572228 2.943407e+02
2930.00307105290904 2.943391e+02
2931.00193811083227 2.943373e+02
2932.00078543315067 2.943356e+02
2933.00272377673991 2.943337e+02
2934.00152815236379 2.943318e+02
2935.00342053990835 2.943299e+02
2936.00217649552133 2.943279e+02
2937.00090593608138 2.943258e+02
2938.00271950656361 2.943236e+02
2939.00139493948154 2.943215e+02
2940.00315490828871 2.943192e+02
2941.00177823974764 2.943169e+02
2942.00348867866614 2.943146e+02
2943.00206613651835 2.943121e+02
2944.00062315359855 2.943096e+02
2945.00227264497198 2.943071e+02
2946.00079468824515 2.943046e+02
2947.00241178013812 2.943020e+02
2948.00090430480395 2.942994e+02
2949.00249444508199 2.942968e+02
2950.00096194540629 2.942941e+02
2951.00252921978108 2.942914e+02
2952.00097678421616 2.942886e+02
2953.00252721779043 2.942859e+02
2954.00096152962669 2.942831e+02
2955.00250250278395 2.942803e+02
2956.00093169910815 2.942774e+02
2957.00247181812529 2.942746e+02
2958.0009048150464 2.942717e+02
2959.00245399241885 2.942687e+02
2960.00090100897251 2.942658e+02
2961.00246900607544 2.942629e+02
2962.00093889934487 2.942600e+02
2963.00253238622645 2.942570e+02
2964.00102917142885 2.942542e+02
2965.00265008455426 2.942513e+02
2966.00117231578542 2.942485e+02
2967.00281561491101 2.942458e+02
2968.00135686898648 2.942431e+02
2969.00301541422141 2.942405e+02
2970.0015674797769 2.942379e+02
2971.00323214308446 2.942354e+02
2972.00178536750946 2.942328e+02
2973.00344670590903 2.942304e+02
2974.00199439004109 2.942280e+02
2975.00053882013344 2.942256e+02
2976.00219056467131 2.942233e+02
2977.00072762013269 2.942211e+02
2978.00237029208847 2.942189e+02
2979.00089525724979 2.942167e+02
2980.00252149869721 2.942146e+02
2981.00102502955406 2.942124e+02
2982.00262423021786 2.942104e+02
2983.00109489237229 2.942084e+02
2984.00265514756484 2.942063e+02
2985.00108043349655 2.942044e+02
2986.00258873884286 2.942024e+02
2987.00406636704292 2.942004e+02
2988.00240013064376 2.941985e+02
2989.00380777946066 2.941966e+02
2990.00206740305111 2.941946e+02
2991.00339729711595 2.941927e+02
2992.00157762043318 2.941907e+02
2993.0028273239418 2.941887e+02
2994.00403711441231 2.941867e+02
2995.00209725538434 2.941847e+02
2996.00322570251637 2.941826e+02
2997.0012034160377 2.941805e+02
2998.00224747650145 2.941784e+02
2999.00324787091495 2.941762e+02
3000.00109538414154 2.941739e+02
3001.00200608163595 2.941716e+02
3002.0028715401063 2.941693e+02
3003.00058419958077 2.941669e+02
3004.00136174032514 2.941644e+02
3005.00209786020559 2.941618e+02
3006.00279478051561 2.941592e+02
3007.00345535672568 2.941564e+02
3008.00097497666457 2.941536e+02
3009.00157182962994 2.941508e+02
3010.00214150672082 2.941479e+02
3011.0026865534137 2.941449e+02
3012.00320947204045 2.941419e+02
3013.00060607848081 2.941389e+02
3014.00109265042602 2.941358e+02
3015.00156362465214 2.941328e+02
3016.00202068931731 2.941297e+02
3017.00246442998696 2.941267e+02
3018.00289465583137 2.941236e+02
3019.00331118246822 2.941205e+02
3020.00060761936402 2.941175e+02
3021.00099767149277 2.941145e+02
3022.00137574053042 2.941114e+02
3023.00174374245307 2.941083e+02
3024.00210390465372 2.941052e+02
3025.00245813266201 2.941021e+02
3026.00280864227443 2.940990e+02
3027.00315782769803 2.940958e+02
3028.00350781698126 2.940928e+02
3029.00075276673306 2.940897e+02
3030.00110553895502 2.940866e+02
3031.00145832498356 2.940830e+02
3032.00180882831955 2.940785e+02
3033.00215291011773 2.940745e+02
3034.00248643683381 2.940709e+02
3035.0028067772264 2.940674e+02
3036.0031125501614 2.940640e+02
3037.00340362438374 2.940607e+02
3038.0005744630821 2.940574e+02
3039.00083780208115 2.940542e+02
3040.00108508072117 2.940510e+02
3041.00131235788422 2.940479e+02
3042.00151524334387 2.940447e+02
