#   Area   : 2.13000e-01
#   Time   areaAverage(T)
0.999427 3.001476e+02
2.00049 3.001485e+02
3.00031 3.001482e+02
3.99974 3.001474e+02
4.999837 3.001458e+02
6.00101 3.001436e+02
7.000448 3.001406e+02
8.000372 3.001364e+02
9.000012 3.001305e+02
10.0011397 3.001212e+02
11.0005124 3.001048e+02
12.0006243 3.000830e+02
13.001107 3.000633e+02
13.9997402 3.000498e+02
14.99964955 3.000440e+02
15.99955708 3.000429e+02
17.00134405 3.000441e+02
18.00000337 3.000457e+02
19.00006167 3.000480e+02
20.001505108 3.000532e+02
20.999254464 3.000611e+02
22.00150266 3.000699e+02
23.001714829 3.000780e+02
23.999634984 3.000850e+02
25.00095516804 3.000911e+02
25.9996836352 3.000962e+02
26.99932842931 3.001003e+02
28.00029166142 3.001030e+02
28.99937441246 3.001044e+02
30.002134441893 3.001048e+02
31.002014765417 3.001049e+02
32.001552166551 3.001057e+02
33.000560257147 3.001084e+02
33.999249928093 3.001145e+02
35.00108530523362 3.001261e+02
36.00057592118466 3.001422e+02
37.00120630448001 3.001622e+02
38.00022932106895 3.001850e+02
39.00052258115672 3.002091e+02
40.0012943804983152 3.002329e+02
41.0019879837090926 3.002553e+02
41.9992708912271695 3.002756e+02
43.0021545135227328 3.002946e+02
44.0019391598090266 3.003119e+02
44.9992995861729526 3.003279e+02
46.0009844670853099 3.003434e+02
47.0014489491798813 3.003590e+02
48.0008801364990703 3.003750e+02
48.9995304912996801 3.003920e+02
50.0001794237682375 3.004103e+02
50.9993551299025256 3.004301e+02
51.9998205148969248 3.004516e+02
53.0015311001695864 3.004749e+02
54.0013696283965601 3.004993e+02
54.9993238877661597 3.005243e+02
56.0015339065886479 3.005496e+02
57.0018205760141825 3.005747e+02
58.000096433294182 3.005993e+02
58.9991359299691496 3.006235e+02
60.0016627635771727 3.006473e+02
61.0010778941215932 3.006640e+02
62.0000130700834902 3.006264e+02
63.0010986270090001 3.005745e+02
64.0009690790207202 3.005174e+02
64.9994918949116851 3.004576e+02
65.9998560646141783 3.003959e+02
66.9992477683962306 3.003329e+02
68.0009249354785794 3.002687e+02
69.0019475640447695 3.002037e+02
69.9993513960609874 3.001384e+02
70.9993591323269015 3.000725e+02
72.0020465187059102 3.000059e+02
73.0013581031466714 2.999392e+02
74.000423255190384 2.998723e+02
74.9993458644687365 2.998050e+02
76.0013508435945511 2.997373e+02
77.0005510755528491 2.996696e+02
78.0000113736252843 2.996015e+02
78.9992549610128236 2.995332e+02
80.0009720943383229 2.994643e+02
81.0020589541296232 2.993950e+02
81.9992454193614009 2.993254e+02
83.0014611672898184 2.992550e+02
83.9993628440124525 2.991846e+02
85.0020431376517678 2.991135e+02
86.000333987758637 2.990420e+02
87.0003695380874404 2.989697e+02
88.0020658759812022 2.988965e+02
88.9993795452335519 2.988228e+02
90.0015696379174557 2.987479e+02
90.9997903684166971 2.986724e+02
92.0003898830139377 2.985961e+02
93.0006194266289867 2.985193e+02
94.0007057145538596 2.984422e+02
95.0007997335581251 2.983648e+02
96.0009686444809773 2.982871e+02
97.0012373806239623 2.982088e+02
98.0016053172324462 2.981302e+02
99.0020344570527584 2.980511e+02
99.9994552294174497 2.979719e+02
100.999851234731452 2.978920e+02
102.000136850138333 2.978115e+02
103.000241500016131 2.977309e+02
104.000073061910427 2.976500e+02
104.999552930719901 2.975691e+02
106.001633206025147 2.974879e+02
107.000192996165325 2.974061e+02
108.001260471577879 2.973242e+02
109.001819915586253 2.972416e+02
110.001932009313407 2.971595e+02
111.001635624775176 2.970777e+02
112.000980310532839 2.969964e+02
113.000018915714335 2.969153e+02
114.001807672044521 2.968341e+02
115.000361508444968 2.967518e+02
116.001781982353393 2.966681e+02
117.000048097326257 2.965837e+02
118.00122264940498 2.964993e+02
118.999382617868164 2.964153e+02
120.000616562993542 2.963312e+02
121.002007225989203 2.962472e+02
122.000661640430124 2.961634e+02
122.999734831133267 2.960791e+02
123.99952262735836 2.959935e+02
125.000333848736219 2.959064e+02
125.999642959708595 2.958183e+02
127.000956414914896 2.957297e+02
128.001293686371213 2.956410e+02
129.000700621259568 2.955519e+02
130.002135701572797 2.954627e+02
130.999533849213833 2.953745e+02
131.999244240588723 2.952866e+02
133.001101245812436 2.952001e+02
134.0020971077968 2.951141e+02
135.002075643628388 2.950279e+02
136.000848975566782 2.949410e+02
137.001309026256649 2.948528e+02
138.000254544982795 2.947637e+02
139.000649575250975 2.946736e+02
139.999224934568531 2.945828e+02
141.002036637829093 2.944910e+02
141.999654446908238 2.943994e+02
143.001271960468813 2.943075e+02
144.000548532269903 2.942163e+02
145.00044839448563 2.941259e+02
146.000849050599697 2.940368e+02
147.001677167223932 2.939489e+02
147.99975047252525 2.938620e+02
149.001369451029944 2.937747e+02
150.000282434108982 2.936847e+02
150.999551328031998 2.935917e+02
151.999184896249147 2.934959e+02
152.999208185270845 2.933994e+02
153.999585696359787 2.933010e+02
155.00029833082661 2.932010e+02
156.001343237128225 2.930990e+02
156.999457705577299 2.929968e+02
158.000686168546764 2.928950e+02
159.001776087131674 2.927958e+02
159.999561059721657 2.927029e+02
161.000550527382018 2.926167e+02
162.001972559951867 2.925366e+02
163.000888609676053 2.924604e+02
164.000316687785954 2.923837e+02
165.000096140130211 2.923010e+02
166.000088612179667 2.922114e+02
167.000061340522421 2.921146e+02
167.999782828424799 2.920125e+02
168.999172341489157 2.919098e+02
170.001230534148533 2.918102e+02
170.999544804163264 2.917171e+02
172.00045496321485 2.916284e+02
173.000757901779707 2.915438e+02
174.000444045117518 2.914635e+02
174.999760596408947 2.913890e+02
176.002157779350711 2.913205e+02
177.001661582702695 2.912579e+02
178.001628294344187 2.912001e+02
178.999162606507298 2.911454e+02
180.000503473761029 2.910904e+02
180.999207866690625 2.910317e+02
182.001208593017452 2.909657e+02
183.000047488950003 2.908937e+02
184.001808139786192 2.908188e+02
184.999937399233318 2.907432e+02
186.000595667805044 2.906678e+02
187.000530755139152 2.905945e+02
187.999425330199387 2.905244e+02
189.000062339945401 2.904582e+02
189.999357851741564 2.903942e+02
191.001057008974414 2.903292e+02
191.999795576908383 2.902601e+02
193.002046035564831 2.901847e+02
194.001168212745995 2.901031e+02
195.000232847940111 2.900429e+02
195.99953641592225 2.900210e+02
196.999439237675062 2.900080e+02
197.999269378639354 2.899955e+02
199.000650340503455 2.899817e+02
200.000842022656059 2.899656e+02
201.00119110761409 2.899481e+02
202.001134602567248 2.899295e+02
202.999417775043128 2.899112e+02
204.000827370954454 2.898931e+02
205.000559713225243 2.898733e+02
206.000502514791634 2.898555e+02
207.00011763453864 2.898376e+02
207.999195525308778 2.898182e+02
209.000671541921633 2.897984e+02
210.001817201873507 2.897784e+02
211.0002458890323 2.897588e+02
211.999364130299796 2.897396e+02
213.001839980993253 2.897214e+02
214.000870215088923 2.897048e+02
215.002023773923156 2.896876e+02
216.001504856122665 2.896710e+02
217.002189670235424 2.896556e+02
218.001143521538211 2.896414e+02
219.001212277794565 2.896289e+02
219.999323567592427 2.896188e+02
221.002031393932299 2.896113e+02
222.000217558785977 2.896054e+02
222.99997324448853 2.896002e+02
224.001867206834618 2.895956e+02
225.000375206176443 2.895923e+02
226.00200082573221 2.895887e+02
227.000972114187221 2.895847e+02
228.000539892764351 2.895812e+02
229.000893584517286 2.895794e+02
229.999159920018428 2.895793e+02
231.001639840260879 2.895805e+02
231.999283063040082 2.895829e+02
233.00130211069677 2.895863e+02
234.001698960598503 2.895905e+02
235.000597990278322 2.895949e+02
236.001193587127887 2.895988e+02
237.000556169397072 2.896027e+02
238.001863471893813 2.896051e+02
239.002111919382003 2.896046e+02
240.001418570662111 2.896020e+02
240.999928434963607 2.895978e+02
242.000753346005581 2.895922e+02
243.000790839895984 2.895854e+02
244.000120610590187 2.895770e+02
245.0016559814066 2.895655e+02
246.000482859716641 2.895497e+02
246.99990715638009 2.895303e+02
247.999403010268622 2.895087e+02
249.001563930534189 2.894853e+02
249.99991638000995 2.894619e+02
251.00124377511591 2.894420e+02
252.000612908785769 2.894279e+02
253.001586776589619 2.894235e+02
254.001036030762123 2.894318e+02
254.999975551401036 2.894531e+02
256.000901604547437 2.894847e+02
257.000429744924418 2.895235e+02
258.001671223638084 2.895651e+02
259.001589548794925 2.896067e+02
260.000266655218695 2.896443e+02
261.000969535167712 2.896778e+02
262.000494430921947 2.897051e+02
263.002051357954429 2.897248e+02
263.999663054152222 2.897376e+02
264.999816340629877 2.897442e+02
265.999646482167861 2.897455e+02
266.999122460407477 2.897443e+02
268.001488989346399 2.897421e+02
269.000493605175279 2.897422e+02
270.001990224823089 2.897487e+02
270.999337872084311 2.897639e+02
272.001339823267472 2.897847e+02
273.001474013986467 2.898068e+02
273.999720630411105 2.898252e+02
274.999301622459257 2.898363e+02
276.00038858779908 2.898393e+02
277.000037429810845 2.898348e+02
277.99913815271151 2.898233e+02
279.001896234752223 2.898057e+02
279.999861762659407 2.897837e+02
280.999488359605721 2.897576e+02
282.000390167863145 2.897325e+02
283.001987050804189 2.897100e+02
284.000403045574728 2.896914e+02
285.001459538132849 2.896787e+02
286.001911629869539 2.896715e+02
287.001710184502201 2.896673e+02
288.000877315806576 2.896645e+02
288.999535921458005 2.896613e+02
290.000849147452925 2.896563e+02
291.001784583192489 2.896495e+02
291.999470265078116 2.896415e+02
293.000350726228248 2.896324e+02
294.001453998386921 2.896229e+02
294.99966250983897 2.896129e+02
296.001136649546311 2.896020e+02
296.999687551871489 2.895910e+02
298.001247068601629 2.895802e+02
298.999548585051969 2.895703e+02
300.000750059626967 2.895618e+02
301.001680673730334 2.895556e+02
301.999163971664927 2.895518e+02
302.999367282612582 2.895500e+02
303.999165754537898 2.895496e+02
305.001521887055901 2.895500e+02
306.000375119051853 2.895511e+02
307.001951876416115 2.895527e+02
308.000142042528466 2.895552e+02
309.001212895246681 2.895587e+02
309.999178614301854 2.895622e+02
311.000144539620237 2.895648e+02
312.001033491892031 2.895661e+02
313.001930242594824 2.895661e+02
313.999795573081769 2.895652e+02
315.000737111554429 2.895638e+02
316.001795102997278 2.895623e+02
317.00001860641413 2.895608e+02
318.001569055336915 2.895593e+02
319.000370431756608 2.895577e+02
319.999538897728996 2.895556e+02
321.002128177021007 2.895526e+02
322.001976849831294 2.895491e+02
323.002194787671499 2.895454e+02
323.999791101614449 2.895415e+02
325.000926405668565 2.895374e+02
325.999464392117318 2.895333e+02
327.001583740419449 2.895288e+02
328.001120124628414 2.895236e+02
329.001056924662748 2.895177e+02
330.001316807607054 2.895117e+02
331.001922953082271 2.895058e+02
331.999820607277798 2.895004e+02
333.001108668105701 2.894957e+02
333.999592450065279 2.894918e+02
335.001430012474145 2.894885e+02
336.000445902539866 2.894859e+02
336.999658818477883 2.894842e+02
338.002156064041969 2.894837e+02
339.001851563835544 2.894847e+02
340.001899743984723 2.894867e+02
340.999156465230499 2.894894e+02
341.999853923984119 2.894931e+02
343.000704997008711 2.894968e+02
344.001376858938784 2.895002e+02
345.00203887706607 2.895039e+02
345.999955215504826 2.895071e+02
347.000522663162087 2.895095e+02
348.000200029152836 2.895123e+02
349.000522755694988 2.895148e+02
350.001253613143035 2.895177e+02
351.000624273237918 2.895201e+02
351.999435802063715 2.895229e+02
353.002196744729815 2.895255e+02
354.001070048515999 2.895283e+02
355.001641036799754 2.895327e+02
355.999599629701663 2.895369e+02
357.000540487227624 2.895396e+02
358.000075444862205 2.895429e+02
358.999302800154226 2.895470e+02
360.001709987803054 2.895514e+02
361.000074298292702 2.895559e+02
362.000859290272558 2.895603e+02
363.001622746756937 2.895633e+02
364.001832563596452 2.895645e+02
365.001535463384243 2.895646e+02
366.00131467837474 2.895634e+02
367.00110538924082 2.895611e+02
368.000736030787152 2.895577e+02
369.000275218586978 2.895536e+02
369.999824276884169 2.895491e+02
370.999426774194205 2.895449e+02
372.002080612393968 2.895415e+02
373.001588932385062 2.895394e+02
374.001081446833666 2.895381e+02
375.000626116571937 2.895373e+02
376.000218547876443 2.895368e+02
376.999910591726973 2.895363e+02
377.999797780145002 2.895350e+02
378.999906813743962 2.895328e+02
380.000244808336674 2.895295e+02
381.000865619572778 2.895250e+02
382.001806304484546 2.895193e+02
382.999946272056377 2.895126e+02
384.001355606036498 2.895054e+02
384.99985631053687 2.894982e+02
386.0015402976166 2.894914e+02
387.000162701931743 2.894854e+02
388.001801501548812 2.894806e+02
389.000300444038373 2.894776e+02
390.001742707954349 2.894761e+02
390.99990443699852 2.894756e+02
392.000936197689441 2.894755e+02
393.00177492471073 2.894758e+02
393.999328852185783 2.894769e+02
394.999780108992752 2.894784e+02
396.000134804692266 2.894797e+02
397.00042004616688 2.894807e+02
398.000667031307955 2.894812e+02
399.000931769728538 2.894813e+02
400.001227470614424 2.894807e+02
401.001544797640236 2.894797e+02
402.001902596511854 2.894785e+02
402.999246021227464 2.894772e+02
403.999704245461601 2.894759e+02
405.000213976000339 2.894747e+02
406.000785726507388 2.894735e+02
407.001408508531085 2.894723e+02
408.002071314539194 2.894708e+02
408.999708595374841 2.894691e+02
410.000459919667492 2.894671e+02
411.001252828558734 2.894648e+02
412.002098628850092 2.894624e+02
412.999937502784405 2.894597e+02
414.000908309496879 2.894569e+02
415.001942485681127 2.894539e+02
415.999966713914432 2.894510e+02
417.001110452812043 2.894481e+02
417.999223947442431 2.894454e+02
419.000449839982025 2.894429e+02
420.001714127287812 2.894407e+02
420.999943618431587 2.894389e+02
422.001290078822194 2.894373e+02
422.999615985253001 2.894361e+02
424.001060314288623 2.894350e+02
424.999478222599919 2.894342e+02
426.001017745420938 2.894335e+02
426.999530720086625 2.894329e+02
428.001152874177365 2.894324e+02
428.999734515582077 2.894319e+02
430.001408625449528 2.894313e+02
431.000010340225799 2.894306e+02
432.001667839199797 2.894297e+02
433.000221815074497 2.894287e+02
434.001804251808949 2.894277e+02
435.000261415516377 2.894266e+02
436.001731095603191 2.894253e+02
437.000062707295285 2.894239e+02
438.001391866866186 2.894222e+02
438.999570770102707 2.894204e+02
440.000737846380048 2.894186e+02
441.00182111589163 2.894172e+02
441.999771361342766 2.894160e+02
443.000763413799177 2.894153e+02
444.001696459830953 2.894147e+02
444.999500435886944 2.894140e+02
446.00032752414711 2.894133e+02
447.001117645498596 2.894125e+02
448.001883226712721 2.894116e+02
448.999571098762033 2.894106e+02
450.00033578121878 2.894095e+02
451.00111711588346 2.894083e+02
452.001919501336943 2.894068e+02
452.999672442533097 2.894051e+02
454.000509144188925 2.894032e+02
455.001349657630726 2.894011e+02
456.002184940512961 2.893988e+02
456.999938224470498 2.893963e+02
458.000744652436538 2.893937e+02
459.001531729330225 2.893911e+02
459.999229727689283 2.893885e+02
460.999980922561065 2.893858e+02
462.000721221335311 2.893831e+02
463.001457879234579 2.893805e+02
464.002198438059679 2.893782e+02
464.999883907378376 2.893760e+02
466.000675712563577 2.893739e+02
467.001515884230287 2.893719e+02
467.999330505639648 2.893699e+02
469.000266807748972 2.893679e+02
470.001261089356149 2.893659e+02
470.999245163364833 2.893639e+02
472.000360361590424 2.893619e+02
473.001534471459308 2.893600e+02
473.99969086704948 2.893581e+02
475.000964073942441 2.893562e+02
475.999201404603866 2.893544e+02
477.000533716233122 2.893525e+02
478.001873839315238 2.893507e+02
479.000134933457161 2.893489e+02
480.001446950719014 2.893469e+02
480.999654544415421 2.893449e+02
482.00089220139256 2.893428e+02
483.002083364948987 2.893408e+02
484.000154946090731 2.893388e+02
485.001249816296991 2.893368e+02
485.999230737996697 2.893352e+02
487.00024615858581 2.893337e+02
488.001234027089424 2.893323e+02
488.999135972829379 2.893309e+02
490.000107037485407 2.893295e+02
491.001090819159572 2.893281e+02
492.002101665974578 2.893267e+02
493.00008301340813 2.893252e+02
494.001188349803726 2.893236e+02
494.999284798957547 2.893219e+02
496.000521798226259 2.893201e+02
497.001832923759764 2.893182e+02
498.000146640750472 2.893162e+02
499.001605196865512 2.893141e+02
500.000061963698101 2.893119e+02
501.001655800322453 2.893097e+02
502.000234992100616 2.893074e+02
503.001937609868378 2.893051e+02
504.000610741995047 2.893028e+02
504.999319615887543 2.893005e+02
506.001131858100678 2.892983e+02
506.999897443339478 2.892961e+02
508.001760645684897 2.892939e+02
509.00057494393468 2.892919e+02
509.999413898640967 2.892898e+02
511.001351703648083 2.892879e+02
512.000243591651156 2.892859e+02
512.999166595937822 2.892840e+02
514.001198888276008 2.892822e+02
515.000197471901288 2.892803e+02
515.999240191230342 2.892784e+02
517.001404900109492 2.892765e+02
518.000546014341694 2.892746e+02
518.9997392945819 2.892727e+02
520.002060063838258 2.892707e+02
521.001358525883006 2.892688e+02
522.000709177407316 2.892667e+02
523.000105090532884 2.892648e+02
523.999529934207544 2.892629e+02
525.002084781041731 2.892608e+02
526.001622665853461 2.892587e+02
527.001171985616338 2.892568e+02
528.000721685101212 2.892549e+02
529.000262130536157 2.892530e+02
529.999796097172407 2.892510e+02
530.999318975361916 2.892490e+02
532.001899480313568 2.892469e+02
533.001399512774583 2.892449e+02
534.000900020699419 2.892429e+02
535.000404316961408 2.892409e+02
535.999921060856764 2.892389e+02
536.999458418444192 2.892368e+02
538.002103412542056 2.892346e+02
539.001714787084325 2.892324e+02
540.001366371732502 2.892302e+02
541.001061457090373 2.892279e+02
542.000809750296298 2.892256e+02
543.000609536481306 2.892233e+02
544.000457062784562 2.892209e+02
545.000356160035494 2.892186e+02
546.000305324828219 2.892161e+02
547.000296519477502 2.892137e+02
548.00032856348605 2.892112e+02
549.00039992437064 2.892086e+02
550.00050195823269 2.892060e+02
551.000628867013802 2.892034e+02
552.000778619984771 2.892007e+02
553.000945071355659 2.891981e+02
554.001124319738892 2.891954e+02
555.001316586008329 2.891927e+02
556.001519320644888 2.891901e+02
557.001731672484084 2.891875e+02
558.001954675918114 2.891849e+02
559.002190567552361 2.891823e+02
559.999362884992479 2.891797e+02
560.999630826612474 2.891771e+02
561.999920830554856 2.891745e+02
563.000235633839111 2.891719e+02
564.000576550278424 2.891693e+02
565.000944078801922 2.891666e+02
566.001337432372793 2.891640e+02
567.001755222184784 2.891613e+02
568.002196495543558 2.891586e+02
568.999580920182666 2.891559e+02
570.000062861669335 2.891532e+02
571.000563368208532 2.891504e+02
572.001080476734842 2.891476e+02
573.001612390215314 2.891447e+02
574.002157901395321 2.891418e+02
574.999637739490481 2.891389e+02
576.000208103055229 2.891359e+02
577.000790376419445 2.891329e+02
578.00138554894454 2.891299e+02
579.001995962862566 2.891268e+02
579.999544495687815 2.891238e+02
581.000190636220964 2.891207e+02
582.000857445269162 2.891177e+02
583.001547127940512 2.891146e+02
583.999183521675604 2.891116e+02
584.999926948589632 2.891085e+02
586.000700489218843 2.891054e+02
587.001506598911533 2.891023e+02
587.99926799382547 2.890991e+02
589.000145409217112 2.890960e+02
590.001061787678282 2.890928e+02
591.002019298079972 2.890896e+02
591.999939170705602 2.890863e+02
593.000983032244562 2.890830e+02
594.002072942547557 2.890797e+02
595.000129737546672 2.890764e+02
596.001316151765764 2.890731e+02
596.999472665188705 2.890697e+02
598.000761925122447 2.890664e+02
599.002104637616185 2.890630e+02
600.000419838153448 2.890597e+02
601.001870748756801 2.890564e+02
602.000295198039908 2.890531e+02
603.001856482751009 2.890499e+02
604.000391285519527 2.890468e+02
605.002064012870051 2.890437e+02
606.000709777146653 2.890406e+02
606.999409940374107 2.890376e+02
608.001245875481345 2.890346e+02
609.000049676068443 2.890316e+02
610.001977780122729 2.890286e+02
611.000845954300644 2.890256e+02
611.99973879132358 2.890227e+02
613.0017381606973 2.890197e+02
614.000676823116464 2.890168e+02
614.999639012873558 2.890139e+02
616.001711923290941 2.890118e+02
617.000734056203328 2.890097e+02
617.999790448542399 2.890076e+02
619.001965576661064 2.890054e+02
620.001094966328083 2.890032e+02
621.000264110250328 2.890010e+02
621.999473763055789 2.889988e+02
623.001807770423625 2.889965e+02
624.001097977880477 2.889942e+02
625.000428471307941 2.889919e+02
625.99979888765597 2.889895e+02
626.999206816023047 2.889870e+02
628.001734472853627 2.889844e+02
629.001210015546008 2.889817e+02
630.000717516821396 2.889790e+02
631.000256078500001 2.889763e+02
631.999825123270284 2.889735e+02
632.999426658020411 2.889707e+02
634.00214914754838 2.889678e+02
635.00182383606159 2.889649e+02
636.00153826904284 2.889620e+02
637.001295668469538 2.889591e+02
638.001098441052591 2.889562e+02
639.000949078242797 2.889532e+02
640.000852172062196 2.889503e+02
641.000811977679632 2.889472e+02
642.000826046606221 2.889442e+02
643.00088421093858 2.889411e+02
644.000987198982557 2.889380e+02
645.001135073950991 2.889349e+02
646.001327198662466 2.889316e+02
647.001564001378711 2.889284e+02
648.001846248315132 2.889251e+02
649.002175559720968 2.889218e+02
649.999466234982947 2.889185e+02
650.999894350096497 2.889151e+02
652.000373217148535 2.889116e+02
653.000902076524198 2.889082e+02
654.00147562295092 2.889046e+02
655.002088305455345 2.889011e+02
655.999648575967171 2.888975e+02
657.000332758057425 2.888939e+02
658.0010501714155 2.888902e+02
659.001800652544148 2.888865e+02
659.99949457924231 2.888828e+02
661.00031023942654 2.888791e+02
662.001159454296953 2.888754e+02
663.002044136727022 2.888718e+02
663.999875970023027 2.888682e+02
665.000834738074445 2.888646e+02
666.001832272214756 2.888610e+02
666.999780480688059 2.888575e+02
668.00086067640018 2.888539e+02
669.0019849067927 2.888503e+02
670.000066609870373 2.888466e+02
671.001289291633157 2.888428e+02
671.999475757621894 2.888389e+02
673.000807624938147 2.888349e+02
674.00218933117651 2.888307e+02
675.000530347012273 2.888264e+02
676.00201286504398 2.888221e+02
677.000455554626456 2.888178e+02
678.00203940307631 2.888135e+02
679.000578665894523 2.888092e+02
679.999162369956139 2.888050e+02
681.000880745148152 2.888008e+02
681.99954849522635 2.887967e+02
683.001348837939759 2.887926e+02
684.000098695633596 2.887886e+02
685.001982198614996 2.887845e+02
686.000816954055722 2.887805e+02
686.999697858463037 2.887763e+02
688.00171817598391 2.887720e+02
689.000696449352063 2.887677e+02
689.999727806012288 2.887633e+02
691.001907207350882 2.887589e+02
692.001049376099786 2.887545e+02
693.000249775258794 2.887502e+02
693.999509619646233 2.887459e+02
695.001924732240695 2.887416e+02
696.001309593331143 2.887374e+02
697.000760008039492 2.887332e+02
698.000278654198837 2.887291e+02
698.999867765049999 2.887249e+02
699.999528647373381 2.887207e+02
700.999261851223423 2.887165e+02
702.002166662328364 2.887121e+02
703.002048461605796 2.887077e+02
704.002016020040287 2.887032e+02
705.002067926577752 2.886986e+02
706.00220676286699 2.886940e+02
706.999339558774523 2.886894e+02
707.999660490636643 2.886847e+02
709.000074117678878 2.886800e+02
710.000580381524742 2.886753e+02
711.001179537292728 2.886706e+02
712.001873981621088 2.886660e+02
712.999567203269407 2.886614e+02
714.00045794582627 2.886569e+02
715.001450105897447 2.886525e+02
715.999448579511522 2.886480e+02
717.000655854154957 2.886435e+02
718.0019742138428 2.886389e+02
719.000305392174141 2.886343e+02
720.001852983587924 2.886296e+02
721.000416218402506 2.886250e+02
722.002200570993409 2.886203e+02
723.001008981241284 2.886158e+02
723.999950655311068 2.886112e+02
725.002133639869839 2.886067e+02
726.001353102790858 2.886023e+02
727.00071608947178 2.885979e+02
728.00022038558518 2.885935e+02
728.999871265919523 2.885892e+02
729.999674178006103 2.885849e+02
730.999624470423214 2.885806e+02
731.999723814716162 2.885763e+02
732.999981920546702 2.885720e+02
734.000399350975727 2.885675e+02
735.000982023089364 2.885631e+02
736.001751885511112 2.885586e+02
736.999619236443891 2.885540e+02
738.000802725583412 2.885494e+02
739.002187912777913 2.885447e+02
740.000664238488525 2.885400e+02
740.999335135875413 2.885354e+02
742.001306272409806 2.885307e+02
743.00035018367214 2.885261e+02
743.99957864434225 2.885216e+02
745.00209378730176 2.885172e+02
746.001656578055645 2.885127e+02
747.001380774958648 2.885083e+02
748.00126859852594 2.885038e+02
749.001303812227547 2.884992e+02
750.001478226125414 2.884946e+02
751.001804049645898 2.884898e+02
751.999170492685494 2.884851e+02
752.999809978551639 2.884803e+02
754.000617256708324 2.884754e+02
755.00160456231481 2.884707e+02
755.9996414509244 2.884661e+02
757.000951254417714 2.884617e+02
757.999294888358463 2.884574e+02
759.000917716026038 2.884533e+02
759.999566380384408 2.884495e+02
761.001471295675515 2.884457e+02
762.000398866962996 2.884419e+02
762.999480786557797 2.884381e+02
764.001828470308624 2.884340e+02
765.001191457607433 2.884299e+02
766.000702680357449 2.884256e+02
767.000354804227186 2.884213e+02
768.000129205270241 2.884171e+02
769.000031120643371 2.884129e+02
770.000070989382039 2.884087e+02
771.000232985301295 2.884046e+02
772.000507517313849 2.884005e+02
773.00091097560221 2.883964e+02
774.001447959901384 2.883923e+02
774.998969051475342 2.883882e+02
775.999733179126224 2.883841e+02
777.000628535097917 2.883799e+02
777.998511779941055 2.883757e+02
778.999625465291729 2.883714e+02
780.000852992181535 2.883672e+02
780.999067502251023 2.883628e+02
782.000501651750483 2.883584e+02
782.998890402950906 2.883539e+02
784.000510709332616 2.883494e+02
784.999095951145591 2.883447e+02
786.000885146906739 2.883399e+02
786.999626701129273 2.883351e+02
788.001601758150173 2.883303e+02
789.000530123687213 2.883254e+02
789.999530848230279 2.883206e+02
790.99862715721315 2.883159e+02
792.000951261299747 2.883112e+02
793.000211673519857 2.883065e+02
793.999551064803086 2.883020e+02
794.998993047389376 2.882976e+02
795.998539242270454 2.882932e+02
797.00121385970408 2.882889e+02
798.00083212691186 2.882848e+02
799.000522314330169 2.882806e+02
800.000250605756605 2.882764e+02
801.000017169912667 2.882723e+02
801.999842073571358 2.882683e+02
802.999706484609419 2.882641e+02
803.999582733291618 2.882601e+02
804.999482047756146 2.882562e+02
805.999415658781686 2.882522e+02
806.999351759117303 2.882482e+02
807.999274949151413 2.882443e+02
808.999208724711366 2.882405e+02
809.99914808867095 2.882367e+02
810.999056193766251 2.882328e+02
811.998932488494233 2.882290e+02
812.998803996338438 2.882253e+02
813.998654002002354 2.882216e+02
815.001579920991389 2.882178e+02
816.00133257523828 2.882141e+02
817.001074908216992 2.882104e+02
818.000771926080461 2.882067e+02
819.000393426636151 2.882029e+02
819.999981202322829 2.881992e+02
820.999550655257735 2.881954e+02
821.99903903299446 2.881916e+02
823.001566279714211 2.881880e+02
824.000924564271259 2.881839e+02
825.000221582081508 2.881800e+02
825.999382328954994 2.881764e+02
827.001587692406019 2.881725e+02
828.000627895948355 2.881683e+02
828.999551449502519 2.881646e+02
830.001467451544841 2.881608e+02
831.00021531107916 2.881566e+02
831.998895971035608 2.881525e+02
833.00053533753794 2.881486e+02
833.998955071971295 2.881447e+02
835.00047699596098 2.881404e+02
835.998715522652674 2.881364e+02
836.999930671296283 2.881324e+02
838.001123477570104 2.881282e+02
838.999081881752318 2.881241e+02
839.999970080385197 2.881200e+02
841.000794857779169 2.881161e+02
842.001560905365864 2.881119e+02
842.999001408825166 2.881078e+02
843.999452529910513 2.881039e+02
844.999872326116702 2.880995e+02
846.00012386627759 2.880956e+02
847.000222763155534 2.880915e+02
848.000292433634058 2.880873e+02
849.000242785677756 2.880831e+02
850.00002896157423 2.880788e+02
850.999761643604757 2.880745e+02
851.999393702273892 2.880702e+02
852.998859638489989 2.880656e+02
854.001360649677281 2.880608e+02
855.000657095778593 2.880562e+02
855.999813643532775 2.880513e+02
856.998873063266615 2.880463e+02
858.000986364875075 2.880413e+02
858.999868720381755 2.880363e+02
859.998649532608965 2.880312e+02
861.000471721768236 2.880261e+02
861.999066316743551 2.880209e+02
863.00067494956329 2.880156e+02
863.999087793853846 2.880103e+02
865.000544472149613 2.880048e+02
865.998803714020937 2.879993e+02
867.000122603809928 2.879936e+02
868.001384262134707 2.879878e+02
868.999472388112508 2.879819e+02
870.000643261292907 2.879760e+02
870.998667684868224 2.879701e+02
871.999782446837344 2.879642e+02
873.000874958462532 2.879583e+02
873.998827776105145 2.879525e+02
874.999872922336863 2.879466e+02
876.000892789683121 2.879407e+02
876.998770256755165 2.879349e+02
877.999739486612611 2.879290e+02
879.000683825170086 2.879231e+02
880.001608363271998 2.879173e+02
880.999396520939513 2.879114e+02
882.000287412664647 2.879056e+02
883.001169270520791 2.878997e+02
883.998928084996123 2.878938e+02
884.999805708670237 2.878879e+02
886.000690875077112 2.878820e+02
887.001587333905491 2.878762e+02
887.999378046442303 2.878704e+02
889.000298849841215 2.878647e+02
890.001227169192589 2.878592e+02
890.999038491454712 2.878537e+02
891.999963323031352 2.878483e+02
893.000877356106457 2.878430e+02
893.998656425749232 2.878378e+02
894.999532193965592 2.878327e+02
896.00038300383892 2.878277e+02
897.001206450445807 2.878228e+02
897.998883302916397 2.878180e+02
898.999649348573598 2.878132e+02
900.000386891797802 2.878084e+02
901.001097298132891 2.878036e+02
901.998664901937559 2.877989e+02
902.999325858317889 2.877942e+02
903.999963408500321 2.877894e+02
905.00057879198755 2.877846e+02
906.001172663939997 2.877798e+02
906.998627661731803 2.877749e+02
907.999177637872663 2.877699e+02
908.999704328773987 2.877649e+02
910.000205979892371 2.877598e+02
911.000680661403294 2.877547e+02
912.001126076367655 2.877495e+02
913.0015389069398 2.877443e+02
913.998800052091042 2.877390e+02
914.999140677978858 2.877337e+02
915.999443047825253 2.877283e+02
916.999706709535417 2.877228e+02
917.9999324325413 2.877172e+02
919.000120945214121 2.877115e+02
920.000274033838991 2.877058e+02
921.000394375183646 2.876999e+02
922.000485300970581 2.876940e+02
923.000549587474893 2.876881e+02
924.000590745406612 2.876820e+02
925.000611420237874 2.876759e+02
926.000613609053062 2.876698e+02
927.000599446097908 2.876636e+02
928.000569194498098 2.876574e+02
929.000522922412983 2.876512e+02
930.00045981055996 2.876450e+02
931.000378734565288 2.876387e+02
932.000279030365391 2.876324e+02
933.000160171714697 2.876262e+02
934.000022525270765 2.876199e+02
934.999867901941911 2.876136e+02
935.999698896975019 2.876073e+02
936.999519162073966 2.876010e+02
937.999332095546947 2.875948e+02
938.999141000032296 2.875885e+02
939.998949079595945 2.875823e+02
940.998758037671109 2.875762e+02
941.998568508800759 2.875701e+02
943.001495012791338 2.875640e+02
944.001307348309638 2.875580e+02
945.001117308138419 2.875521e+02
946.000922549333836 2.875462e+02
947.000718497132311 2.875404e+02
948.000501810637275 2.875346e+02
949.000268707143277 2.875289e+02
950.000015691923181 2.875233e+02
950.999740415221709 2.875177e+02
951.999440668327338 2.875121e+02
952.999114517718226 2.875066e+02
953.998760791102313 2.875011e+02
955.001492963863257 2.874957e+02
956.001082963674321 2.874902e+02
957.000645038631092 2.874848e+02
958.000178803099629 2.874793e+02
958.999682979672343 2.874739e+02
959.99915611341271 2.874685e+02
960.998596297893869 2.874630e+02
962.001114210052492 2.874576e+02
963.000481022976601 2.874522e+02
963.999807458572491 2.874467e+02
964.999090907294772 2.874413e+02
966.001442156829967 2.874358e+02
967.00063385017711 2.874304e+02
967.999778394348027 2.874249e+02
968.998876222372701 2.874194e+02
970.001041290887429 2.874138e+02
971.00005162988009 2.874081e+02
971.99902222709477 2.874023e+02
973.001068265900244 2.873964e+02
973.999968298627778 2.873905e+02
974.998835801962286 2.873845e+02
976.000783794113772 2.873784e+02
976.999589948280573 2.873723e+02
978.001478315908685 2.873660e+02
979.000227384655773 2.873598e+02
979.998950053329395 2.873534e+02
981.000759147816893 2.873470e+02
981.999433860136037 2.873405e+02
983.001198919287617 2.873340e+02
983.999833765523476 2.873275e+02
985.001562066623023 2.873209e+02
986.000163562993293 2.873143e+02
986.998750851895807 2.873076e+02
988.000436835688788 2.873010e+02
988.999001766113224 2.872943e+02
990.000669566239139 2.872876e+02
990.999220801870592 2.872809e+02
992.000879034973195 2.872743e+02
992.999424557068551 2.872676e+02
994.001079242855212 2.872609e+02
994.999621495325073 2.872543e+02
996.001272379075544 2.872478e+02
996.999808992381304 2.872412e+02
998.00145173852161 2.872347e+02
998.999978241237272 2.872282e+02
1000.00160959835716 2.872218e+02
1001.0001236260174 2.872154e+02
1001.99863129237235 2.872090e+02
1003.00024257300242 2.872027e+02
1003.99873512430747 2.871964e+02
1005.00032852015397 2.871901e+02
1005.99879928425139 2.871839e+02
1007.00036695508913 2.871777e+02
1007.99880919247039 2.871716e+02
1009.00034613438197 2.871654e+02
1009.99875574490147 2.871593e+02
1011.00025693841337 2.871533e+02
1011.99862805223597 2.871472e+02
1013.00008661249171 2.871412e+02
1014.00152002830805 2.871352e+02
1014.99981539430576 2.871293e+02
1016.00118991158695 2.871234e+02
1016.99942133770173 2.871175e+02
1018.00072743686451 2.871116e+02
1018.99888733657883 2.871057e+02
1020.0001194479787 2.870997e+02
1021.0013144051718 2.870938e+02
1021.99936417932599 2.870878e+02
1023.00048793499343 2.870817e+02
1024.00157635031769 2.870756e+02
1024.99951923650224 2.870695e+02
1026.00053376456799 2.870634e+02
1026.99840141366099 2.870572e+02
1027.99934028847269 2.870510e+02
1029.00024373670999 2.870448e+02
1029.99800516408482 2.870385e+02
1030.99884221824027 2.870322e+02
1031.99964671941939 2.870245e+02
1033.00041802231635 2.870169e+02
1033.99804952709655 2.870095e+02
1034.99875870898768 2.870021e+02
1035.99944064779402 2.869946e+02
1037.00009994695847 2.869872e+02
1038.00074205531064 2.869796e+02
1038.99826386522864 2.869721e+02
1039.99888329008604 2.869645e+02
1040.99949323576243 2.869569e+02
1042.00009334319179 2.869492e+02
1043.00068206451465 2.869415e+02
1043.99814967603993 2.869337e+02
1044.99870863692104 2.869259e+02
1045.99924781729806 2.869181e+02
1046.99976355174067 2.869103e+02
1048.00025367515536 2.869025e+02
1049.00071861765264 2.868947e+02
1049.99805381919327 2.868869e+02
1050.99847620815876 2.868792e+02
1051.99888214853831 2.868714e+02
1052.99927355657019 2.868636e+02
1053.9996523324719 2.868559e+02
1055.00002043905374 2.868482e+02
1056.00037971354323 2.868405e+02
1057.00073245915132 2.868329e+02
1057.99797295655617 2.868253e+02
1058.99831543682899 2.868178e+02
1059.99865196832684 2.868102e+02
1060.99898010463107 2.868027e+02
1061.99929558142412 2.867952e+02
1062.99959473043623 2.867878e+02
1063.99987413955296 2.867804e+02
1065.00013162082382 2.867730e+02
1066.0003666061491 2.867666e+02
1067.00058056368607 2.867605e+02
1068.00077596735809 2.867542e+02
1069.00095477978175 2.867478e+02
1069.99801178201983 2.867414e+02
1070.99815862411697 2.867349e+02
1071.99828564748941 2.867286e+02
1072.99838778802427 2.867222e+02
1073.99845913444005 2.867159e+02
1074.9984943237796 2.867095e+02
1075.99848998123457 2.867033e+02
1076.99844496008745 2.866970e+02
1077.99835962096631 2.866907e+02
1078.99823550914539 2.866844e+02
1079.99804283451908 2.866776e+02
1080.99777406137309 2.866711e+02
1081.99757889515672 2.866648e+02
1082.99736940244225 2.866584e+02
1083.997131230901 2.866521e+02
1084.99997233226168 2.866457e+02
1085.99968519321806 2.866392e+02
1086.99937344953241 2.866328e+02
1087.99903579596662 2.866262e+02
1088.99867164629632 2.866197e+02
1089.99828016497986 2.866131e+02
1090.99786207309512 2.866064e+02
1091.99741979769374 2.865996e+02
1092.99695453449795 2.865928e+02
1093.99957109156776 2.865858e+02
1094.99906341952942 2.865789e+02
1095.99853767852869 2.865718e+02
1096.99799652755314 2.865647e+02
1097.99744266236758 2.865575e+02
1098.99998253767399 2.865502e+02
1099.99941124372504 2.865426e+02
1100.99883557991279 2.865336e+02
1101.99825767902257 2.865249e+02
1102.99768014663232 2.865163e+02
1103.99710595075726 2.865077e+02
1104.99964161450657 2.864991e+02
1105.99908297351203 2.864906e+02
1106.99853713760399 2.864820e+02
1107.99800585816433 2.864734e+02
1108.9974892800883 2.864648e+02
1109.99698550838366 2.864561e+02
1110.9995967161592 2.864474e+02
1111.99911250392847 2.864388e+02
1112.99863366098452 2.864301e+02
1113.99815714160036 2.864216e+02
1114.99768068710409 2.864130e+02
1115.9972029713133 2.864045e+02
1116.99982721927131 2.863961e+02
1117.99934466068339 2.863877e+02
1118.99885918591713 2.863794e+02
1119.99837112821047 2.863712e+02
1120.99788002591595 2.863630e+02
1121.9973852182859 2.863549e+02
1122.99999101212848 2.863468e+02
1123.99948905605766 2.863389e+02
1124.99898330748624 2.863310e+02
1125.99847339668077 2.863232e+02
1126.99795813229139 2.863154e+02
1127.99743513206772 2.863077e+02
1129.00000566831295 2.863000e+02
1129.99945815789215 2.862924e+02
1130.99889325602135 2.862849e+02
1131.99830841874882 2.862799e+02
1133.00080490487903 2.862735e+02
1134.00017295241537 2.862670e+02
1134.99951269206895 2.862605e+02
1135.99882001690776 2.862541e+02
1136.9980899825764 2.862476e+02
1138.00042121801789 2.862412e+02
1138.99960350566766 2.862348e+02
1139.99873758961189 2.862283e+02
1141.00092542982816 2.862218e+02
1141.99996276609818 2.862154e+02
1142.99895494689849 2.862089e+02
1144.00100640711162 2.862024e+02
1144.99991575993818 2.861958e+02
1145.99878880975484 2.861892e+02
1147.0007313388096 2.861826e+02
1147.99954265645124 2.861759e+02
1148.99832711965564 2.861692e+02
1150.000187799591 2.861624e+02
1150.99892189105094 2.861546e+02
1152.00073346352883 2.861465e+02
1152.99942172058309 2.861384e+02
1153.99809208171928 2.861304e+02
1154.99985105495193 2.861222e+02
1155.99850184254683 2.861139e+02
1157.00025319591782 2.861056e+02
1157.99890694103397 2.860971e+02
1159.00066832192624 2.860885e+02
1159.99933451059292 2.860798e+02
1160.99800622983889 2.860711e+02
1161.9997834014282 2.860622e+02
1162.99846151705219 2.860532e+02
1164.00024126092603 2.860442e+02
1164.99891712956332 2.860352e+02
1166.00068994524736 2.860261e+02
1166.99935646339691 2.860170e+02
1167.9980188936504 2.860079e+02
1168.99978069425833 2.859987e+02
1169.9984467029667 2.859895e+02
1171.00022526371276 2.859802e+02
1171.99892255418968 2.859710e+02
1173.00074953688045 2.859617e+02
1173.99949361987819 2.859524e+02
1174.99825013742043 2.859431e+02
1176.00013710691951 2.859339e+02
1176.99895466628141 2.859246e+02
1178.00090672586907 2.859154e+02
1178.99978597725067 2.859064e+02
1179.99868844415846 2.858974e+02
1181.0007103556602 2.858885e+02
1181.99964151327413 2.858797e+02
1182.99858001971097 2.858711e+02
1184.00062515109835 2.858625e+02
1184.99957067028504 2.858540e+02
1185.99851899484156 2.858456e+02
1187.00057351632518 2.858373e+02
1187.99953059631616 2.858290e+02
1188.99849362446412 2.858208e+02
1190.00056565881141 2.858127e+02
1190.99954199423428 2.858047e+02
1191.99852380361835 2.857967e+02
1193.0006089512633 2.857888e+02
1193.99958603475943 2.857810e+02
1194.99855016271181 2.857733e+02
1196.00059544823239 2.857657e+02
1196.99950960317574 2.857583e+02
1197.99838901838962 2.857510e+02
1199.00033048155274 2.857437e+02
1199.99912615566609 2.857365e+02
1201.00097866831493 2.857293e+02
1201.99968382255634 2.857229e+02
1202.99834003880733 2.857167e+02
1204.000048194486 2.857103e+02
1204.99862036699483 2.857038e+02
1206.00026296274086 2.856973e+02
1206.99877532803589 2.856908e+02
1208.00035765685629 2.856842e+02
1208.99880374529289 2.856775e+02
1210.00030765006909 2.856708e+02
1210.99866048260742 2.856630e+02
1212.00005521470644 2.856551e+02
1212.99828645891466 2.856472e+02
1213.99955647530646 2.856404e+02
1215.00077473615215 2.856333e+02
1215.99885572998278 2.856260e+02
1217.00001534245234 2.856185e+02
1217.99807015916804 2.856108e+02
1218.99923182491011 2.856029e+02
1220.00040784604539 2.855948e+02
1220.99850238459476 2.855862e+02
1221.99971680765952 2.855762e+02
1223.0009526615288 2.855664e+02
1223.99911018558737 2.855567e+02
1225.00038901855055 2.855469e+02
1225.99859035402733 2.855372e+02
1226.99991543423243 2.855275e+02
1227.9981656946045 2.855178e+02
1228.9995445570305 2.855079e+02
1230.0009559124162 2.854980e+02
1230.99930306384226 2.854880e+02
1232.00079096131367 2.854780e+02
1232.99922256000877 2.854680e+02
1234.00080150474764 2.854579e+02
1234.99932704594016 2.854478e+02
1236.00100135483262 2.854378e+02
1236.99962158512949 2.854278e+02
1237.99828767946792 2.854180e+02
1239.00009935828234 2.854082e+02
1239.99885077281624 2.853986e+02
1241.00074088707311 2.853892e+02
1241.99955992815626 2.853798e+02
1242.99840375107306 2.853706e+02
1244.00036954211714 2.853615e+02
1244.99924899340976 2.853525e+02
1245.99814252710053 2.853437e+02
1247.00015233778663 2.853349e+02
1247.99907446850011 2.853262e+02
1248.99801245657409 2.853176e+02
1250.00006949212343 2.853090e+02
1250.99903874465963 2.853006e+02
1251.9980171517559 2.852924e+02
1253.00009871743578 2.852842e+02
1253.99906924520496 2.852762e+02
1254.99802171148099 2.852683e+02
1256.00004890617402 2.852606e+02
1256.99893735115597 2.852531e+02
1258.00088512359002 2.852456e+02
1258.99968529377657 2.852383e+02
1259.99843966837557 2.852310e+02
1261.00025147559381 2.852237e+02
1261.99892107124424 2.852165e+02
1263.00065423065553 2.852092e+02
1263.99925049751687 2.852018e+02
1265.0009135610826 2.851945e+02
1265.99944161575922 2.851871e+02
1266.99793565363575 2.851796e+02
1267.99949549814323 2.851721e+02
1268.99791731754135 2.851648e+02
1269.9993999202743 2.851574e+02
1271.00083948422684 2.851500e+02
1271.99913290560312 2.851425e+02
1273.00047962419103 2.851348e+02
1273.99868037886404 2.851279e+02
1274.99993909200953 2.851208e+02
1275.99806137866858 2.851136e+02
1276.99925376117221 2.851062e+02
1278.00042350549757 2.850986e+02
1278.99847846206808 2.850908e+02
1279.9996250331501 2.850828e+02
1281.00076718556329 2.850734e+02
1281.99880365085437 2.850639e+02
1282.99993413125026 2.850545e+02
1283.99796679431188 2.850451e+02
1284.99911057220856 2.850356e+02
1286.00027752006417 2.850262e+02
1286.99837975066725 2.850167e+02
1287.99962550355622 2.850070e+02
1289.0009215487255 2.849973e+02
1289.99917414749689 2.849874e+02
1291.00058816401247 2.849773e+02
1291.99896510465373 2.849672e+02
1293.00051009187996 2.849570e+02
1293.9990221543444 2.849468e+02
1295.0006992244821 2.849365e+02
1295.99933696642756 2.849262e+02
1296.99803311771893 2.849160e+02
1297.99988504428347 2.849057e+02
1298.99868789046354 2.848955e+02
1300.00064337446429 2.848854e+02
1300.99954346376671 2.848754e+02
1301.99848729543987 2.848654e+02
1303.00057421883002 2.848555e+02
1303.99959571877844 2.848456e+02
1304.99865258077125 2.848359e+02
1306.00084756155638 2.848262e+02
1306.99997568614435 2.848166e+02
1307.99914038046791 2.848071e+02
1308.99834180037737 2.847977e+02
1310.00068060740341 2.847884e+02
1310.99994679110318 2.847791e+02
1311.99923955881809 2.847700e+02
1312.99855416577725 2.847609e+02
1314.00098871274236 2.847520e+02
1315.00033118233068 2.847432e+02
1315.99968035228039 2.847345e+02
1316.99903062470958 2.847259e+02
1317.99837596639827 2.847174e+02
1319.00081431395529 2.847090e+02
1320.00013219435982 2.847008e+02
1320.99942818310433 2.846926e+02
1321.99869978614174 2.846845e+02
1322.99794457855933 2.846766e+02
1324.00026133372853 2.846687e+02
1324.99944066448029 2.846608e+02
1325.9985875870309 2.846530e+02
1327.00080828060459 2.846453e+02
1327.99989652433896 2.846375e+02
1328.99895469004514 2.846297e+02
1329.99798759769919 2.846220e+02
1331.00009817108776 2.846143e+02
1331.99907272872133 2.846065e+02
1332.9980161248659 2.845988e+02
1334.00004250575012 2.845910e+02
1334.99894359480732 2.845832e+02
1336.00092217373071 2.845752e+02
1336.99978862095145 2.845671e+02
1337.99864279015287 2.845589e+02
1339.00057781168721 2.845505e+02
1339.99939990603571 2.845420e+02
1340.99821403393571 2.845334e+02
1342.00011797293246 2.845246e+02
1342.99891625323062 2.845157e+02
1344.00081712779388 2.845067e+02
1344.99961532945053 2.844976e+02
1345.99841945113303 2.844883e+02
1347.00033626975369 2.844789e+02
1347.9991612664146 2.844693e+02
1348.99800061232236 2.844596e+02
1349.99995843046486 2.844497e+02
1350.99882884485237 2.844398e+02
1352.00081784367558 2.844296e+02
1352.99972466956524 2.844194e+02
1353.99865292872482 2.844091e+02
1355.00070862963616 2.843986e+02
1355.99969133071227 2.843880e+02
1356.99870541472819 2.843774e+02
1358.00085484322972 2.843666e+02
1358.99993565592968 2.843557e+02
1359.99904835064194 2.843449e+02
1360.99819117085349 2.843340e+02
1362.00046895444302 2.843230e+02
1362.9996744606367 2.843122e+02
1363.99890983446517 2.843013e+02
1364.99817625000514 2.842904e+02
1366.00057675993003 2.842796e+02
1366.99990367562941 2.842687e+02
1367.9992590363438 2.842580e+02
1368.99864066007058 2.842473e+02
1369.99804663080772 2.842367e+02
1371.00057959637684 2.842262e+02
1372.00002990975213 2.842157e+02
1372.9995002470821 2.842054e+02
1373.99899004972622 2.841952e+02
1374.99849884930177 2.841851e+02
1375.99802611657037 2.841751e+02
1377.0006751514743 2.841652e+02
1378.00023421828473 2.841555e+02
1378.99980186620587 2.841460e+02
1379.99937287725652 2.841366e+02
1380.99894108755052 2.841273e+02
1381.99850130410346 2.841182e+02
1382.99804987963262 2.841094e+02
1384.00068734541537 2.841006e+02
1385.0002043187983 2.840920e+02
1385.99970579036994 2.840836e+02
1386.99919015351657 2.840753e+02
1387.9986536510246 2.840671e+02
1388.99809272032599 2.840591e+02
1390.00060974385337 2.840511e+02
1390.99999660132357 2.840432e+02
1391.99935726255489 2.840355e+02
1392.99869173706816 2.840279e+02
1393.9979991575558 2.840202e+02
1395.00037999900633 2.840126e+02
1395.99962390962583 2.840049e+02
1396.99883211560154 2.839972e+02
1397.99800414250876 2.839893e+02
1399.00024344831309 2.839814e+02
1399.99934490739838 2.839734e+02
1400.9984116419314 2.839653e+02
1402.00054648821447 2.839570e+02
1402.99954453430087 2.839487e+02
1403.99850834173913 2.839401e+02
1405.00053967198528 2.839313e+02
1405.99943391035413 2.839224e+02
1406.99829450752236 2.839133e+02
1408.00022814772478 2.839039e+02
1408.99903329382164 2.838945e+02
1410.00091412937172 2.838848e+02
1410.99966626340984 2.838750e+02
1411.9983906948205 2.838650e+02
1413.00019518133809 2.838549e+02
1413.99888386547832 2.838447e+02
1415.00066595208682 2.838343e+02
1415.99934766114984 2.838238e+02
1416.9980370354624 2.838132e+02
1417.99983869231846 2.838025e+02
1418.99855226288651 2.837916e+02
1420.00038617582095 2.837805e+02
1420.99914001706429 2.837693e+02
1421.99792000870934 2.837581e+02
1422.99982909249775 2.837467e+02
1423.99866679425713 2.837352e+02
1425.00064067122162 2.837237e+02
1425.99955111646295 2.837122e+02
1426.99850618558708 2.837007e+02
1428.00061483366107 2.836890e+02
1428.99967494484235 2.836774e+02
1429.99878924253017 2.836657e+02
1430.99795362734608 2.836540e+02
1432.00026670837451 2.836425e+02
1432.99951741945915 2.836310e+02
1433.99880633259363 2.836197e+02
1434.99813322529735 2.836085e+02
1436.00060118761689 2.835973e+02
1437.00000441811471 2.835863e+02
1437.99944825605439 2.835754e+02
1438.99893273974135 2.835646e+02
1439.99845539545322 2.835539e+02
1440.99801166552561 2.835433e+02
1442.00069993741477 2.835329e+02
1443.00030417449284 2.835227e+02
1443.99992098048074 2.835126e+02
1444.99954376078949 2.835028e+02
1445.99916897508547 2.834930e+02
1446.99879542122426 2.834836e+02
1447.99842022787266 2.834743e+02
1448.99803658171481 2.834652e+02
1450.00074251822184 2.834563e+02
1451.00032547006595 2.834475e+02
1451.99989047009171 2.834388e+02
1452.99943915289964 2.834302e+02
1453.99897263919183 2.834218e+02
1454.99849251259775 2.834136e+02
1455.99799841150116 2.834055e+02
1457.00059184705924 2.833974e+02
1458.00006146936698 2.833894e+02
1458.99950821755465 2.833814e+02
1459.99892970872861 2.833734e+02
1460.99832273732682 2.833654e+02
1462.00078713971266 2.833574e+02
1463.00011302539178 2.833493e+02
1463.99940313452635 2.833412e+02
1464.99865863753894 2.833329e+02
1466.00098595879172 2.833244e+02
1467.00018237721974 2.833158e+02
1467.99935405881047 2.833069e+02
1468.99850226643298 2.832978e+02
1470.00072925667791 2.832885e+02
1470.99982757685984 2.832791e+02
1471.9988974616665 2.832695e+02
1472.99793641740439 2.832598e+02
1474.00004542403713 2.832500e+02
1474.99902393116145 2.832401e+02
1475.99798331380998 2.832301e+02
1477.00003275532003 2.832199e+02
1477.99896764514278 2.832097e+02
1479.00098971328089 2.831993e+02
1479.99989016698669 2.831889e+02
1480.9987717291865 2.831784e+02
1482.00074561971337 2.831679e+02
1482.99962385314484 2.831574e+02
1483.99852982484094 2.831467e+02
1485.00058344117451 2.831358e+02
1485.99959041304328 2.831248e+02
1486.99865669960923 2.831135e+02
1488.00088243404866 2.831019e+02
1489.00005568623578 2.830902e+02
1489.99927060181244 2.830785e+02
1490.99852111164478 2.830668e+02
1492.00090713276791 2.830551e+02
1493.00022362862455 2.830434e+02
1493.99958070080538 2.830317e+02
1494.99898601783889 2.830199e+02
1495.99844407874298 2.830080e+02
1496.99795267212198 2.829960e+02
1498.00061017970302 2.829840e+02
1499.00020024652781 2.829718e+02
1499.99982124123744 2.829593e+02
1500.9994711555787 2.829469e+02
1501.99915476841147 2.829345e+02
1502.99888210405743 2.829222e+02
1503.99866218352054 2.829099e+02
1504.99850046269671 2.828975e+02
1505.99839741814117 2.828851e+02
1506.99834498102905 2.828728e+02
1507.99832982226803 2.828607e+02
1508.99834377057755 2.828486e+02
1509.9983812867863 2.828366e+02
1510.99843940311575 2.828246e+02
1511.99851754542328 2.828126e+02
1512.99862037456728 2.828005e+02
1513.99875680543801 2.827884e+02
1514.99893992752845 2.827761e+02
1515.99916719891712 2.827635e+02
1516.99943167005972 2.827522e+02
1517.99971705804433 2.827421e+02
1519.00000507093364 2.827326e+02
1520.00028064636444 2.827233e+02
1521.00054344655064 2.827145e+02
1522.00080604227378 2.827059e+02
1522.99797203784647 2.826976e+02
1523.9982617297137 2.826893e+02
1524.99857104828561 2.826810e+02
1525.99889287421797 2.826725e+02
1526.99920744121346 2.826641e+02
1527.99949332756796 2.826557e+02
1528.99972890828735 2.826475e+02
1529.99989843304297 2.826395e+02
1530.99999660623575 2.826317e+02
1532.00002834752672 2.826238e+02
1533.0000056497388 2.826159e+02
1533.99994379792724 2.826079e+02
1534.99985489382766 2.825998e+02
1535.99974107227354 2.825915e+02
1536.99959318218407 2.825831e+02
1537.9993945457486 2.825745e+02
1538.99912737611771 2.825660e+02
1539.99878050831308 2.825575e+02
1540.99835962920133 2.825490e+02
1542.0009963747616 2.825403e+02
1543.00051612376092 2.825317e+02
1544.00004650489836 2.825231e+02
1544.99959031082108 2.825143e+02
1545.99913767881571 2.825052e+02
1546.99866683407481 2.824959e+02
1547.99815230633658 2.824863e+02
1549.00068285709017 2.824767e+02
1550.00005989398483 2.824670e+02
1550.99940805667757 2.824579e+02
1551.99875115231362 2.824478e+02
1552.99810340256977 2.824362e+02
1554.00057779378039 2.824238e+02
1554.99996085500288 2.824109e+02
1555.99934013623056 2.823979e+02
1556.99870004641639 2.823847e+02
1557.99802508664197 2.823715e+02
1559.00040351372286 2.823584e+02
1559.99962961638175 2.823455e+02
1560.99883185458475 2.823325e+02
1561.99804665354827 2.823195e+02
1563.00040512244777 2.823064e+02
1563.99971697969067 2.822931e+02
1564.99910425874737 2.822795e+02
1565.99856707239883 2.822658e+02
1566.99807599091628 2.822522e+02
1568.00070774537676 2.822387e+02
1569.00026169563853 2.822255e+02
1569.99985397141518 2.822125e+02
1570.99947455884217 2.821998e+02
1571.99913249478072 2.821871e+02
1572.99887431463685 2.821741e+02
1573.99872674321773 2.821609e+02
1574.99867493132228 2.821477e+02
1575.99869628956208 2.821344e+02
1576.99876896870296 2.821209e+02
1577.99887053899829 2.821077e+02
1578.99898700611743 2.820946e+02
1579.99911920877094 2.820816e+02
1580.99929604950307 2.820690e+02
1581.99954333203823 2.820563e+02
1582.99986456861598 2.820432e+02
1584.00026526690181 2.820302e+02
1585.00074982126171 2.820170e+02
1585.99819811651037 2.820034e+02
1586.99880664137254 2.819899e+02
1587.99945226420368 2.819770e+02
1589.0001050525093 2.819655e+02
1590.0007417046229 2.819554e+02
1590.99824813146188 2.819460e+02
1591.99884023885124 2.819368e+02
1592.99942972519125 2.819280e+02
1594.00002958172672 2.819195e+02
1595.00064829070243 2.819110e+02
1595.99818229142693 2.819025e+02
1596.99883056767135 2.818940e+02
1597.99946764110496 2.818855e+02
1599.00008495377551 2.818772e+02
1600.00067270199793 2.818691e+02
1600.99811693056563 2.818611e+02
1601.99863573761127 2.818534e+02
1602.99912012433379 2.818459e+02
1603.99955882001245 2.818385e+02
1604.99994378683573 2.818310e+02
1606.00026089057701 2.818233e+02
1607.00048996083433 2.818155e+02
1608.00061823184706 2.818076e+02
1609.00063726449798 2.817998e+02
1610.0005459719514 2.817920e+02
1611.00035693762493 2.817842e+02
1612.00008533486721 2.817764e+02
1612.99974030925409 2.817688e+02
1613.99933008162088 2.817612e+02
1614.99885544376457 2.817536e+02
1615.99829926410507 2.817458e+02
1617.00074608381328 2.817375e+02
1617.99999151333782 2.817289e+02
1618.99916022374327 2.817208e+02
1619.99827274183122 2.817113e+02
1621.00046467299944 2.816997e+02
1621.99955921158471 2.816870e+02
1622.99868939079943 2.816736e+02
1624.00096420526552 2.816597e+02
1625.0001752008875 2.816454e+02
1625.99941093398934 2.816309e+02
1626.99864202277604 2.816164e+02
1628.00095094900098 2.816020e+02
1629.00012708075269 2.815879e+02
1629.99926862994425 2.815739e+02
1630.99839600341625 2.815598e+02
1632.00064545422356 2.815454e+02
1632.999830789101 2.815309e+02
1633.99906500187512 2.815161e+02
1634.99834936202728 2.815011e+02
1636.00077795229117 2.814861e+02
1637.00013341642921 2.814712e+02
1637.99951203272235 2.814566e+02
1638.99891425364126 2.814423e+02
1639.99835136539605 2.814283e+02
1641.00094891576464 2.814143e+02
1642.00052419316467 2.814003e+02
1643.00020450171905 2.813861e+02
1643.99999952621715 2.813718e+02
1644.99990031811558 2.813574e+02
1645.9998853409802 2.813432e+02
1646.99992774030056 2.813290e+02
1648.00000741580061 2.813149e+02
1649.00012525584066 2.813009e+02
1650.0003044318978 2.812870e+02
1651.00057667982696 2.812731e+02
1652.00097306798943 2.812593e+02
1652.9984012384748 2.812452e+02
1653.99906609368327 2.812307e+02
1654.9998186113578 2.812159e+02
1656.00059973348289 2.812009e+02
1656.99825718648094 2.811860e+02
1657.99898360932161 2.811714e+02
1658.99966849767975 2.811585e+02
1660.00032889122303 2.811470e+02
1661.00098436380154 2.811364e+02
1661.99854619226448 2.811261e+02
1662.99925115638712 2.811159e+02
1664.00001017106456 2.811060e+02
1665.00081724871029 2.810964e+02
1665.99854239466185 2.810872e+02
1666.99936593392567 2.810784e+02
1668.00013978533343 2.810700e+02
1669.00085085916248 2.810620e+02
1669.99840096049707 2.810542e+02
1670.99901862720822 2.810467e+02
1671.9996011514902 2.810393e+02
1673.00014282323718 2.810318e+02
1674.00062690990535 2.810245e+02
1674.99793006669779 2.810173e+02
1675.99825913159702 2.810100e+02
1676.9985159332075 2.810029e+02
1677.99873305586266 2.809959e+02
1678.99894984492721 2.809889e+02
1679.9991844537949 2.809818e+02
1680.99942100389649 2.809746e+02
1681.99961178412059 2.809670e+02
1682.99969481212179 2.809591e+02
1683.99961417643317 2.809510e+02
1684.99933732720092 2.809431e+02
1685.99886835550888 2.809354e+02
1686.99826333853071 2.809276e+02
1688.00070195106059 2.809194e+02
1689.00002689868484 2.809113e+02
1689.99935696480293 2.809025e+02
1690.99869182296447 2.808911e+02
1691.99802643554904 2.808783e+02
1693.00044817745015 2.808650e+02
1693.9997459726842 2.808519e+02
1694.99903910307034 2.808388e+02
1695.99833840348583 2.808256e+02
1697.00075316265634 2.808119e+02
1698.00007672925381 2.807976e+02
1698.99939518658698 2.807827e+02
1699.99868049662655 2.807672e+02
1700.99791381765954 2.807513e+02
1702.00018950024923 2.807352e+02
1702.99931216928599 2.807191e+02
1703.99841821405221 2.807032e+02
1705.00066237152009 2.806874e+02
1705.99989378959776 2.806719e+02
1706.99925281337846 2.806566e+02
1707.99875871085374 2.806416e+02
1708.9984074327424 2.806266e+02
1709.99817324317451 2.806117e+02
1710.99800487291645 2.805970e+02
1712.00095314679879 2.805824e+02
1713.00077544386886 2.805678e+02
1714.00057550727479 2.805531e+02
1715.00038130945882 2.805383e+02
1716.00023802081137 2.805233e+02
1717.00019297839776 2.805080e+02
1718.00027819476122 2.804927e+02
1719.00050654086658 2.804773e+02
1720.00087646197721 2.804620e+02
1720.99825701122109 2.804469e+02
1721.99882484980481 2.804318e+02
1722.99944642589753 2.804167e+02
1724.00010876766851 2.804018e+02
1725.0007972407634 2.803871e+02
1725.99838250384119 2.803725e+02
1726.99907796378784 2.803576e+02
1727.99979450504793 2.803427e+02
1729.00054098330065 2.803287e+02
1729.99817993578563 2.803155e+02
1730.9988351227255 2.803030e+02
1731.99930843447328 2.802910e+02
1732.99960140813437 2.802797e+02
1733.99981711714031 2.802692e+02
1735.00010576322961 2.802596e+02
1736.00061319661063 2.802506e+02
1736.99831962602411 2.802419e+02
1737.99942471794657 2.802330e+02
1739.00069142894085 2.802237e+02
1739.99879142569853 2.802144e+02
1740.99972082434397 2.802056e+02
1742.0002595753615 2.801975e+02
1743.00042499239476 2.801906e+02
1744.00033711463016 2.801843e+02
1745.00020420483202 2.801780e+02
1746.00020305081262 2.801712e+02
1747.00044924191297 2.801623e+02
1748.00098229104992 2.801518e+02
1748.99862559907751 2.801413e+02
1749.99937443698445 2.801317e+02
1750.99993341300956 2.801236e+02
1752.00020452842364 2.801171e+02
1753.00018539774965 2.801114e+02
1753.99995722605786 2.801061e+02
1754.99965172305224 2.801007e+02
1755.99937420901142 2.800944e+02
1756.99918398843283 2.800869e+02
1757.99905727546616 2.800782e+02
1758.99890197778745 2.800689e+02
1759.99861603758336 2.800595e+02
1760.99815084045258 2.800486e+02
1762.00064772574046 2.800373e+02
1763.00000454708311 2.800264e+02
1763.99944313344577 2.800158e+02
1764.99905837673236 2.800049e+02
1765.99888355959615 2.799931e+02
1766.99884729628457 2.799798e+02
1767.99883162080027 2.799653e+02
1768.99871689796737 2.799502e+02
1769.99837543997342 2.799348e+02
1771.00083206083377 2.799190e+02
1771.99993232871066 2.799031e+02
1772.99891571185594 2.798868e+02
1773.9979439962824 2.798700e+02
1775.00028853091226 2.798522e+02
1775.99985701588776 2.798338e+02
1776.9997644951352 2.798149e+02
1777.99990352173882 2.797961e+02
1779.00007262439976 2.797782e+02
1780.00005311805398 2.797617e+02
1780.99972359915159 2.797466e+02
1781.99911606461114 2.797329e+02
1782.99838244358966 2.797199e+02
1784.000824727397 2.797066e+02
1785.00041188977411 2.796922e+02
1786.00031015063769 2.796766e+02
1787.00047433238024 2.796598e+02
1788.00079576195844 2.796427e+02
1788.99804110645005 2.796262e+02
1789.99833056785428 2.796105e+02
1790.99854521824045 2.795959e+02
1791.99875201646159 2.795824e+02
1792.99905301074273 2.795697e+02
1793.99956153303106 2.795571e+02
1795.00037569769552 2.795440e+02
1795.99842001382149 2.795302e+02
1796.99984002621409 2.795157e+02
1797.99821822073977 2.795008e+02
1798.99947944337873 2.794859e+02
1800.00027864572485 2.794713e+02
1801.00056012321079 2.794581e+02
1802.00048960482559 2.794457e+02
1803.00033879808689 2.794334e+02
1804.00034899565208 2.794211e+02
1805.00070417638608 2.794075e+02
1805.99834349052003 2.793931e+02
1806.99936069278101 2.793784e+02
1808.0004092353056 2.793654e+02
1808.99812186720555 2.793544e+02
1809.99854570925777 2.793450e+02
1810.99856121576249 2.793372e+02
1811.99830226419863 2.793300e+02
1812.99798186818407 2.793229e+02
1814.00089884028694 2.793150e+02
1815.00095200638179 2.793062e+02
1815.99812846920872 2.792967e+02
1816.9985271850544 2.792869e+02
1817.99889735535976 2.792773e+02
1818.99913309599242 2.792685e+02
1819.99921614260279 2.792610e+02
1820.99922274400001 2.792548e+02
1821.9992828819145 2.792493e+02
1822.9994983329093 2.792438e+02
1823.99987717613885 2.792377e+02
1825.00031684566693 2.792313e+02
1826.00063631033709 2.792244e+02
1827.00065115859502 2.792171e+02
1828.0002588480736 2.792105e+02
1828.999521290345 2.792042e+02
1829.9986634692209 2.791960e+02
1830.99798581434948 2.791869e+02
1832.00082425095457 2.791763e+02
1832.99794337922572 2.791645e+02
1833.99852546420016 2.791512e+02
1834.99916815684355 2.791366e+02
1835.99950287222032 2.791215e+02
1836.99926197810851 2.791066e+02
1837.99845557101821 2.790927e+02
1839.0004610645974 2.790782e+02
1839.99946844884767 2.790639e+02
1840.99889490637406 2.790483e+02
1841.99882978537903 2.790305e+02
1842.99915568361689 2.790112e+02
1843.99962394086606 2.789913e+02
1844.9999339175306 2.789717e+02
1845.99984691075065 2.789530e+02
1846.99937196937162 2.789364e+02
1847.99875222213336 2.789214e+02
1848.9983355002023 2.789069e+02
1849.99841663746088 2.788911e+02
1850.99907064851641 2.788751e+02
1852.00023379756112 2.788591e+02
1852.99850626381544 2.788418e+02
1853.99957871549464 2.788241e+02
1855.00004137674819 2.788448e+02
1855.99993206196245 2.788743e+02
1856.99962127416029 2.789084e+02
1857.99947772035603 2.789451e+02
1858.99983540032395 2.789821e+02
1860.00087601343103 2.790179e+02
1860.99940074094002 2.790525e+02
1861.99821972287737 2.790868e+02
1862.99985620170742 2.791209e+02
1864.00073654599191 2.791551e+02
1865.00079823534224 2.791897e+02
1866.00023590001365 2.792257e+02
1866.99936799980014 2.792643e+02
1867.99851343587943 2.793045e+02
1869.0009532396025 2.793446e+02
1870.00041894692572 2.793836e+02
1870.99976274147139 2.794222e+02
1871.9987072297788 2.794616e+02
1873.00016324044873 2.795027e+02
1874.00096078780825 2.795457e+02
1874.99814290175391 2.795905e+02
1875.99817497179083 2.796367e+02
1876.99826133029728 2.796838e+02
1877.99858335500471 2.797306e+02
1878.99911000948509 2.797762e+02
1879.99959120604399 2.798207e+02
1880.99966701720768 2.798648e+02
1881.99906092747733 2.799092e+02
1883.00082289671991 2.799548e+02
1883.99895188739174 2.800044e+02
1884.99999827907118 2.800548e+02
1885.9982135368839 2.801044e+02
1887.00003193897987 2.801560e+02
1887.99923803263118 2.802063e+02
1888.9986619013298 2.802543e+02
1890.0009782374259 2.803011e+02
1890.9996120218068 2.803477e+02
1892.00060902208838 2.803970e+02
1892.99796475072867 2.804489e+02
1893.99834801076008 2.805011e+02
1894.99921205038618 2.805525e+02
1896.00078212942276 2.806008e+02
1896.99985531762559 2.806464e+02
1897.99922337217936 2.806883e+02
1898.998514202754 2.807288e+02
1900.00049934267236 2.807702e+02
1900.99893317374926 2.808152e+02
1902.00019646337023 2.808635e+02
1902.99848172231191 2.809131e+02
1904.00035835896188 2.809621e+02
1904.99983568619928 2.810074e+02
1905.99992277003275 2.810520e+02
1907.00032134021694 2.810947e+02
1908.0008322899414 2.811368e+02
1909.00093160232086 2.811791e+02
1910.00030599308934 2.812232e+02
1910.99915416881481 2.812706e+02
1912.00096180215701 2.813197e+02
1912.99985416341951 2.813687e+02
1913.99916159502141 2.814153e+02
1915.00183493017198 2.814604e+02
1915.99884508729065 2.815047e+02
1916.99943377915861 2.815474e+02
1918.00014863020897 2.815898e+02
1919.00056764200008 2.816342e+02
1920.00045193746428 2.816816e+02
1920.999817220767 2.817332e+02
1921.99885407788929 2.817863e+02
1923.00093528869252 2.818391e+02
1924.00015154858534 2.818876e+02
1924.9996942356795 2.819330e+02
1925.99951501246892 2.819759e+02
1926.9994556337756 2.820174e+02
1927.99924453677409 2.820594e+02
1929.00169876828068 2.821041e+02
1930.00053873376396 2.821530e+02
1930.99901672645274 2.822040e+02
1932.00052548632129 2.822556e+02
1932.99922801006664 2.823057e+02
1934.0015359973911 2.823533e+02
1935.00131940371921 2.823978e+02
1936.00158843669146 2.824422e+02
1936.99896437524126 2.824884e+02
1937.99915532118575 2.825372e+02
1939.00169088058715 2.825902e+02
1940.00026699132422 2.826463e+02
1941.00131005967296 2.827034e+02
1941.99907159494342 2.827593e+02
1943.00016854220166 2.828130e+02
1943.99876931042331 2.828633e+02
1945.0013154265514 2.829101e+02
1946.00145902451573 2.829570e+02
1947.00184707857534 2.830050e+02
1947.99894027443679 2.830556e+02
1949.00159173641941 2.831121e+02
1950.0005148195396 2.831720e+02
1950.99915708621666 2.832335e+02
1952.00121105374001 2.832939e+02
1953.00099918931824 2.833510e+02
1954.00175856958867 2.834046e+02
1955.00025833826953 2.834538e+02
1955.99891357040747 2.835021e+02
1956.99998347217434 2.835509e+02
1957.99995687250339 2.836037e+02
1958.99898139444576 2.836592e+02
1960.00060367275319 2.837165e+02
1960.99908875227379 2.837736e+02
1962.00098840628698 2.838287e+02
1963.00035636391385 2.838806e+02
1964.00013511165548 2.839292e+02
1964.99958884015041 2.839763e+02
1966.00117777936748 2.840244e+02
1967.00166040344834 2.840742e+02
1968.00103332507774 2.841292e+02
1968.99926208336751 2.841878e+02
1969.99984270938785 2.842471e+02
1971.00066921584312 2.843055e+02
1972.00156233056987 2.843612e+02
1973.00163917092277 2.844120e+02
1974.00116417228719 2.844596e+02
1975.00054692965341 2.845050e+02
1976.00169083237279 2.845501e+02
1977.00122177684921 2.845977e+02
1978.00073247297109 2.846475e+02
1979.00099174790853 2.846973e+02
1980.00060676208864 2.847471e+02
1980.9999655791205 2.847966e+02
1982.00038738718672 2.848441e+02
1982.99987281407948 2.848900e+02
1984.00023924400102 2.849378e+02
1985.00078188989801 2.849901e+02
1986.00130190178152 2.850466e+02
1987.00082094559184 2.851058e+02
1988.00124635556813 2.851657e+02
1989.00020087422172 2.852233e+02
1989.999123837252 2.852765e+02
1991.00087133326883 2.853244e+02
1991.99942744573468 2.853695e+02
1992.99978404438912 2.854175e+02
1993.99925602162261 2.854761e+02
1994.999169630285 2.855463e+02
1995.99991512042811 2.856189e+02
1997.00115585923368 2.856872e+02
1997.99970297082518 2.857478e+02
1999.00140827003497 2.858002e+02
1999.99864306339714 2.858485e+02
2001.00049341427098 2.858998e+02
2001.99871974126404 2.859610e+02
2002.99998310215051 2.860324e+02
2003.99892672382498 2.861065e+02
2004.99910086211912 2.861773e+02
2005.99975132704435 2.862398e+02
2006.99968559747913 2.862928e+02
2007.99838059500075 2.863407e+02
2008.99946407483458 2.863897e+02
2010.00017958868057 2.864470e+02
2010.99811436887239 2.865132e+02
2012.00009799786471 2.865836e+02
2013.00007377642805 2.866524e+02
2014.00024334006048 2.867152e+02
2014.99984687250253 2.867714e+02
2015.99872423445186 2.868234e+02
2017.00039146966742 2.868774e+02
2017.99944762206155 2.869383e+02
2018.99902973931535 2.870044e+02
2019.99926510331693 2.870709e+02
2021.00041439558163 2.871342e+02
2021.99893569980145 2.871929e+02
2023.00014567225253 2.872483e+02
2023.99799465514093 2.872988e+02
2024.99925690021951 2.873504e+02
2025.9981258396333 2.874067e+02
2026.99802969827783 2.874688e+02
2027.99863002482357 2.875334e+02
2028.99912882977151 2.875967e+02
2029.99940003971801 2.876580e+02
2030.99961806678425 2.877165e+02
2031.99984647913698 2.877734e+02
2033.00038005481906 2.878333e+02
2033.99871361746636 2.878982e+02
2035.0005466491109 2.879657e+02
2035.99886036417092 2.880326e+02
2036.99988564581076 2.880977e+02
2037.9982610211141 2.881600e+02
2039.00006026532355 2.882219e+02
2039.99878396542613 2.882852e+02
2040.99772480244224 2.883492e+02
2042.00012038723753 2.884127e+02
2042.99966677357202 2.884757e+02
2043.99909102798074 2.885385e+02
2044.99866566660921 2.885985e+02
2045.99868470683373 2.886564e+02
2046.99904399035381 2.887142e+02
2047.99968019166795 2.887719e+02
2049.00057878516054 2.888311e+02
2049.9985104174707 2.888936e+02
2050.99974557565474 2.889573e+02
2051.99827445028086 2.890206e+02
2053.00040170725606 2.890847e+02
2053.99975117620988 2.891492e+02
2054.99917963931011 2.892150e+02
2055.99906816382008 2.892814e+02
2057.00010239177618 2.893450e+02
2057.99957034940689 2.894050e+02
2059.00033855696984 2.894619e+02
2059.99877427408364 2.895160e+02
2061.00068028990472 2.895695e+02
2061.99967126352203 2.896231e+02
2062.9986247787715 2.896746e+02
2064.0005915181905 2.897252e+02
2064.99889326900075 2.897745e+02
2065.99960981869208 2.898262e+02
2066.99975605732197 2.898831e+02
2067.99950374386253 2.899493e+02
2068.99903816909227 2.900266e+02
2069.99854899783304 2.901089e+02
2070.99835310048456 2.901884e+02
2071.99848359109592 2.902578e+02
2072.99844596715275 2.903192e+02
2073.99778702077265 2.903789e+02
2074.99967222318037 2.904396e+02
2075.99810136242013 2.905012e+02
2076.99934962724456 2.905634e+02
2078.00007264182295 2.906223e+02
2078.9997303476639 2.906731e+02
2079.99798609703339 2.907144e+02
2080.99795342414836 2.907525e+02
2081.99986423388145 2.907966e+02
2082.99768968741637 2.908510e+02
2083.99737290915937 2.909152e+02
2084.99894619512907 2.909867e+02
2085.99976832878156 2.910597e+02
2087.00031337056316 2.911297e+02
2087.99766901176326 2.911940e+02
2088.99789846065732 2.912547e+02
2089.99794567799563 2.913156e+02
2090.99800346861957 2.913765e+02
2091.99812405934608 2.914389e+02
2092.99840201409143 2.915014e+02
2093.99876380594333 2.915648e+02
2094.99869089617778 2.916294e+02
2095.9978550317137 2.916860e+02
2096.9991733022307 2.917353e+02
2097.99977647816695 2.917847e+02
2098.99987393665151 2.918372e+02
2099.99979300803352 2.918959e+02
2101.00010186090003 2.919584e+02
2101.99846402574758 2.920194e+02
2102.99866839115339 2.920240e+02
2103.99813623537784 2.919662e+02
2104.99996692578725 2.918943e+02
2105.99816976857392 2.918191e+02
2106.99866919346414 2.917435e+02
2107.99782810185116 2.916670e+02
2108.9981657680155 2.915866e+02
2109.99908141417063 2.915022e+02
2111.00014270524571 2.914198e+02
2111.99784360021431 2.913471e+02
2112.9980692155591 2.912834e+02
2113.99772421590706 2.912242e+02
2115.00025172177084 2.911644e+02
2115.99995989037507 2.911025e+02
2116.99743479911331 2.910383e+02
2117.99936725192401 2.909720e+02
2118.99971794856356 2.909051e+02
2119.99836479931173 2.908385e+02
2120.99811993371668 2.907722e+02
2121.99882706652033 2.907063e+02
2122.9973407326479 2.906399e+02
2123.9997887224763 2.905721e+02
2124.99981503044955 2.905023e+02
2125.99746819986694 2.904289e+02
2126.99908667016416 2.903534e+02
2127.9985176557293 2.902734e+02
2128.99886088528137 2.901901e+02
2129.9999912036451 2.901057e+02
2130.99865504492345 2.900208e+02
2131.99786809570242 2.899371e+02
2132.99751634167706 2.898545e+02
2133.99753946215287 2.897719e+02
2134.99786540615605 2.896895e+02
2135.99851037891131 2.896086e+02
2136.9995630294261 2.895289e+02
2137.99793694486607 2.894513e+02
2138.99984749607711 2.893746e+02
2139.99877445712855 2.892996e+02
2140.99753084719578 2.892283e+02
2141.99917903327423 2.892096e+02
2142.99749645313159 2.892067e+02
2143.99886796876945 2.892125e+02
2144.99993714993252 2.892256e+02
2145.99733484778471 2.892476e+02
2147.00039487450886 2.892707e+02
2147.99976503022026 2.892934e+02
2148.99875176522892 2.893144e+02
2149.99746583337583 2.893350e+02
2150.99907529154007 2.893554e+02
2152.00030219342352 2.893696e+02
2152.99785677024329 2.893824e+02
2153.99733257606476 2.893966e+02
2154.99748501575414 2.894118e+02
2156.000377352143 2.894265e+02
2156.99863758590345 2.894403e+02
2157.99919717638477 2.894525e+02
2158.99807518371426 2.894629e+02
2159.9998077229543 2.894718e+02
2161.00031085701812 2.894792e+02
2162.00036355467819 2.894855e+02
2162.99924782493918 2.894899e+02
2163.99943658260054 2.894918e+02
2165.00044714256319 2.894916e+02
2165.99874920609682 2.894904e+02
2167.00033799808352 2.894877e+02
2167.99877640363593 2.894831e+02
2169.00023517328327 2.894790e+02
2169.99850800146805 2.894785e+02
2170.99994296293926 2.894761e+02
2171.99863989052164 2.894689e+02
2172.99750202157702 2.894581e+02
2173.9992223670597 2.894458e+02
2174.99740299741461 2.894345e+02
2175.99833749423806 2.894260e+02
2176.99911416738041 2.894201e+02
2177.99978870693667 2.894146e+02
2179.00033647576856 2.894082e+02
2179.9976957639301 2.894026e+02
2180.99803515688518 2.893989e+02
2181.99820458052909 2.893977e+02
2182.99845473769528 2.893970e+02
2183.99895209592114 2.893952e+02
2184.99950017484889 2.893933e+02
2186.00019397418373 2.893908e+02
2186.99787029970958 2.893892e+02
2187.99826391316947 2.893891e+02
2188.99771439201459 2.893892e+02
2189.99907864252827 2.893897e+02
2190.99935342400659 2.893917e+02
2191.99883265925837 2.893977e+02
2192.99795951929855 2.894094e+02
2193.99983017743807 2.894266e+02
2194.99780033080879 2.894480e+02
2195.99755666840838 2.894731e+02
2196.99925646415886 2.894986e+02
2197.99984148038402 2.895210e+02
2198.99928127135126 2.895379e+02
2199.99808676481643 2.895485e+02
2200.99998098248716 2.895524e+02
2201.99918517415335 2.895510e+02
2202.99908315789162 2.895458e+02
2203.9995327011743 2.895380e+02
2205.00010956640926 2.895282e+02
2205.9974725342804 2.895146e+02
2206.9976090697246 2.895010e+02
2208.0003674833938 2.894904e+02
2208.99940244910567 2.894844e+02
2209.99771086723058 2.894846e+02
2210.9985298354004 2.894915e+02
2211.99910742249858 2.895030e+02
2212.99971696180592 2.895158e+02
2213.99752000513672 2.895284e+02
2214.99894471088874 2.895384e+02
2215.9981775852375 2.895446e+02
2216.99840338094509 2.895471e+02
2217.99954605298126 2.895462e+02
2218.99848923973559 2.895417e+02
2219.99827675633151 2.895333e+02
2220.99872301500773 2.895216e+02
2221.99962852024055 2.895084e+02
2222.99777183598962 2.894949e+02
2223.99902753071365 2.894826e+02
2224.99982873955014 2.894731e+02
2225.9998707552727 2.894673e+02
2226.99913600122863 2.894669e+02
2227.99759010323805 2.894729e+02
2228.99846232958998 2.894862e+02
2229.99897909293577 2.895049e+02
2230.9996306599669 2.895269e+02
2232.00039433140728 2.895488e+02
2232.99787400434116 2.895702e+02
2233.99871370510118 2.895889e+02
2234.9999537612639 2.896015e+02
2235.99848415860879 2.896066e+02
2236.9976012285706 2.896051e+02
2237.9974617870439 2.895973e+02
2238.99784214628562 2.895830e+02
2239.99891322069834 2.895640e+02
2240.99789000996088 2.895449e+02
2242.00030983782108 2.895279e+02
2242.99914185837042 2.895155e+02
2243.99743710862595 2.895100e+02
2244.9984691276054 2.895133e+02
2245.9992081517712 2.895248e+02
2246.99974073588555 2.895439e+02
2248.00018196718929 2.895701e+02
2248.99762751118942 2.895996e+02
2249.99801405747576 2.896282e+02
2250.99809761508232 2.896543e+02
2251.99820086085674 2.896736e+02
2252.99882295924635 2.896822e+02
2254.00006169661992 2.896792e+02
2254.99875315346162 2.896661e+02
2255.99810970797625 2.896460e+02
2256.99824355901546 2.896185e+02
2257.99905473568333 2.895871e+02
2259.00019969251434 2.895563e+02
2259.9981875817798 2.895333e+02
2260.99919128155943 2.895211e+02
2262.00032459015301 2.895190e+02
2262.99873406835104 2.895280e+02
2264.0002081860398 2.895488e+02
2264.99863667349973 2.895799e+02
2266.00027632655883 2.896179e+02
2266.9985431275627 2.896589e+02
2267.99951118267973 2.896967e+02
2269.00016699129947 2.897246e+02
2269.99758185133123 2.897379e+02
2270.99786821735279 2.897350e+02
2271.99790892851388 2.897191e+02
2272.99816742215307 2.896932e+02
2273.99930044262283 2.896575e+02
2274.99835017376199 2.896132e+02
2275.99842348579068 2.895671e+02
2276.99740792660987 2.895320e+02
2277.99822741756543 2.895144e+02
2278.99984385249445 2.895122e+02
2279.99807266022026 2.895208e+02
2280.99875640573237 2.895374e+02
2281.99830753409651 2.895643e+02
2282.99894213778862 2.896073e+02
2283.99766376034813 2.896601e+02
2284.998243751882 2.897113e+02
2285.9982282519054 2.897504e+02
2286.99869785351211 2.897705e+02
2288.00041530655244 2.897705e+02
2288.99951252740084 2.897527e+02
2289.99786921335908 2.897219e+02
2290.99812690473073 2.896837e+02
2291.9977693247115 2.896336e+02
2292.99805242413095 2.895800e+02
2293.99830070155258 2.895320e+02
2294.9988735932684 2.895016e+02
2295.99737680840144 2.894952e+02
2296.997362918004 2.895067e+02
2297.99835026838127 2.895244e+02
2298.99810139530109 2.895461e+02
2299.99896535442485 2.895756e+02
2301.00015453566448 2.896146e+02
2301.99949696415069 2.896572e+02
2302.99774808424536 2.896956e+02
2303.99907972232177 2.897219e+02
2304.99849876808003 2.897285e+02
2305.99941864096763 2.897170e+02
2306.99814169517276 2.896931e+02
2307.99912113494747 2.896597e+02
2308.99866296727805 2.896224e+02
2309.99740859131316 2.895768e+02
2310.99987246703085 2.895327e+02
2311.99820423129177 2.894989e+02
2312.99859138255442 2.894830e+02
2313.9994256144837 2.894851e+02
2314.99908323351883 2.894959e+02
2316.00008394815541 2.895092e+02
2316.99989285751553 2.895226e+02
2317.99884932061877 2.895381e+02
2319.00006736875866 2.895572e+02
2319.99787336056079 2.895783e+02
2320.99868770266175 2.895961e+02
2322.00010910638866 2.896068e+02
2323.00034540120851 2.896071e+02
2323.99997020282581 2.895980e+02
2324.99781788980272 2.895776e+02
2325.99819909263806 2.895467e+02
2327.00007667975842 2.895094e+02
2328.00027143664965 2.894723e+02
2328.99961233529211 2.894452e+02
2329.999652867431 2.894320e+02
2330.99835263534351 2.894311e+02
2331.99841108730061 2.894384e+02
2332.99840211696892 2.894489e+02
2333.99763965347938 2.894603e+02
2334.99957929431184 2.894740e+02
2335.99803029698614 2.894931e+02
2336.99890683774356 2.895168e+02
2337.99955209680638 2.895434e+02
2339.00034084638401 2.895656e+02
2339.99829559317095 2.895782e+02
2340.99967267216425 2.895800e+02
2341.99800723161434 2.895704e+02
2342.99890011629896 2.895490e+02
2343.99892908347601 2.895188e+02
2344.99827801677657 2.894817e+02
2345.997805155278 2.894473e+02
2346.99903193915088 2.894239e+02
2347.99961710966136 2.894151e+02
2348.99858992739382 2.894181e+02
2350.00041670362452 2.894280e+02
2350.99831128024289 2.894402e+02
2351.99882692585015 2.894553e+02
2352.9983404695754 2.894748e+02
2353.99964050988183 2.894970e+02
2355.00015843287702 2.895214e+02
2356.00035204070218 2.895445e+02
2356.99748193251799 2.895604e+02
2357.99790440889547 2.895652e+02
2358.99840253773255 2.895592e+02
2359.99880880956607 2.895420e+02
2360.99891648527046 2.895141e+02
2361.99861574990382 2.894810e+02
2362.99863355898651 2.894454e+02
2364.00024669444701 2.894148e+02
2364.99810022804013 2.893971e+02
2365.99763788779637 2.893930e+02
2367.00011005986244 2.893984e+02
2367.99796373717663 2.894083e+02
2369.00042317796442 2.894190e+02
2369.99883797816256 2.894298e+02
2370.99953219971803 2.894399e+02
2371.99945387799426 2.894501e+02
2372.99897667841287 2.894607e+02
2373.99849069003858 2.894695e+02
2374.99828936273707 2.894744e+02
2375.99834002907892 2.894740e+02
2376.9986668221236 2.894667e+02
2377.99903901132166 2.894512e+02
2378.99908183994557 2.894292e+02
2379.9985360598921 2.894021e+02
2380.99748482587938 2.893760e+02
2381.99960393491756 2.893575e+02
2382.9995179112866 2.893485e+02
2383.99737201020798 2.893476e+02
2384.9987046308911 2.893526e+02
2385.99952367580681 2.893605e+02
2386.99957175900454 2.893685e+02
2387.99895135302222 2.893763e+02
2388.99773264053056 2.893847e+02
2389.99934795109812 2.893923e+02
2390.99794611844391 2.893979e+02
2392.000071067514 2.894012e+02
2392.99986942474106 2.894022e+02
2393.99735909048286 2.894007e+02
2394.99861755764323 2.893961e+02
2396.00038049822797 2.893877e+02
2396.999280046271 2.893757e+02
2397.9980206531327 2.893611e+02
2398.99936990546212 2.893460e+02
2400.00009661273771 2.893343e+02
2401.00022862171454 2.893277e+02
2401.99975452106037 2.893259e+02
2402.99857882436754 2.893281e+02
2403.99987990839827 2.893322e+02
2404.99771436263154 2.893371e+02
2405.99850742203034 2.893411e+02
2406.99943760110773 2.893443e+02
2407.99773064108285 2.893465e+02
2408.99994245487642 2.893467e+02
2410.00033731595931 2.893445e+02
2410.99895595835778 2.893400e+02
2411.99883692786898 2.893339e+02
2412.99975301639915 2.893282e+02
2413.99843709958805 2.893220e+02
2414.99756668073724 2.893150e+02
2415.99978622502795 2.893076e+02
2416.99856364521656 2.893017e+02
2418.00001604584122 2.892980e+02
2418.99799271498659 2.892958e+02
2419.9987927418324 2.892950e+02
2420.99938329038832 2.892950e+02
2421.99982983369091 2.892952e+02
2423.00018911715779 2.892953e+02
2423.99751364332587 2.892950e+02
2424.9981777602884 2.892933e+02
2425.99912214524238 2.892893e+02
2427.00019506984881 2.892837e+02
2427.9981607959844 2.892777e+02
2428.99928472065631 2.892714e+02
2429.99736154411175 2.892642e+02
2430.99842009405165 2.892556e+02
2431.99921838544333 2.892472e+02
2432.99973280321046 2.892412e+02
2433.99988832222334 2.892373e+02
2434.99956375596548 2.892346e+02
2435.99865888192835 2.892318e+02
2437.0001885427655 2.892280e+02
2437.99804783782565 2.892230e+02
2438.99856199650139 2.892164e+02
2439.9987412791188 2.892085e+02
2440.99863100579387 2.891992e+02
2441.99828404650953 2.891897e+02
2442.99768514480547 2.891807e+02
2443.99988470843846 2.891723e+02
2444.9987306353064 2.891642e+02
2445.99742126215824 2.891570e+02
2446.99919619922366 2.891520e+02
2447.99800719339055 2.891495e+02
2449.00008267641579 2.891492e+02
2449.99927919990387 2.891506e+02
2450.99861444218186 2.891542e+02
2451.99791152140278 2.891593e+02
2453.00013688460331 2.891649e+02
2453.99914594800839 2.891706e+02
2454.9979210174979 2.891754e+02
2455.99960560640875 2.891774e+02
2456.99819897199541 2.891758e+02
2457.99999726007673 2.891699e+02
2458.99811008820507 2.891595e+02
2459.99801173524884 2.891456e+02
2460.9973812106341 2.891288e+02
2461.999602100218 2.891097e+02
2462.99849580337514 2.890902e+02
2463.99949130303048 2.890715e+02
2464.99894132724648 2.890544e+02
2465.99884914598897 2.890368e+02
2466.99910480596418 2.890205e+02
2467.99937686812382 2.890068e+02
2468.99798518704938 2.889959e+02
2469.99991054773227 2.889875e+02
2470.99856156170927 2.889811e+02
2472.00010733379759 2.889761e+02
2472.99822254590345 2.889722e+02
2473.99863329917798 2.889679e+02
2474.99815405534582 2.889608e+02
2476.00005594850836 2.889510e+02
2476.99817209166258 2.889401e+02
2477.99865629239775 2.889278e+02
2478.99836041636036 2.889157e+02
2480.00023966126992 2.889054e+02
2480.99803662861541 2.888969e+02
2482.00039712141552 2.888900e+02
2482.9982461498239 2.888841e+02
2483.99807190137017 2.888793e+02
2484.99958241501281 2.888755e+02
2486.00013007160533 2.888724e+02
2487.00024099135953 2.888698e+02
2487.9997162465761 2.888679e+02
2488.99883911418601 2.888672e+02
2489.99813519589907 2.888673e+02
2490.99772194033585 2.888673e+02
2491.99765629056583 2.888673e+02
2492.9980162916745 2.888676e+02
2493.99889117297562 2.888682e+02
2495.00034273794836 2.888689e+02
2495.99936673973116 2.888695e+02
2496.99905960229626 2.888700e+02
2497.9994557521095 2.888703e+02
2498.99753238008907 2.888698e+02
2499.99947729902715 2.888688e+02
2500.99919630359909 2.888672e+02
2501.99967339764999 2.888652e+02
2503.00079409065529 2.888633e+02
2503.99938634722639 2.888627e+02
2504.99840853773048 2.888641e+02
2506.00086927230268 2.888679e+02
2507.0005589385014 2.888742e+02
2508.0005466460957 2.888776e+02
2509.00073594086234 2.888848e+02
2509.99805346357516 2.888937e+02
2510.99871320600323 2.889038e+02
2511.99973411103974 2.889136e+02
2512.99809854275554 2.889222e+02
2513.99994797670161 2.889303e+02
2514.99907669717004 2.889380e+02
2515.9987003076576 2.889455e+02
2516.99887012493264 2.889534e+02
2517.99960778680634 2.889623e+02
2519.00092831216534 2.889724e+02
2519.99953051158673 2.889841e+02
2520.99836085585366 2.889967e+02
2522.00036118810021 2.890100e+02
2522.99945027961076 2.890236e+02
2523.99842825720361 2.890366e+02
2525.00015672435393 2.890479e+02
2525.99848770081462 2.890569e+02
2526.99958009738111 2.890625e+02
2528.00036314507406 2.890636e+02
2529.00074844603978 2.890612e+02
2530.00064158086252 2.890566e+02
2531.00023862287844 2.890508e+02
2531.99958838139719 2.890447e+02
2532.99853022830484 2.890392e+02
2534.00025830022696 2.890344e+02
2534.99884392441436 2.890304e+02
2536.00048399108164 2.890265e+02
2536.99905064259292 2.890217e+02
2538.0008637657611 2.890152e+02
2538.9998327799799 2.890070e+02
2539.99901032525668 2.889958e+02
2540.99851782799442 2.889841e+02
2541.99855123628504 2.889715e+02
2542.99904870387536 2.889586e+02
2543.99996914063968 2.889459e+02
2544.99832916726973 2.889333e+02
2546.00021546476637 2.889222e+02
2546.99931673698256 2.889113e+02
2547.99881992875771 2.889014e+02
2548.99862262136003 2.888936e+02
2549.99845127508843 2.888883e+02
2550.99844442773247 2.888850e+02
2551.998593112035 2.888836e+02
2552.99871533058831 2.888834e+02
2553.9989976212928 2.888840e+02
2554.99952693893238 2.888851e+02
2556.00016099880759 2.888871e+02
2557.00094128681849 2.888897e+02
2557.99895570057834 2.888932e+02
2559.00036794657717 2.888972e+02
2559.99876402940254 2.889017e+02
2561.00029048555871 2.889072e+02
2561.99881457109268 2.889138e+02
2563.00036329194745 2.889212e+02
2563.99864794126188 2.889293e+02
2564.99997951802061 2.889384e+02
2565.99806654894201 2.889485e+02
2566.99887539327392 2.889598e+02
2567.99932199801924 2.889722e+02
2568.99937951830952 2.889840e+02
2569.99888282642405 2.889938e+02
2571.00088605964902 2.890020e+02
2571.99913804690959 2.890087e+02
2572.9997520523807 2.890141e+02
2573.99973460387309 2.890191e+02
2574.9991399030705 2.890229e+02
2575.99794255559391 2.890255e+02
2576.99933542342978 2.890273e+02
2578.00034653739704 2.890289e+02
2578.99793964354012 2.890297e+02
2579.99837141146509 2.890292e+02
2580.99860515131604 2.890267e+02
2581.99865806965227 2.890222e+02
2582.99858803817642 2.890154e+02
2583.99854520136341 2.890056e+02
2584.99860877221636 2.889946e+02
2585.99886769613204 2.889809e+02
2586.99940052540296 2.889645e+02
2588.00032822619914 2.889470e+02
2588.99868937208157 2.889284e+02
2590.00067251721293 2.889080e+02
2591.00007771264291 2.888874e+02
2591.999961690899 2.888672e+02
2593.00030722982319 2.888482e+02
2593.9979344911676 2.888313e+02
2594.998875517329 2.888171e+02
2596.00005991303124 2.888053e+02
2596.99857683497385 2.887957e+02
2598.00040491428535 2.887877e+02
2598.99919503987849 2.887811e+02
2599.99832176697328 2.887754e+02
2601.00078869902381 2.887703e+02
2602.00021481696558 2.887655e+02
2602.99993773763299 2.887607e+02
2604.00000663840683 2.887566e+02
2605.00028319116655 2.887536e+02
2606.00091222106585 2.887517e+02
2606.9987735065306 2.887509e+02
2607.99980269569915 2.887508e+02
2609.00076333192055 2.887528e+02
2609.99855893318454 2.887565e+02
2610.99928448174023 2.887618e+02
2611.99980045247003 2.887691e+02
2613.00014886259714 2.887783e+02
2614.00032546469038 2.887889e+02
2615.00027960245825 2.887999e+02
2615.99994637583222 2.888097e+02
2616.99924406199898 2.888179e+02
2617.9980576806588 2.888257e+02
2618.99938925570723 2.888340e+02
2620.00006816725318 2.888417e+02
2621.00010709850994 2.888477e+02
2621.99965731460088 2.888526e+02
2622.99882609439192 2.888561e+02
2624.00065838655109 2.888581e+02
2624.99906433560773 2.888583e+02
2626.00040335024778 2.888564e+02
2626.99848679841398 2.888526e+02
2627.99942005976436 2.888477e+02
2629.00021244846221 2.888418e+02
2629.99786268051685 2.888349e+02
2630.99851703354034 2.888264e+02
2631.99915995577385 2.888162e+02
2632.99999060617347 2.888044e+02
2633.998094927073 2.887905e+02
2634.99962825516013 2.887739e+02
2635.99843288546663 2.887563e+02
2636.99773663496444 2.887365e+02
2637.99760571516163 2.887152e+02
2638.99778690327184 2.886937e+02
2639.99830057556437 2.886737e+02
2640.99930329624567 2.886550e+02
2642.00049370648321 2.886382e+02
2642.99877582441013 2.886236e+02
2643.99757536305378 2.886109e+02
2644.99979533819624 2.885996e+02
2645.99889300449559 2.885897e+02
2646.99833597070574 2.885809e+02
2647.99813330419329 2.885729e+02
2648.99797848054914 2.885653e+02
2649.99826243877351 2.885589e+02
2650.99910091956144 2.885534e+02
2652.00022928678391 2.885491e+02
2652.99867573842175 2.885462e+02
2653.9975287735524 2.885442e+02
2654.99961209333287 2.885430e+02
2655.99870525406504 2.885429e+02
2656.99799105220563 2.885445e+02
2658.00045412392728 2.885479e+02
2658.99983573578857 2.885526e+02
2659.99931554451723 2.885588e+02
2660.99878235005872 2.885660e+02
2661.99808774638359 2.885734e+02
2663.00026451472104 2.885816e+02
2663.99897693488856 2.885896e+02
2665.0002880089196 2.885968e+02
2665.99801132077073 2.886036e+02
2666.99837887208196 2.886096e+02
2667.99829893663491 2.886161e+02
2668.99783730216404 2.886222e+02
2670.00017353254998 2.886265e+02
2670.99913104654706 2.886288e+02
2671.99782579633984 2.886301e+02
2672.99942548677382 2.886311e+02
2673.99778609802115 2.886319e+02
2674.99909865687141 2.886319e+02
2676.00029638023307 2.886309e+02
2676.99830942368817 2.886283e+02
2677.99935028333084 2.886239e+02
2679.0003654772695 2.886170e+02
2679.99830579483614 2.886069e+02
2680.99939321280681 2.885950e+02
2682.00055523101764 2.885816e+02
2682.99869837807182 2.885672e+02
2684.00004568391796 2.885508e+02
2684.99851993432549 2.885316e+02
2686.00031583854297 2.885108e+02
2686.99921593488534 2.884896e+02
2687.99831397159369 2.884687e+02
2688.99762290014041 2.884487e+02
2690.00027590692935 2.884304e+02
2690.99999547597145 2.884142e+02
2691.99977746517061 2.884000e+02
2692.99981644030277 2.883877e+02
2694.00017155536761 2.883775e+02
2694.99772649186116 2.883683e+02
2695.99885377340388 2.883606e+02
2697.00046887395001 2.883541e+02
2697.9993934163017 2.883485e+02
2698.99876738618514 2.883437e+02
2699.99865489591184 2.883397e+02
2700.9990826995313 2.883362e+02
2702.0000149007069 2.883334e+02
2702.99836930913671 2.883311e+02
2704.00033308723232 2.883296e+02
2704.99946880740708 2.883288e+02
2705.99874803743933 2.883288e+02
2706.99816590584351 2.883301e+02
2707.99756580653138 2.883332e+02
2708.99990188669699 2.883382e+02
2709.99895450594067 2.883444e+02
2710.99778392072312 2.883513e+02
2711.99940795776774 2.883581e+02
2712.99763720082137 2.883650e+02
2713.99872550815689 2.883727e+02
2714.99954709951135 2.883798e+02
2716.00015619130727 2.883854e+02
2716.99752266370433 2.883888e+02
2717.99786898524098 2.883910e+02
2718.9981179681904 2.883921e+02
2719.99833251796827 2.883928e+02
2720.99851282848158 2.883936e+02
2721.99865080398149 2.883939e+02
2722.99877233849793 2.883932e+02
2723.99886266513386 2.883916e+02
2724.99886657676097 2.883890e+02
2725.99873763257528 2.883849e+02
2726.99846546551362 2.883794e+02
2727.9981010648703 2.883726e+02
2728.9976843829736 2.883640e+02
2730.00035840969122 2.883525e+02
2730.99996070567022 2.883392e+02
2731.99961359939516 2.883234e+02
2732.99934192592218 2.883070e+02
2733.99919432913339 2.882897e+02
2734.99922580758403 2.882701e+02
2735.99946555459383 2.882497e+02
2736.99992229074496 2.882299e+02
2738.00057490861263 2.882117e+02
2738.99831257485448 2.881953e+02
2739.99937935182015 2.881804e+02
2740.99754048845125 2.881672e+02
2741.99902451592243 2.881556e+02
2742.99766334834021 2.881455e+02
2743.99971227169408 2.881356e+02
2744.99897148291438 2.881263e+02
2745.99862066898504 2.881182e+02
2746.99873735936671 2.881106e+02
2747.99934858969027 2.881035e+02
2749.00049996806138 2.880967e+02
2749.99909429389663 2.880906e+02
2750.9982082681945 2.880854e+02
2751.9978040475321 2.880817e+02
2752.99786482638046 2.880795e+02
2753.99834415190799 2.880793e+02
2754.99910241042335 2.880812e+02
2755.99998668010585 2.880855e+02
2756.9977270847462 2.880918e+02
2757.99846597625265 2.880990e+02
2758.99901732126773 2.881065e+02
2759.99933732970476 2.881133e+02
2760.99934944763163 2.881191e+02
2761.99903831849861 2.881250e+02
2762.99843229781391 2.881307e+02
2763.99753766924823 2.881361e+02
2764.9995297544956 2.881404e+02
2765.99824121572101 2.881427e+02
2766.99993920934639 2.881456e+02
2767.99840236972841 2.881498e+02
2768.99990027811918 2.881535e+02
2769.99817972866913 2.881559e+02
2770.99944623232204 2.881568e+02
2772.00056690254041 2.881561e+02
2772.99841457706179 2.881547e+02
2773.99920637450896 2.881537e+02
2774.99980997238254 2.881507e+02
2776.00022643083412 2.881452e+02
2777.00047745049324 2.881384e+02
2778.00059357119881 2.881292e+02
2779.00060210025686 2.881180e+02
2780.00053056490015 2.881054e+02
2781.00040933635682 2.880915e+02
2782.00025681299303 2.880757e+02
2783.00007981718772 2.880556e+02
2783.9999094651248 2.880345e+02
2784.99978609565824 2.880141e+02
2785.99970857577682 2.879937e+02
2786.99967699975059 2.879739e+02
2787.99973639800464 2.879550e+02
2788.9998819860084 2.879370e+02
2790.00011241906213 2.879202e+02
2791.00048445079892 2.879046e+02
2791.99792296568467 2.878905e+02
2792.99870966538174 2.878779e+02
2793.99980533089456 2.878662e+02
2794.99814324459066 2.878564e+02
2795.99998008805551 2.878485e+02
2796.99910140148131 2.878424e+02
2797.99864561077948 2.878379e+02
2798.99857346735871 2.878346e+02
2799.99882604556296 2.878325e+02
2800.99935140733623 2.878317e+02
2802.00007076547126 2.878328e+02
2802.99778266680732 2.878349e+02
2803.99870001165209 2.878378e+02
2804.99964568148607 2.878412e+02
2806.00055099140627 2.878448e+02
2806.99823017126346 2.878487e+02
2807.99890079282204 2.878527e+02
2808.99938861525698 2.878574e+02
2809.99969086145347 2.878630e+02
2810.99985466412863 2.878689e+02
2811.99987339113432 2.878748e+02
2812.99973711734629 2.878802e+02
2813.99949959149126 2.878845e+02
2814.99910169612394 2.878884e+02
2815.99850798087118 2.878912e+02
2816.99775242364149 2.878927e+02
2817.99993398254901 2.878942e+02
2818.99875278360332 2.878958e+02
2820.00041913608993 2.878971e+02
2820.99868258738843 2.878976e+02
2821.99975684999572 2.878971e+02
2823.00050025327755 2.878951e+02
2823.99781988198538 2.878920e+02
2824.99797953310508 2.878881e+02
2825.99787079712632 2.878843e+02
2826.99752400357602 2.878784e+02
2828.00009517123453 2.878701e+02
2828.99937309692905 2.878607e+02
2829.99848164044533 2.878507e+02
2831.00051385396773 2.878398e+02
2831.99934374564509 2.878280e+02
2832.99815101384183 2.878152e+02
2833.99993218959071 2.878013e+02
2834.99847098656801 2.877857e+02
2836.00002786650839 2.877677e+02
2836.99842692314951 2.877462e+02
2837.99997599358403 2.877258e+02
2838.99857233503189 2.877072e+02
2840.0004832745949 2.876885e+02
2840.99948532379813 2.876699e+02
2841.99869504890466 2.876520e+02
2842.99806443157513 2.876354e+02
2843.99754858404549 2.876204e+02
2845.00028381328593 2.876073e+02
2846.00007246186897 2.875965e+02
2847.00006165629793 2.875861e+02
2848.00031450211964 2.875769e+02
2848.99775783342284 2.875690e+02
2849.99863363367194 2.875618e+02
2850.99982555372026 2.875552e+02
2851.99817937527996 2.875500e+02
2852.99987255858059 2.875459e+02
2853.99860941159932 2.875430e+02
2855.00059105707669 2.875411e+02
2855.9995370689353 2.875403e+02
2856.99855813274007 2.875402e+02
2857.99766692333287 2.875406e+02
2858.9999956206334 2.875413e+02
2859.99930785326524 2.875423e+02
2860.99873526533247 2.875439e+02
2861.99826933368786 2.875459e+02
2862.99786879663861 2.875480e+02
2864.00062357392972 2.875504e+02
2865.00026576370419 2.875527e+02
2865.9998439128517 2.875549e+02
2866.99926004866938 2.875575e+02
2867.99855292796565 2.875602e+02
2868.99766193429832 2.875632e+02
2869.99965851680554 2.875661e+02
2870.99825992603019 2.875692e+02
2871.99965536026457 2.875723e+02
2872.99755919371 2.875747e+02
2873.99818645784126 2.875779e+02
2874.99840513695381 2.875815e+02
2875.99819912794965 2.875844e+02
2876.99757544710064 2.875858e+02
2877.99967094089698 2.875853e+02
2878.99828746838648 2.875831e+02
2879.99967835713323 2.875811e+02
2880.99765908685413 2.875785e+02
2881.99848382585424 2.875730e+02
2882.99907607965861 2.875657e+02
2883.99945711702321 2.875573e+02
2884.99956041807172 2.875480e+02
2885.99953928932428 2.875376e+02
2886.99940162959319 2.875249e+02
2887.99910088683737 2.875111e+02
2888.99866296788377 2.874963e+02
2889.99812889266923 2.874807e+02
2890.99754712771346 2.874646e+02
2892.00007764612064 2.874480e+02
2892.99957142305402 2.874313e+02
2893.99917356502283 2.874145e+02
2894.99891113235526 2.873967e+02
2895.99881272031462 2.873773e+02
2896.99890228911363 2.873557e+02
2897.99919440826079 2.873365e+02
2898.99969898907921 2.873192e+02
2900.00042538156822 2.873024e+02
2900.99827257065681 2.872862e+02
2901.99944926494891 2.872711e+02
2902.99772888530606 2.872571e+02
2903.99933826368306 2.872438e+02
2904.99804350447357 2.872314e+02
2906.00005878848015 2.872199e+02
2906.99916950012766 2.872096e+02
2907.99849670960748 2.872003e+02
2908.99806431657908 2.871920e+02
2909.99791295359046 2.871846e+02
2910.99807359191254 2.871782e+02
2911.99857211342396 2.871727e+02
2912.99942276642787 2.871679e+02
2914.00062368954741 2.871638e+02
2914.99903405660643 2.871603e+02
2915.99774740466 2.871574e+02
2916.99984136788544 2.871553e+02
2917.99902520207797 2.871539e+02
2918.99836946620962 2.871534e+02
2919.99782958261767 2.871539e+02
2921.00049845586864 2.871550e+02
2921.99997040520066 2.871571e+02
2922.99937649817048 2.871599e+02
2923.99866305935166 2.871632e+02
2924.99777637816533 2.871669e+02
2925.99978712385882 2.871710e+02
2926.99841892929589 2.871759e+02
2927.99989034549253 2.871813e+02
2928.99793172498221 2.871872e+02
2929.99874946110549 2.871931e+02
2930.99920424626862 2.871994e+02
2931.99927517524247 2.872045e+02
2932.99893598591143 2.872098e+02
2933.99816092099627 2.872163e+02
2935.00004464529275 2.872229e+02
2935.99834124196968 2.872280e+02
2936.99924771074438 2.872320e+02
2937.99964680275434 2.872367e+02
2938.99955002328579 2.872368e+02
2939.99898475730561 2.872341e+02
2940.99799142477559 2.872301e+02
2941.99969899304142 2.872251e+02
2942.99789763447097 2.872186e+02
2943.99900723070186 2.872110e+02
2944.99986880195729 2.872021e+02
2946.00050428817485 2.871915e+02
2946.99785858360246 2.871786e+02
2947.99816832813258 2.871637e+02
2948.99840250985471 2.871461e+02
2949.99862809933074 2.871263e+02
