# Region type : patch sidenode3U_0_Inlet_0
#   Faces  : 202
#   Area   : 1.967635e-02
#        Time	areaAverage(T)
     0.999427	3.031498e+02
      2.00049	3.031495e+02
      3.00031	3.031496e+02
      3.99973	3.031498e+02
      4.99982	3.031498e+02
      6.00096	3.031499e+02
      7.00036	3.031499e+02
      8.00025	3.031499e+02
      8.99988	3.031497e+02
    10.001085	3.031496e+02
    11.000692	3.031494e+02
    12.001192	3.031468e+02
    12.999654	3.031208e+02
    14.001553	3.030282e+02
  15.00191378	3.029212e+02
  15.99990726	3.028802e+02
  17.00021302	3.029019e+02
  18.00201162	3.029499e+02
    19.001665	3.030013e+02
 20.001063064	3.030471e+02
 21.000223408	3.030792e+02
 22.000868674	3.030959e+02
 22.999568146	3.031016e+02
  24.00203262	3.031011e+02
25.00206209729	3.030998e+02
25.9997240433	3.031020e+02
27.00155800819	3.031095e+02
28.00198841907	3.031200e+02
29.00100132413	3.031307e+02
30.0012255059946	3.031403e+02
31.0020125996283	3.031484e+02
31.9997203434261	3.031548e+02
33.0000159367413	3.031593e+02
33.9999993471484	3.031614e+02
35.0001409482367123	3.031609e+02
36.0010399662744121	3.031586e+02
37.000256075600312	3.031560e+02
38.0011334139074748	3.031548e+02
39.0001093232681626	3.031562e+02
39.9994296677075454	3.031606e+02
41.001577972869228	3.031680e+02
42.000199945820512	3.031784e+02
43.0015357555295594	3.031915e+02
44.0000908474563985	3.032072e+02
44.999720034311153	3.032252e+02
46.0011036185372717	3.032445e+02
47.0017015365830488	3.032637e+02
48.001828578469862	3.032816e+02
49.0009987208578792	3.032972e+02
50.001646775172766	3.033103e+02
51.0004873107095733	3.033214e+02
52.0004965650810149	3.033310e+02
53.0016782245142934	3.033400e+02
54.0010911490910033	3.033491e+02
55.0018322131206503	3.033588e+02
56.0008311045826801	3.033692e+02
57.0009505745707656	3.033805e+02
58.0018173874204663	3.033925e+02
58.9998754286462415	3.034052e+02
60.0007253884735974	3.034183e+02
61.000729949421661	3.034316e+02
61.9994469747591523	3.034451e+02
62.9997307278246481	3.034586e+02
64.0016132336676264	3.034720e+02
65.0021195847200062	3.034854e+02
66.0013755148593475	3.034987e+02
66.9994618408717173	3.035118e+02
67.9995567282688285	3.035249e+02
69.0018710907051513	3.035378e+02
70.0005020403649496	3.035505e+02
71.0017759000867983	3.035629e+02
71.9997917061677697	3.035750e+02
73.0007626398363385	3.035869e+02
74.0017781164737585	3.035985e+02
74.9999419786135348	3.036102e+02
76.0015844890211554	3.036221e+02
77.00072239299773	3.036338e+02
78.0004746440082357	3.036451e+02
79.0007523688503994	3.036559e+02
80.0017080025030367	3.036665e+02
81.0004119802447349	3.036771e+02
81.9999292237897635	3.036883e+02
83.0001885797195058	3.037000e+02
84.0008505180802274	3.037121e+02
85.0015387397775584	3.037244e+02
86.0016440249805925	3.037369e+02
87.0005454702849761	3.037494e+02
88.0008545399135187	3.037620e+02
89.0021930695815655	3.037745e+02
90.0016302263138357	3.037870e+02
91.002174366868033	3.037996e+02
92.0010182300664496	3.038124e+02
93.0013450760332745	3.038255e+02
94.0003161743501465	3.038387e+02
95.0010570184568053	3.038520e+02
96.0007746328522842	3.038654e+02
96.9996630297850828	3.038789e+02
98.0009484938242394	3.038926e+02
99.0017864968606887	3.039062e+02
99.9993158549129504	3.039198e+02
100.999686726631666	3.039334e+02
101.999978489330886	3.039467e+02
103.000261993464633	3.039597e+02
104.000541499501338	3.039723e+02
105.000800443492778	3.039845e+02
106.001026051885219	3.039964e+02
107.001221026466325	3.040080e+02
108.001370521164162	3.040194e+02
109.001483834954172	3.040305e+02
110.001570880767829	3.040414e+02
111.001639397267027	3.040520e+02
112.001691850402395	3.040623e+02
113.001723550038278	3.040723e+02
114.001722531996805	3.040819e+02
115.001688189451627	3.040911e+02
116.001613455088133	3.040999e+02
117.001515885901682	3.041083e+02
118.001399825818325	3.041163e+02
119.00127979677535	3.041239e+02
120.001166177764588	3.041312e+02
121.001081732862403	3.041381e+02
122.001048584949245	3.041449e+02
123.001071870744425	3.041514e+02
124.001154706657402	3.041576e+02
125.001275712311497	3.041634e+02
126.001409099885151	3.041687e+02
127.001505571405914	3.041734e+02
128.001520918692876	3.041777e+02
129.001402911285169	3.041814e+02
130.001116511936488	3.041847e+02
131.000614246332248	3.041875e+02
131.999921018561707	3.041898e+02
133.002057892161417	3.041915e+02
134.001047481116501	3.041926e+02
134.999918542921648	3.041935e+02
136.001802808679997	3.041944e+02
137.000722192789738	3.041952e+02
137.999722857611772	3.041959e+02
139.001822047630924	3.041962e+02
140.001006477596889	3.041960e+02
141.000279937221819	3.041952e+02
141.999610839514531	3.041936e+02
143.002000997207233	3.041914e+02
144.001416430672435	3.041885e+02
145.000845281827281	3.041847e+02
146.000219852035571	3.041799e+02
146.999516132038053	3.041738e+02
148.001580804985281	3.041668e+02
149.00037623196738	3.041596e+02
150.002041994228136	3.041530e+02
151.000659972712299	3.041476e+02
151.999442445215436	3.041440e+02
153.001677289877819	3.041424e+02
154.00172177073722	3.041430e+02
154.999891828328799	3.041458e+02
155.999586603544287	3.041509e+02
157.001135382558516	3.041581e+02
158.001515024317882	3.041669e+02
159.000452904609233	3.041768e+02
160.000936841011566	3.041868e+02
160.999840760413548	3.041966e+02
162.000128449045548	3.042055e+02
163.001721118222179	3.042133e+02
164.001466615174991	3.042201e+02
164.999469516720637	3.042261e+02
166.001895769050151	3.042316e+02
166.999623230678878	3.042369e+02
168.001980176455106	3.042424e+02
168.999797111832464	3.042480e+02
169.999327931056797	3.042536e+02
171.000741704657912	3.042591e+02
172.000933317836058	3.042638e+02
172.999858258248878	3.042670e+02
174.000459309810481	3.042683e+02
174.999230964081022	3.042673e+02
176.001823974840363	3.042635e+02
177.001677528293413	3.042557e+02
178.001897432278639	3.042458e+02
178.999477284530741	3.042375e+02
180.000876929608779	3.042307e+02
181.000129702013908	3.042233e+02
182.000620718633769	3.042196e+02
182.999341833524653	3.042188e+02
183.999269602900625	3.042176e+02
185.000290159403136	3.042119e+02
185.999138254646653	3.042002e+02
187.00192819901423	3.041857e+02
188.002100753132737	3.041718e+02
188.999401948011354	3.041578e+02
190.000009576696584	3.041418e+02
191.000602512052552	3.041234e+02
192.000903248552049	3.041075e+02
193.000646632122681	3.040990e+02
193.999514181629451	3.040967e+02
195.000731162499932	3.040940e+02
196.001754937982156	3.040851e+02
197.000071045045672	3.040685e+02
198.002007170686312	3.040496e+02
199.000916881997426	3.040356e+02
199.999612353780066	3.040256e+02
201.001058917549273	3.040095e+02
202.002077889812654	3.039889e+02
202.99938204591723	3.039696e+02
204.002095543813795	3.039507e+02
205.000992474260471	3.039229e+02
205.999660504312885	3.038839e+02
207.001238886837569	3.038400e+02
207.999298004801517	3.037916e+02
208.999745348981605	3.037389e+02
210.001458903139991	3.036891e+02
211.000242198910087	3.036495e+02
212.001905389240108	3.036150e+02
213.000223120931452	3.035866e+02
214.001889103766104	3.035738e+02
215.001311938262972	3.035709e+02
216.001580318367957	3.035633e+02
217.001009526045266	3.035533e+02
218.001233887792552	3.035491e+02
219.000201883343749	3.035394e+02
220.000910902737701	3.035234e+02
220.999826318389324	3.035095e+02
221.999484042010948	3.034986e+02
222.999573556478197	3.034859e+02
223.999571260102471	3.034775e+02
224.999167544001807	3.034733e+02
226.001862355567113	3.034656e+02
227.00167849316307	3.034537e+02
228.001230841940497	3.034448e+02
229.000424212989913	3.034353e+02
229.99931272453972	3.034157e+02
231.00035149821332	3.033938e+02
232.000417678477731	3.033767e+02
232.999637483021473	3.033541e+02
234.000027860813049	3.033270e+02
235.001748350051628	3.033066e+02
235.999212579281817	3.032846e+02
237.000768684014673	3.032584e+02
238.000500060854421	3.032428e+02
238.999379413751882	3.032307e+02
240.000061065156473	3.032197e+02
240.999783874352488	3.032152e+02
241.999217412811873	3.032137e+02
243.001333347997786	3.032118e+02
244.000329816981377	3.032094e+02
244.999756118580478	3.032071e+02
245.999764393046519	3.032058e+02
247.000524241728925	3.032052e+02
247.999354188237049	3.032047e+02
248.999494081416515	3.032041e+02
250.001110696175971	3.032046e+02
251.001532993736845	3.032075e+02
252.000921614597075	3.032127e+02
252.999282849031687	3.032180e+02
253.999850497343544	3.032220e+02
255.00004543105274	3.032223e+02
256.000365920649983	3.032173e+02
257.001261638921392	3.032068e+02
257.999548103657958	3.031943e+02
258.99971364117971	3.031809e+02
260.002149025808819	3.031660e+02
261.000921947821837	3.031510e+02
261.99950686948381	3.031342e+02
263.001191272204949	3.031179e+02
263.999778419957408	3.031089e+02
265.00119059435292	3.031060e+02
265.999549940802126	3.031080e+02
267.000749356106553	3.031127e+02
268.000742203287302	3.031164e+02
269.00002621556996	3.031151e+02
270.002192130799926	3.031074e+02
271.001116008764257	3.030915e+02
271.999828284674436	3.030667e+02
273.001202936759398	3.030383e+02
274.001992594249884	3.030112e+02
274.999358152233697	3.029915e+02
276.000078489080693	3.029839e+02
277.001423281625193	3.029932e+02
277.999774269456566	3.030206e+02
279.000338809060509	3.030551e+02
279.999803239072378	3.030774e+02
281.00199923250301	3.030761e+02
282.001237742896592	3.030523e+02
283.000845865006283	3.030148e+02
284.000919283847736	3.029724e+02
285.001505169815289	3.029293e+02
286.001983379887918	3.028866e+02
287.000860649189406	3.028466e+02
287.99976925718363	3.028137e+02
289.001216652992298	3.027901e+02
289.999289276536729	3.027767e+02
291.001202684429529	3.027718e+02
292.001880769330967	3.027755e+02
293.001939873465119	3.027860e+02
294.001406762787269	3.028006e+02
294.999860841462578	3.028225e+02
296.00082332633508	3.028537e+02
296.999440942767023	3.028875e+02
297.999750996092871	3.029166e+02
299.001606963360757	3.029346e+02
300.00096349475109	3.029351e+02
300.999913314513492	3.029136e+02
302.001050523417859	3.028748e+02
303.001211162612037	3.028343e+02
304.000530831946662	3.028040e+02
304.999600659278087	3.027863e+02
306.001009509919697	3.027779e+02
307.001474429075984	3.027719e+02
308.001896955747839	3.027644e+02
309.00215953038952	3.027572e+02
310.002016522719316	3.027548e+02
311.002156067684552	3.027611e+02
312.000057874843549	3.027728e+02
313.001700906769599	3.027810e+02
314.000664442998186	3.027803e+02
314.99977162945703	3.027710e+02
316.001939997220234	3.027548e+02
317.000997667292268	3.027341e+02
317.999963426011846	3.027128e+02
319.001791186184562	3.026941e+02
320.000219021556404	3.026796e+02
321.001332443899855	3.026682e+02
322.002120766446581	3.026580e+02
322.999613956139115	3.026492e+02
324.000053809379779	3.026451e+02
325.000468122121561	3.026486e+02
326.000890696256192	3.026581e+02
327.001340404046516	3.026676e+02
328.00182603880279	3.026728e+02
328.999278542550144	3.026734e+02
329.999826816678308	3.026710e+02
331.000443477589613	3.026675e+02
332.001169817488744	3.026634e+02
333.002032037401875	3.026586e+02
333.999965515217639	3.026526e+02
335.001063632408773	3.026454e+02
335.999158109576854	3.026380e+02
337.000345463513611	3.026313e+02
338.001581848732201	3.026259e+02
338.999866861473265	3.026222e+02
340.001419974520957	3.026206e+02
341.000218753709873	3.026211e+02
341.99940043036537	3.026240e+02
343.002081691835315	3.026284e+02
344.002165716201716	3.026326e+02
344.999681204456522	3.026358e+02
346.000781392031456	3.026383e+02
346.999334514526993	3.026407e+02
348.001509094679818	3.026433e+02
349.001161782293025	3.026460e+02
350.001326394200078	3.026485e+02
351.001923782794222	3.026504e+02
351.999787371269576	3.026513e+02
353.00099769186096	3.026501e+02
353.999316873669443	3.026469e+02
355.00082920103489	3.026420e+02
355.999300697844262	3.026355e+02
357.000823793166319	3.026273e+02
357.999158030478213	3.026174e+02
359.00039992939594	3.026061e+02
360.001480671131844	3.025930e+02
360.9992815597804	3.025784e+02
361.999832472127878	3.025635e+02
362.999959745167416	3.025494e+02
363.999605892666068	3.025364e+02
365.001835951716942	3.025252e+02
366.000550017272076	3.025150e+02
367.0018850279655	3.025053e+02
367.999670433758126	3.024966e+02
369.000128039733795	3.024890e+02
370.000214705158442	3.024818e+02
370.999868519623192	3.024738e+02
371.999156450469172	3.024657e+02
373.001216022510619	3.024577e+02
373.999974084365817	3.024494e+02
375.001560862041572	3.024414e+02
375.999861740929703	3.024349e+02
377.000967028724972	3.024312e+02
378.001810983407267	3.024292e+02
378.999377343020058	3.024269e+02
379.999844133061458	3.024234e+02
381.000195256176255	3.024192e+02
382.000470770755555	3.024148e+02
383.000719578955398	3.024097e+02
384.000990581364249	3.024036e+02
385.001323372423997	3.023972e+02
386.001754888625783	3.023911e+02
386.999259078537648	3.023850e+02
387.999985820435654	3.023790e+02
389.000904470221769	3.023739e+02
390.002048686420665	3.023701e+02
391.000391269022714	3.023673e+02
392.002080357299462	3.023655e+02
393.001021889200786	3.023650e+02
394.000313761127586	3.023659e+02
394.999966805718827	3.023685e+02
396.000000737495156	3.023725e+02
397.000431194506007	3.023772e+02
398.001243466568894	3.023818e+02
398.999326681304808	3.023857e+02
400.000751341692762	3.023885e+02
400.999281060359692	3.023900e+02
402.000994149161556	3.023896e+02
402.999669211328353	3.023861e+02
404.001383904857562	3.023790e+02
404.999927130870162	3.023689e+02
406.001391002587809	3.023567e+02
406.999601684736604	3.023430e+02
408.000681472226745	3.023278e+02
409.001550340285974	3.023126e+02
410.002200812724368	3.022987e+02
410.999564337494576	3.022866e+02
411.999771379263905	3.022765e+02
412.999742635731366	3.022683e+02
413.999472666726717	3.022617e+02
415.002027021528761	3.022564e+02
416.001265735712195	3.022521e+02
417.00027961065382	3.022472e+02
418.002168361128668	3.022415e+02
419.000830570643586	3.022369e+02
419.999348062550951	3.022329e+02
421.000807412155893	3.022286e+02
422.002161809745814	3.022243e+02
423.000363478224813	3.022208e+02
424.001518449690877	3.022186e+02
424.999464893304832	3.022171e+02
426.00030369292142	3.022144e+02
427.00099127452637	3.022096e+02
428.001568160606212	3.022040e+02
429.002064812169294	3.021991e+02
429.99944102865561	3.021940e+02
430.999824061049083	3.021861e+02
432.000154087404724	3.021739e+02
433.000424325204449	3.021590e+02
434.00062092770537	3.021450e+02
435.000747573658373	3.021336e+02
436.00084101232062	3.021241e+02
437.000947099993482	3.021162e+02
438.001104957034727	3.021101e+02
439.001372516108916	3.021066e+02
440.001793093184403	3.021056e+02
440.999341095092859	3.021062e+02
442.000174895068085	3.021081e+02
443.001292886892941	3.021116e+02
443.999676892359332	3.021173e+02
445.001468249921118	3.021252e+02
446.0005412841561	3.021347e+02
446.999933551698859	3.021433e+02
447.99957269268856	3.021489e+02
448.99935313418041	3.021511e+02
449.99913949586778	3.021490e+02
451.001905425055099	3.021426e+02
452.001449724326449	3.021327e+02
453.000827018742655	3.021190e+02
454.000060016313171	3.021017e+02
455.002198157437931	3.020829e+02
456.001073655338701	3.020638e+02
456.999732738333421	3.020440e+02
458.00123783219243	3.020249e+02
458.999413706459279	3.020088e+02
460.000163836696743	3.019965e+02
461.000336822645636	3.019870e+02
462.000008779407551	3.019801e+02
462.999244201045997	3.019755e+02
464.001249828436698	3.019716e+02
465.000203846986892	3.019706e+02
465.999385247298903	3.019733e+02
467.001996124994605	3.019752e+02
468.001911059253757	3.019762e+02
469.002115217306198	3.019760e+02
469.999556206629677	3.019774e+02
471.000370882605068	3.019839e+02
472.001484397526838	3.019951e+02
472.999698394739198	3.020061e+02
474.000987097669451	3.020111e+02
475.002187011345541	3.020061e+02
476.000185397848838	3.019951e+02
477.001116975836737	3.019826e+02
478.001946023577034	3.019687e+02
478.999609814288533	3.019506e+02
480.000200582974514	3.019268e+02
481.000640765223636	3.018984e+02
482.000880314070741	3.018707e+02
483.000829945069484	3.018476e+02
484.000391984001851	3.018283e+02
484.999473983508892	3.018108e+02
486.001053223926704	3.017945e+02
487.002066538891711	3.017814e+02
487.999538386941651	3.017752e+02
488.999719400701622	3.017765e+02
489.999787496733063	3.017835e+02
490.999996222002039	3.017921e+02
492.000537937488446	3.018021e+02
493.001528185545851	3.018167e+02
494.000043348333691	3.018332e+02
494.999208302570253	3.018484e+02
496.002054096217819	3.018628e+02
496.999285033710748	3.018773e+02
497.999897188854902	3.018892e+02
499.000681167292043	3.018925e+02
500.001558474786805	3.018844e+02
500.999446010016641	3.018699e+02
502.000461577364092	3.018530e+02
503.001519412383175	3.018332e+02
503.999515874213841	3.018080e+02
505.000534591473297	3.017772e+02
506.001509888547616	3.017456e+02
507.002099204861224	3.017180e+02
508.001952459607026	3.016949e+02
509.000755663345956	3.016747e+02
510.001486862218997	3.016579e+02
511.001232487120603	3.016457e+02
512.000177563831585	3.016392e+02
513.001789287909901	3.016393e+02
514.00046415512486	3.016451e+02
514.99955479442508	3.016532e+02
515.999219044049141	3.016635e+02
516.999511772298206	3.016782e+02
518.000472374905598	3.016938e+02
519.002131619636771	3.017079e+02
520.001384632439681	3.017214e+02
521.001150454765366	3.017356e+02
522.001295794907037	3.017486e+02
523.001754521802923	3.017543e+02
523.999434406018167	3.017503e+02
525.000470145184181	3.017412e+02
526.001803413179573	3.017293e+02
527.000354396031071	3.017100e+02
527.99915328792224	3.016808e+02
529.001163035952914	3.016453e+02
529.999964345861144	3.016073e+02
531.0012454994461	3.015694e+02
532.001321133686361	3.015349e+02
532.999861796665527	3.015052e+02
534.000023953975301	3.014801e+02
535.001875234300201	3.014585e+02
535.99940115798131	3.014442e+02
536.99917090518386	3.014401e+02
538.001702907333424	3.014430e+02
539.001307213403038	3.014534e+02
540.001295571197147	3.014729e+02
541.001852747266639	3.014958e+02
542.000113862146009	3.015182e+02
542.99925261236649	3.015389e+02
543.999244945956434	3.015579e+02
544.999955860121077	3.015745e+02
546.001297232400361	3.015873e+02
547.000192963765812	3.015966e+02
547.999705276214399	3.016007e+02
548.9999173700038	3.015975e+02
550.000837994252493	3.015904e+02
550.999345650914734	3.015769e+02
552.001515635922487	3.015515e+02
553.001105488295934	3.015170e+02
554.00082469309541	3.014782e+02
555.000167760328509	3.014354e+02
556.001365889407907	3.013918e+02
557.000740602278597	3.013518e+02
558.001320209851997	3.013145e+02
559.000110213892867	3.012824e+02
560.000262559516386	3.012625e+02
560.99926184051003	3.012546e+02
562.0006160463181	3.012563e+02
563.00174009765351	3.012727e+02
564.00014104622926	3.012995e+02
564.999154569082179	3.013303e+02
566.001965079634488	3.013585e+02
566.999655573543009	3.013812e+02
568.001384470371249	3.014009e+02
569.000945280324004	3.014174e+02
570.001321185949223	3.014280e+02
570.999458110319438	3.014350e+02
572.001425298497111	3.014421e+02
573.001173122025079	3.014442e+02
574.001841467247459	3.014394e+02
575.000341047316283	3.014276e+02
575.999699363241348	3.014062e+02
576.999717356763654	3.013781e+02
577.999989358568769	3.013437e+02
578.999885849153543	3.013023e+02
580.001639232646653	3.012553e+02
581.001398899649303	3.012078e+02
582.001953020691985	3.011654e+02
583.000404394710699	3.011315e+02
584.000040789207219	3.011086e+02
585.000977102296929	3.010994e+02
586.000530345756715	3.011043e+02
586.999390607787518	3.011249e+02
588.001144122878259	3.011566e+02
589.000134475393111	3.011917e+02
589.999604690043157	3.012261e+02
590.999772563084207	3.012575e+02
592.000714664528573	3.012862e+02
592.999309139145566	3.013129e+02
594.001520821552276	3.013367e+02
595.001288064761411	3.013563e+02
596.001723137116073	3.013710e+02
596.999821477810087	3.013835e+02
598.00163901190831	3.013986e+02
599.001081933450678	3.014112e+02
600.001234037939525	3.014095e+02
601.001940910154531	3.013946e+02
601.999837888485331	3.013775e+02
603.00074770668266	3.013633e+02
604.001417181059651	3.013480e+02
605.001687215290872	3.013298e+02
606.001423520980666	3.013133e+02
607.000513557763156	3.013065e+02
608.00201169442164	3.013102e+02
609.000056043756331	3.013163e+02
610.001065509754426	3.013243e+02
610.999322067287608	3.013370e+02
612.001290099475682	3.013544e+02
613.00120910368264	3.013733e+02
613.999153626805764	3.013975e+02
615.001215520064648	3.014298e+02
616.001098613251429	3.014674e+02
617.001642391969199	3.015086e+02
617.999697263319149	3.015500e+02
619.001421452946829	3.015861e+02
620.000708426598749	3.016161e+02
621.000582813967867	3.016428e+02
622.001112512948225	3.016628e+02
622.999333074703259	3.016725e+02
624.001526337826249	3.016755e+02
625.001797992750539	3.016732e+02
626.00046178708601	3.016662e+02
627.000823918297669	3.016581e+02
627.99971611159765	3.016564e+02
629.000134610487748	3.016657e+02
630.001969376633838	3.016824e+02
631.002048189577636	3.017007e+02
632.0004285707289	3.017184e+02
633.000140181323104	3.017374e+02
634.000770489483443	3.017572e+02
635.001598749550453	3.017768e+02
636.002066656809347	3.017988e+02
637.001786905906442	3.018235e+02
637.999504703499269	3.018472e+02
639.000633690830796	3.018632e+02
639.99918786834246	3.018606e+02
641.001685653684603	3.018273e+02
641.999542269594372	3.017753e+02
642.999953332245013	3.017154e+02
644.000576416523131	3.016651e+02
645.001570642922729	3.016399e+02
645.999643539166868	3.016356e+02
647.000897338513028	3.016472e+02
647.999393108298932	3.016777e+02
649.001851529181295	3.017232e+02
649.999539178774853	3.017653e+02
651.001794109835942	3.017901e+02
651.999859218567849	3.018070e+02
652.999544433281699	3.018222e+02
653.999801568561224	3.018377e+02
654.999489441358605	3.018527e+02
656.000943333250348	3.018685e+02
657.000535376491371	3.018821e+02
658.000870871285201	3.018939e+02
659.001878863745446	3.019055e+02
660.001233104330709	3.019109e+02
661.000437464629726	3.018957e+02
662.001318534737948	3.018539e+02
662.9991663123335	3.017955e+02
664.000285830275857	3.017460e+02
665.000884472697294	3.017236e+02
666.000710235087126	3.017260e+02
667.000122997112726	3.017471e+02
668.001635112096551	3.017659e+02
669.000913257929483	3.017736e+02
669.999420760518205	3.017723e+02
670.999287944031153	3.017808e+02
672.002072327780297	3.018123e+02
673.000725547593561	3.018520e+02
674.001820541744451	3.018794e+02
675.000683714600314	3.018752e+02
675.999399580010731	3.018518e+02
677.002156536049142	3.018374e+02
678.000592297521962	3.018320e+02
679.002148617484863	3.018224e+02
680.001784788341638	3.018051e+02
680.999746126992932	3.017903e+02
682.001551099061089	3.018018e+02
683.001957194035526	3.018407e+02
683.99943363886166	3.018922e+02
684.999119040938353	3.019357e+02
686.000169280818113	3.019487e+02
687.000927326243527	3.019362e+02
688.001734230271609	3.019145e+02
689.000385540699199	3.019052e+02
690.000102986032516	3.019111e+02
691.000584174011692	3.019241e+02
692.001278119513586	3.019387e+02
692.998810184072113	3.019554e+02
694.000540359068509	3.019714e+02
694.999010773474538	3.019833e+02
695.999565635484373	3.019782e+02
697.001150977339762	3.019526e+02
698.001398222010494	3.019228e+02
698.999725805045159	3.019119e+02
700.001498724736734	3.019330e+02
700.999760782747671	3.019841e+02
702.00030560611242	3.020372e+02
703.001545842853716	3.020692e+02
703.998546867952086	3.020705e+02
705.000921811799685	3.020732e+02
705.99962011738819	3.020929e+02
706.999650543847679	3.021243e+02
708.000666672426519	3.021613e+02
708.999237894717226	3.021917e+02
710.001269207781093	3.022040e+02
711.00068407292008	3.022094e+02
711.999619119693762	3.022153e+02
713.000526590509253	3.022150e+02
713.998803280099537	3.022043e+02
715.000794775426357	3.022016e+02
715.999806607808409	3.022214e+02
717.001147277659015	3.022625e+02
717.999618727621851	3.023075e+02
719.001377582509349	3.023328e+02
719.999845347823111	3.023336e+02
721.000439443962705	3.023343e+02
721.998876129608675	3.023460e+02
722.998944888288406	3.023698e+02
724.00114311208813	3.024025e+02
724.998866032413844	3.024409e+02
726.001106170699586	3.024770e+02
727.001242939658482	3.024982e+02
727.999926591871031	3.025030e+02
728.998559988906209	3.025046e+02
730.001622066776122	3.025033e+02
731.000663074018917	3.024990e+02
731.999073254380278	3.025000e+02
732.999937744622798	3.025160e+02
733.999652488256629	3.025467e+02
735.000101756232084	3.025730e+02
735.999935767415082	3.025800e+02
737.001555677275633	3.025835e+02
737.998609831378303	3.025996e+02
739.000917515005426	3.026266e+02
739.999579389089149	3.026587e+02
741.000865824989205	3.026958e+02
742.001221721286811	3.027316e+02
742.9998251475198	3.027542e+02
743.999381362686222	3.027676e+02
745.000661640020667	3.027808e+02
745.999052092078955	3.027925e+02
746.999024049784566	3.028003e+02
748.001289256029395	3.028065e+02
748.99998594164947	3.028175e+02
750.000493470887022	3.028314e+02
751.00118734312548	3.028435e+02
752.000933119647812	3.028506e+02
752.998936581822591	3.028603e+02
754.001276251013905	3.028796e+02
754.999151737409875	3.029069e+02
755.999553005113967	3.029357e+02
756.999766152413599	3.029629e+02
757.999815231926959	3.029880e+02
758.999249365374908	3.030097e+02
760.00074675962378	3.030263e+02
761.001075912032888	3.030392e+02
762.000603060413027	3.030534e+02
763.000135315137868	3.030699e+02
764.000348738217554	3.030874e+02
765.001515277069643	3.031050e+02
766.000180917357966	3.031219e+02
766.998575464161149	3.031381e+02
767.998928480878021	3.031564e+02
769.0008602609538	3.031769e+02
770.001352425349751	3.031969e+02
771.000882636136907	3.032153e+02
771.999918369505622	3.032293e+02
772.998806968452868	3.032433e+02
774.000941714459373	3.032630e+02
775.000334162326453	3.032897e+02
776.000158078921004	3.033217e+02
777.000362560647091	3.033557e+02
778.000837514654791	3.033889e+02
779.001444253866225	3.034202e+02
779.998932096626277	3.034508e+02
780.999294900777159	3.034806e+02
781.999342827852388	3.035092e+02
782.999108211269913	3.035358e+02
783.998685302788545	3.035597e+02
785.001268894906502	3.035810e+02
786.000626433951197	3.036004e+02
786.999811633585182	3.036197e+02
787.998820800601152	3.036407e+02
789.000829230188174	3.036648e+02
789.999847145920967	3.036923e+02
790.999171168364683	3.037224e+02
791.99902125678841	3.037538e+02
792.999571968755276	3.037853e+02
794.000942685735822	3.038160e+02
795.000039267211605	3.038450e+02
795.999824847008995	3.038718e+02
797.00004227907823	3.038960e+02
798.000352229098212	3.039172e+02
799.000463290113203	3.039356e+02
800.000268040779247	3.039524e+02
800.999871383825734	3.039688e+02
801.999438918668716	3.039865e+02
802.999162635716857	3.040070e+02
803.999150184644463	3.040295e+02
804.999489574434278	3.040528e+02
806.000217659127884	3.040754e+02
807.001365643889585	3.040965e+02
807.99976032352879	3.041158e+02
809.001484647565803	3.041336e+02
810.000193134515371	3.041501e+02
810.998851293064718	3.041660e+02
812.000488119036959	3.041817e+02
812.998858862165093	3.041975e+02
814.000173863743385	3.042132e+02
815.001341913480928	3.042286e+02
815.999389005496141	3.042451e+02
817.000736505305099	3.042617e+02
817.999345361780456	3.042779e+02
819.001619323223736	3.042938e+02
820.001459451422306	3.043088e+02
820.998791650032786	3.043227e+02
821.999835648828935	3.043356e+02
823.001443597258117	3.043477e+02
824.000479166678019	3.043591e+02
825.000061539974695	3.043698e+02
826.000154788647023	3.043798e+02
827.000746153186583	3.043894e+02
827.998702254763771	3.043985e+02
829.000257981022514	3.044073e+02
829.999128928896084	3.044156e+02
831.001489294805879	3.044235e+02
832.000998249167878	3.044310e+02
833.00071269008447	3.044382e+02
834.000566630974504	3.044451e+02
835.000478943295093	3.044518e+02
836.000322319766724	3.044580e+02
836.999960958526117	3.044641e+02
837.999563778135894	3.044709e+02
838.999168539985249	3.044782e+02
839.998830256297879	3.044863e+02
840.998615871871266	3.044946e+02
842.00153524296104	3.045037e+02
843.001203686922736	3.045137e+02
844.000720130980653	3.045243e+02
845.000127664575871	3.045355e+02
845.999454980046153	3.045469e+02
846.998688989041057	3.045580e+02
848.000944380996543	3.045687e+02
848.999961869892672	3.045789e+02
849.998889864095986	3.045885e+02
851.000849864152087	3.045980e+02
851.999601594189471	3.046072e+02
853.001515988440019	3.046157e+02
854.000482909667198	3.046221e+02
854.999656519237647	3.046253e+02
855.99893769661162	3.046246e+02
857.001409319402342	3.046207e+02
858.000850150787869	3.046147e+02
859.00046238222626	3.046071e+02
860.000338609620371	3.045975e+02
861.00055942064489	3.045857e+02
862.00111120017948	3.045721e+02
862.998744885252336	3.045575e+02
863.999562963220342	3.045440e+02
865.000333438597977	3.045333e+02
866.000718484703725	3.045211e+02
867.000381215335096	3.045080e+02
867.999326859724874	3.044931e+02
869.000831713809248	3.044743e+02
869.998731560339024	3.044533e+02
870.99914408124846	3.044343e+02
871.998948856785773	3.044214e+02
873.001251550978509	3.044162e+02
873.999438886644043	3.044167e+02
874.999250714949312	3.044200e+02
876.000331079936132	3.044228e+02
876.999152904660036	3.044242e+02
877.999109606079287	3.044253e+02
879.001226105603337	3.044269e+02
880.000590679232914	3.044276e+02
881.001133877869847	3.044264e+02
882.000326707818431	3.044205e+02
882.998714442753908	3.044090e+02
883.999566477270491	3.043930e+02
884.999493633542215	3.043804e+02
886.001481871908709	3.043758e+02
886.999074026412359	3.043790e+02
888.001361691307693	3.043880e+02
888.998687333536395	3.044039e+02
889.999823340214903	3.044118e+02
891.000206741294278	3.044164e+02
892.001524768773493	3.044276e+02
892.999632733533304	3.044472e+02
893.998726334299249	3.044606e+02
895.001251636017628	3.044469e+02
895.99966766697446	3.044043e+02
897.000914273651915	3.043492e+02
897.99999523874294	3.042987e+02
899.0009590909807	3.042587e+02
900.002533407159831	3.042285e+02
901.001649579413879	3.042092e+02
902.002471845652622	3.042037e+02
903.00037772942153	3.042119e+02
904.002809723267433	3.042289e+02
904.999844958107929	3.042492e+02
905.999949295843749	3.042668e+02
907.000155261807322	3.042733e+02
908.000934451877697	3.042689e+02
909.002379459235726	3.042553e+02
910.001638080394969	3.042327e+02
911.001827591161145	3.042033e+02
912.002161111704822	3.041698e+02
913.000765935814343	3.041349e+02
914.00165379520945	3.041027e+02
915.000358634693953	3.040770e+02
916.000415810124309	3.040586e+02
917.000395916998968	3.040462e+02
918.002309347195592	3.040392e+02
919.001983037054401	3.040353e+02
920.000819481782173	3.040319e+02
921.002363494914448	3.040311e+02
922.000424353145945	3.040362e+02
923.000934642643074	3.040450e+02
923.999918588887567	3.040539e+02
925.002704718492851	3.040610e+02
926.002696914486023	3.040629e+02
927.000086321054596	3.040530e+02
928.001570287640334	3.040285e+02
929.001356130118779	3.039955e+02
930.002757190745569	3.039587e+02
931.001760013499052	3.039196e+02
932.002496640296386	3.038777e+02
933.002770722993091	3.038395e+02
934.001672547361977	3.038079e+02
935.002710266781264	3.037851e+02
936.00106170196193	3.037732e+02
937.001629816131526	3.037712e+02
938.000011724101114	3.037764e+02
939.000753615218969	3.037851e+02
940.001324817527461	3.037910e+02
941.001376824560111	3.037955e+02
942.000125615014554	3.038056e+02
943.000197233623226	3.038202e+02
944.001130840733822	3.038356e+02
945.002318494277233	3.038491e+02
946.000805384652267	3.038571e+02
946.999714333007546	3.038505e+02
948.002760436780932	3.038263e+02
949.000758457107054	3.037919e+02
950.00223440455909	3.037567e+02
950.999915305136028	3.037265e+02
952.002573059240035	3.037015e+02
953.00053643081435	3.036782e+02
953.999817725775301	3.036578e+02
955.000153551236735	3.036456e+02
956.001840701625952	3.036416e+02
957.002536753901836	3.036442e+02
958.002165369327372	3.036487e+02
959.000503621906432	3.036494e+02
960.001241601802349	3.036460e+02
961.00182415570373	3.036423e+02
962.002592048212477	3.036378e+02
963.000411513570498	3.036310e+02
964.001559919866963	3.036224e+02
964.999976972483296	3.036130e+02
966.001702405227775	3.036027e+02
967.000423207178301	3.035918e+02
968.002449167759096	3.035807e+02
969.001325984307641	3.035707e+02
970.002787921842923	3.035635e+02
971.000498195595242	3.035605e+02
972.000557081489774	3.035610e+02
973.002773597749297	3.035634e+02
974.000960477842796	3.035655e+02
975.001521410670648	3.035651e+02
976.001501783840467	3.035621e+02
977.001246241214403	3.035580e+02
978.001257707352806	3.035538e+02
979.001443710795343	3.035500e+02
980.001400281347969	3.035436e+02
981.000942252669802	3.035320e+02
982.000325255523308	3.035144e+02
983.002051484773006	3.034905e+02
984.002475988165884	3.034649e+02
985.002399010116505	3.034447e+02
986.001696966776649	3.034269e+02
986.999810322073017	3.034111e+02
988.00028649169144	3.034024e+02
989.000575804539949	3.033961e+02
990.000659609601257	3.033886e+02
991.000399298362254	3.033847e+02
991.999760921102165	3.033858e+02
993.001898745707194	3.033866e+02
994.000751777808432	3.033838e+02
995.002420509873673	3.033779e+02
996.000894017395353	3.033673e+02
997.002382656525015	3.033541e+02
998.000783479693723	3.033438e+02
999.0022674974648	3.033366e+02
1000.00085560744344	3.033292e+02
1001.00269509692077	3.033210e+02
1002.00166098345005	3.033146e+02
1003.00085863865502	3.033097e+02
1004.0003809664006	3.033040e+02
1005.00023397706707	3.032982e+02
1006.00038472691654	3.032952e+02
1007.00089075079302	3.032947e+02
1008.00176095633424	3.032947e+02
1008.99992234894955	3.032954e+02
1010.00150286438907	3.032981e+02
1011.00038192940849	3.033023e+02
1012.00263615528706	3.033078e+02
1013.00207769701899	3.033143e+02
1014.00173122067895	3.033206e+02
1015.00156740682974	3.033267e+02
1016.00158130024272	3.033327e+02
1017.00179324869418	3.033374e+02
1018.00220893405492	3.033397e+02
1018.99974171588326	3.033388e+02
1020.00057108310989	3.033338e+02
1021.00167020718982	3.033263e+02
1022.00001975314728	3.033179e+02
1023.00181891413922	3.033098e+02
1024.00096705349142	3.033025e+02
1025.00056589157703	3.032952e+02
1026.00061973882362	3.032884e+02
1027.00108111665872	3.032836e+02
1028.00189527269936	3.032808e+02
1028.99992399226335	3.032791e+02
1030.00124467002433	3.032783e+02
1031.00267731200938	3.032787e+02
1032.00105218086173	3.032803e+02
1033.00243969772782	3.032817e+02
1034.00061470947526	3.032807e+02
1035.00168359888221	3.032761e+02
1036.00249860069925	3.032688e+02
1036.99987937622768	3.032604e+02
1037.99987311999075	3.032513e+02
1039.0024032708186	3.032395e+02
1040.00135392480797	3.032232e+02
1040.999878712493	3.032053e+02
1042.00111745941422	3.031904e+02
1043.00206369308444	3.031794e+02
1044.00276709446734	3.031701e+02
1045.00018848085483	3.031606e+02
1046.00048858662194	3.031501e+02
1047.00049681895553	3.031398e+02
1048.00020112822381	3.031319e+02
1049.00268013289315	3.031273e+02
1050.00182109680622	3.031245e+02
1051.00087224398112	3.031218e+02
1051.99989462314875	3.031197e+02
1053.00187506253587	3.031163e+02
1054.00076610413726	3.031094e+02
1054.99973184103737	3.031008e+02
1056.00183053408614	3.030937e+02
1057.00089182120632	3.030899e+02
1057.99995816247588	3.030903e+02
1059.00213397608672	3.030941e+02
1060.00138246242204	3.030990e+02
1061.00080597989427	3.031038e+02
1062.00038595797014	3.031102e+02
1063.00010507932257	3.031177e+02
1063.99993240368121	3.031208e+02
1064.99983997466506	3.031164e+02
1065.99983784852839	3.031046e+02
1066.99997036446234	3.030902e+02
1068.00031321539632	3.030762e+02
1069.00093802167976	3.030647e+02
1070.00186504118665	3.030568e+02
1070.99999787082515	3.030514e+02
1072.00142011894172	3.030464e+02
1072.99992293207129	3.030405e+02
1074.00156718991116	3.030350e+02
1075.00010908368677	3.030313e+02
1076.00164440833282	3.030271e+02
1077.00001577052399	3.030225e+02
1078.00134937508915	3.030209e+02
1079.00261422088397	3.030218e+02
1080.0008004579272	3.030234e+02
1081.00203806036188	3.030248e+02
1082.0000936859808	3.030261e+02
1083.00099232441335	3.030269e+02
1084.00158448389084	3.030251e+02
1085.00184763915036	3.030183e+02
1086.00181224374819	3.030082e+02
1087.00150893746581	3.029975e+02
1088.00097722084752	3.029865e+02
1089.00023644996122	3.029730e+02
1090.00237091644681	3.029560e+02
1091.00128031511258	3.029384e+02
1092.00008777840162	3.029226e+02
1093.00193747221329	3.029099e+02
1094.00075467239367	3.029021e+02
1095.00269191563029	3.028984e+02
1096.00163632915996	3.028953e+02
1097.00066233535199	3.028921e+02
1097.99975699959123	3.028907e+02
1099.00197569590205	3.028903e+02
1100.00121817382069	3.028887e+02
1101.00051497928393	3.028875e+02
1101.99984050122021	3.028878e+02
1103.00230950820651	3.028888e+02
1104.00190742267068	3.028899e+02
1105.00168456578876	3.028954e+02
1106.00158856940266	3.029068e+02
1107.00157376966081	3.029182e+02
1108.00160616706557	3.029227e+02
1109.00165423799626	3.029198e+02
1110.00168722541184	3.029148e+02
1111.00167666294078	3.029093e+02
1112.00164100901338	3.028983e+02
1113.0016082368893	3.028795e+02
1114.0015811704302	3.028572e+02
1115.00158614022598	3.028363e+02
1116.00168214937594	3.028190e+02
1117.00178709406805	3.028056e+02
1118.00170395871783	3.027959e+02
1119.00131608142442	3.027893e+02
1120.00053988737955	3.027841e+02
1121.00244780601156	3.027790e+02
1122.00117117810055	3.027753e+02
1122.99996831972635	3.027718e+02
1124.00184955443547	3.027694e+02
1125.0008117509874	3.027690e+02
1126.00002150219325	3.027685e+02
1127.00255074076676	3.027699e+02
1128.00223106746057	3.027777e+02
1129.00200920869338	3.027907e+02
1130.00177712908544	3.028026e+02
1131.00147374108451	3.028068e+02
1132.00101893863257	3.028010e+02
1133.00041017420335	3.027913e+02
1134.00278128124137	3.027822e+02
1135.00207804170077	3.027699e+02
1136.00142492683199	3.027488e+02
1137.00087033014893	3.027215e+02
1138.00028922801084	3.026944e+02
1139.00244747980901	3.026718e+02
1140.0012223033134	3.026525e+02
1141.00237404415998	3.026340e+02
1142.00238371320052	3.026200e+02
1143.00166866327754	3.026119e+02
1144.00045207131211	3.026019e+02
1145.00140896645394	3.025878e+02
1146.00193472379215	3.025751e+02
1147.0024819924347	3.025681e+02
1148.0000594589801	3.025673e+02
1149.0007810781276	3.025687e+02
1150.00177227282438	3.025745e+02
1151.00016715046763	3.025874e+02
1152.00213740417257	3.026035e+02
1153.0015451623583	3.026196e+02
1154.00134472899663	3.026360e+02
1155.00153888477121	3.026504e+02
1156.00213266585183	3.026585e+02
1157.00006491856539	3.026601e+02
1158.00144956452573	3.026600e+02
1159.00018702758234	3.026559e+02
1160.00243290755111	3.026416e+02
1161.00199624302377	3.026204e+02
1162.00182318344082	3.025932e+02
1163.00178616921221	3.025628e+02
1164.00159441893129	3.025369e+02
1165.00091842607435	3.025144e+02
1166.00231310010463	3.024916e+02
1167.00246377691292	3.024698e+02
1168.00145692360547	3.024513e+02
1168.99942723795084	3.024348e+02
1169.99979268127572	3.024188e+02
1170.9998482534013	3.024105e+02
1171.99977573618571	3.024106e+02
1172.99970711423748	3.024186e+02
1173.99984895071702	3.024353e+02
1175.00048398354443	3.024560e+02
1176.0017852294759	3.024746e+02
1177.00067111765429	3.024910e+02
1178.00000052079463	3.025056e+02
1178.99964776748902	3.025163e+02
1179.9996500149507	3.025183e+02
1181.00011751790998	3.025133e+02
1182.00109274378019	3.025083e+02
1182.99953844046445	3.025016e+02
1184.00161975154674	3.024854e+02
1185.0010952845264	3.024608e+02
1186.00082077057436	3.024328e+02
1187.00052259694871	3.024029e+02
1187.99981967165877	3.023718e+02
1189.00100104239505	3.023441e+02
1190.00075818430082	3.023211e+02
1191.00229925142048	3.022989e+02
1192.00238138700774	3.022772e+02
1193.00115142059485	3.022548e+02
1194.00229233991195	3.022359e+02
1194.99991325910969	3.022272e+02
1196.00023564771027	3.022289e+02
1197.00049059507842	3.022390e+02
1198.00096832561576	3.022580e+02
1199.00196906711221	3.022818e+02
1200.00072330591365	3.023034e+02
1201.00032337418634	3.023236e+02
1202.00070921642305	3.023416e+02
1203.00178901727554	3.023551e+02
1204.00053344729099	3.023639e+02
1205.00006089014664	3.023665e+02
1206.00039809618579	3.023673e+02
1207.00151598089246	3.023677e+02
1208.00035781096744	3.023607e+02
1208.99987153087022	3.023424e+02
1209.99979481689934	3.023178e+02
1210.99990631732817	3.022882e+02
1211.99983363515344	3.022554e+02
1213.0017097821742	3.022234e+02
1214.0021506782607	3.021928e+02
1215.00116107686085	3.021608e+02
1216.00141195242895	3.021304e+02
1217.00038530247593	3.021052e+02
1218.00163738450669	3.020839e+02
1219.00191638025217	3.020730e+02
1220.00175449950575	3.020758e+02
1221.00164270278879	3.020893e+02
1222.00177634713282	3.021130e+02
1223.00238456964007	3.021388e+02
1224.00073988087343	3.021624e+02
1224.99994067277544	3.021833e+02
1225.99988755455593	3.021988e+02
1227.00052770662251	3.022081e+02
1228.00185086165811	3.022140e+02
1229.00085501987633	3.022167e+02
1230.00063862211573	3.022163e+02
1231.00120464337965	3.022145e+02
1231.99946905427805	3.022079e+02
1233.00143015099479	3.021929e+02
1234.00073198825248	3.021726e+02
1235.00016940806972	3.021476e+02
1236.00243736717289	3.021188e+02
1237.00067041578154	3.020901e+02
1238.00048635038979	3.020608e+02
1239.00190729616907	3.020276e+02
1240.00200350179421	3.019921e+02
1241.00072930942611	3.019600e+02
1242.00120417448375	3.019338e+02
1243.00079487614312	3.019186e+02
1244.00003539312388	3.019211e+02
1245.00239127967575	3.019364e+02
1246.00203964125558	3.019598e+02
1247.00225056698514	3.019857e+02
1248.00021967876341	3.020116e+02
1249.00209280594663	3.020340e+02
1250.0017432442155	3.020477e+02
1251.00223105776399	3.020536e+02
1252.00042478383716	3.020596e+02
1253.00236105416661	3.020676e+02
1254.00199279181561	3.020710e+02
1255.00239793528704	3.020695e+02
1256.0004753739197	3.020637e+02
1257.00226193670846	3.020527e+02
1258.00142996505519	3.020380e+02
1259.00078220803221	3.020179e+02
1259.99991128766237	3.019914e+02
1261.00125664209122	3.019603e+02
1262.00120878328926	3.019285e+02
1262.99986208942869	3.018965e+02
1264.00044668269834	3.018605e+02
1264.99972316733647	3.018233e+02
1266.0003879788535	3.017922e+02
1267.00033864845113	3.017771e+02
1267.99998568574119	3.017795e+02
1269.00241130910103	3.017941e+02
1270.00212418921797	3.018170e+02
1270.99949781502346	3.018425e+02
1272.00069961486156	3.018678e+02
1272.99960364584672	3.018881e+02
1274.00234622308585	3.018990e+02
1274.99986669649093	3.019022e+02
1276.00123938136585	3.019060e+02
1277.000207835541	3.019144e+02
1277.99978615834652	3.019202e+02
1278.99999296406304	3.019179e+02
1280.00078588853944	3.019088e+02
1281.00218925132981	3.018962e+02
1282.001000308627	3.018836e+02
1282.99989982189345	3.018709e+02
1284.00160128966195	3.018529e+02
1284.99949913572163	3.018257e+02
1285.99948525349669	3.017955e+02
1287.00143195195619	3.017671e+02
1288.0022296618929	3.017351e+02
1289.00193007721691	3.016988e+02
1290.00039502276127	3.016659e+02
1291.00113276644925	3.016479e+02
1292.00123467932281	3.016446e+02
1293.00090210048734	3.016518e+02
1294.00087284951906	3.016673e+02
1295.00153186770967	3.016904e+02
1295.99987680909931	3.017133e+02
1297.00202598392593	3.017302e+02
1298.00198132145988	3.017395e+02
1298.99978490434228	3.017456e+02
1300.00148177374126	3.017522e+02
1301.00084461737083	3.017599e+02
1302.0007922119737	3.017656e+02
1303.00126152487223	3.017632e+02
1304.00222154247763	3.017535e+02
1305.00055956380015	3.017412e+02
1306.00236143979669	3.017294e+02
1307.00113861308932	3.017187e+02
1307.99970352336413	3.017060e+02
1309.00082301903626	3.016874e+02
1310.00105060529063	3.016619e+02
1311.0001943644661	3.016304e+02
1312.00149514521718	3.015970e+02
1313.00181865880609	3.015658e+02
1314.00101850295437	3.015412e+02
1314.99966948671727	3.015251e+02
1316.00094251422252	3.015157e+02
1317.00175474054163	3.015151e+02
1317.99973445341038	3.015240e+02
1319.0011838583041	3.015379e+02
1320.00006145143266	3.015538e+02
1320.9998786588244	3.015657e+02
1322.00059475559601	3.015730e+02
1323.00210252745683	3.015790e+02
1324.00150249071521	3.015846e+02
1325.001828280268	3.015908e+02
1325.99982418465379	3.015969e+02
1327.00134061151948	3.015991e+02
1327.99995232619585	3.015917e+02
1329.00180752360143	3.015767e+02
1330.00047049555064	3.015640e+02
1331.00202380001542	3.015569e+02
1332.00022600971192	3.015492e+02
1333.00110556656159	3.015361e+02
1334.00157945354044	3.015168e+02
1335.00132119213072	3.014933e+02
1336.00020147994837	3.014674e+02
1337.00144249976211	3.014429e+02
1338.00187539297303	3.014247e+02
1339.00179980415351	3.014117e+02
1340.0016842205041	3.014018e+02
1341.00129452928695	3.013967e+02
1342.00090668375151	3.013959e+02
1343.00106692536019	3.013966e+02
1344.00164754809566	3.013994e+02
1344.9995518319779	3.014055e+02
1346.00117803193439	3.014131e+02
1347.00058294570135	3.014178e+02
1348.00065221684781	3.014197e+02
1349.00136195362552	3.014206e+02
1349.99964389572051	3.014215e+02
1351.00132676663816	3.014216e+02
1352.00010720266232	3.014171e+02
1353.00215635971608	3.014070e+02
1354.00093085089838	3.013963e+02
1355.00229045060428	3.013901e+02
1356.00039744744981	3.013846e+02
1357.00151050956129	3.013736e+02
1358.00223619059966	3.013571e+02
1358.99939708340594	3.013394e+02
1359.99940372392257	3.013220e+02
1361.00212330046543	3.013050e+02
1362.00134583883619	3.012905e+02
1363.00052368254137	3.012786e+02
1363.99970074483099	3.012689e+02
1365.00189773459147	3.012616e+02
1366.00131001497152	3.012556e+02
1367.00107700075932	3.012506e+02
1368.0010993491303	3.012473e+02
1369.00152064225426	3.012448e+02
1370.00242757796013	3.012425e+02
1371.00061275779763	3.012414e+02
1372.00225436233609	3.012418e+02
1373.00132172492476	3.012426e+02
1374.00072976524916	3.012427e+02
1375.00047486011385	3.012420e+02
1376.00057610548834	3.012404e+02
1377.00094119779419	3.012379e+02
1378.00147969323575	3.012350e+02
1379.00206281419082	3.012336e+02
1379.99960835852539	3.012332e+02
1381.00035315717696	3.012302e+02
1382.00117982417487	3.012223e+02
1383.00188842857392	3.012119e+02
1384.00238074751178	3.012016e+02
1384.99956844715962	3.011917e+02
1385.9995144857171	3.011819e+02
1387.00206609297879	3.011728e+02
1388.00113261640308	3.011643e+02
1388.99979272700102	3.011561e+02
1390.00100797844289	3.011486e+02
1391.00175440717067	3.011422e+02
1392.00207531668116	3.011368e+02
1393.00194194733967	3.011331e+02
1394.00136542118298	3.011310e+02
1395.00040574753643	3.011303e+02
1396.00215173643983	3.011306e+02
1397.00054185882527	3.011318e+02
1398.0017606700294	3.011337e+02
1398.99976246545953	3.011356e+02
1400.00067484689248	3.011373e+02
1401.00147965706424	3.011389e+02
1402.00219265735041	3.011401e+02
1402.99974176259661	3.011408e+02
1404.00022969408224	3.011409e+02
1405.00059873208011	3.011401e+02
1406.00078672673521	3.011385e+02
1407.0007648413191	3.011366e+02
1408.00052971976174	3.011347e+02
1409.00002698930848	3.011329e+02
1410.00228156024286	3.011320e+02
1411.00118097564541	3.011325e+02
1411.99975509059163	3.011345e+02
1413.00107292269581	3.011373e+02
1414.00213952720424	3.011406e+02
1414.99992407696914	3.011452e+02
1416.00048167130171	3.011523e+02
1417.00075655608157	3.011625e+02
1418.00076763720131	3.011741e+02
1419.000554672622	3.011849e+02
1420.00014793516266	3.011937e+02
1420.99955837955667	3.012015e+02
1422.00182019670569	3.012103e+02
1423.00086064730885	3.012212e+02
1423.99974808299248	3.012328e+02
1425.00155270657524	3.012445e+02
1426.00021303310587	3.012569e+02
1427.00180606315939	3.012708e+02
1428.00027117868967	3.012859e+02
1429.0017150724359	3.013014e+02
1430.00009498698455	3.013172e+02
1431.00148637769485	3.013336e+02
1431.99983459352961	3.013505e+02
1433.00122372700935	3.013676e+02
1433.99958504823076	3.013845e+02
1435.00099013086469	3.014018e+02
1436.00243049145433	3.014199e+02
1437.00092542327593	3.014384e+02
1437.99958640234604	3.014578e+02
1439.00155438035927	3.014782e+02
1440.0008606903175	3.014995e+02
1441.00067439768281	3.015213e+02
1442.00115921649444	3.015434e+02
1442.9994869696277	3.015661e+02
1444.00200200168956	3.015897e+02
1444.99983316629164	3.016148e+02
1446.00244001918691	3.016418e+02
1447.0009158599828	3.016699e+02
1448.00162168231577	3.016987e+02
1449.00147096406477	3.017259e+02
1450.00031629733826	3.017527e+02
1451.00110556522736	3.017806e+02
1452.00062725779549	3.018086e+02
1453.00189060908019	3.018338e+02
1454.00168470785093	3.018565e+02
1454.99982438806978	3.018772e+02
1456.00234023965163	3.018961e+02
1457.00247151166786	3.019148e+02
1457.99978250547156	3.019329e+02
1459.0000124022597	3.019524e+02
1459.9995264321692	3.019731e+02
1461.0012289927638	3.019906e+02
1462.00232118737358	3.020005e+02
1463.00029809577313	3.019975e+02
1464.00179723596398	3.019768e+02
1465.00072702734246	3.019414e+02
1466.00032453342374	3.019102e+02
1467.0007842909647	3.018858e+02
1468.00233265395582	3.018676e+02
1469.0024429164198	3.018603e+02
1470.00076987063153	3.018650e+02
1471.0020755894061	3.018821e+02
1472.00185651071888	3.019084e+02
1473.0019727176757	3.019400e+02
1474.0018970851163	3.019736e+02
1475.00196698163882	3.020092e+02
1476.00021590997676	3.020401e+02
1477.0006522291103	3.020615e+02
1478.00060194689854	3.020611e+02
1479.00007764097563	3.020233e+02
1479.99938356386815	3.019677e+02
1480.99952132620911	3.019241e+02
1482.00159064828904	3.018983e+02
1483.00023121288996	3.018898e+02
1483.99944084453546	3.018959e+02
1485.00228560442292	3.019058e+02
1486.00048169832712	3.019081e+02
1487.00101512764513	3.019063e+02
1487.99948263876536	3.019077e+02
1489.00164878039186	3.019195e+02
1490.00120211845046	3.019434e+02
1491.00149582673566	3.019733e+02
1491.99957597045659	3.019997e+02
1493.00217855849564	3.020117e+02
1494.00152038810575	3.020108e+02
1495.00232985045204	3.020008e+02
1495.99957868875367	3.019807e+02
1497.00041299866211	3.019556e+02
1498.00228026435752	3.019358e+02
1499.0019717056748	3.019272e+02
1499.99944198550452	3.019332e+02
1501.00197434916413	3.019551e+02
1502.00097798465208	3.019817e+02
1503.00095592908497	3.019938e+02
1504.00100045218869	3.019887e+02
1505.00138450374584	3.019779e+02
1505.99963133765618	3.019771e+02
1507.00218859816141	3.019861e+02
1508.00215459009792	3.020020e+02
1509.00145067798485	3.020235e+02
1510.0004111013784	3.020314e+02
1511.00043633165319	3.020298e+02
1512.00090013349381	3.020241e+02
1513.00150129576082	3.020084e+02
1514.00045613390421	3.019875e+02
1515.0004895439115	3.019791e+02
1516.00064640102619	3.019958e+02
1517.00025946888468	3.020338e+02
1518.00180260865295	3.020768e+02
1519.00094428725606	3.021090e+02
1519.99947743220218	3.021202e+02
1520.99967138157922	3.021224e+02
1522.00110347006535	3.021302e+02
1523.00085806139145	3.021439e+02
1524.00227354593676	3.021631e+02
1525.00214313299193	3.021896e+02
1526.00015786992503	3.022232e+02
1527.00225177713651	3.022621e+02
1528.0001851478421	3.022906e+02
1529.00168708036381	3.023034e+02
1530.00184077485028	3.023056e+02
1531.00138248521512	3.023052e+02
1532.00054613347834	3.023084e+02
1532.99935756371656	3.023252e+02
1534.00080229890591	3.023535e+02
1535.00063800180737	3.023830e+02
1536.00044809441829	3.023959e+02
1537.0024513020403	3.023958e+02
1538.00021715961134	3.024066e+02
1539.00022536233246	3.024322e+02
1539.99965146088675	3.024693e+02
1541.00160632775419	3.025106e+02
1542.00242846992796	3.025536e+02
1543.00146703839664	3.025891e+02
1544.00122770013149	3.026138e+02
1545.00229609782764	3.026311e+02
1546.00005043585611	3.026469e+02
1547.00231625834817	3.026577e+02
1548.00075620504799	3.026621e+02
1549.0018650204122	3.026661e+02
1550.00243819486718	3.026808e+02
1551.0020190543928	3.027035e+02
1552.00188377580912	3.027144e+02
1553.00061469208367	3.027112e+02
1554.00061680319368	3.027130e+02
1555.00160644996754	3.027294e+02
1556.00103445746504	3.027557e+02
1556.9994068021947	3.027840e+02
1558.00018298727855	3.028112e+02
1559.00006911144374	3.028378e+02
1560.00154254704034	3.028636e+02
1561.00136399896451	3.028867e+02
1562.00043796229738	3.029077e+02
1563.00021025949127	3.029271e+02
1564.0019983830025	3.029439e+02
1565.00040247734796	3.029596e+02
1566.00159256775419	3.029761e+02
1567.00076829848354	3.029923e+02
1567.99969698232621	3.030056e+02
1569.00080821864981	3.030172e+02
1570.00041200809414	3.030346e+02
1571.0017829885478	3.030588e+02
1572.00230063813865	3.030855e+02
1572.9994080157328	3.031103e+02
1573.99991457438978	3.031319e+02
1575.00099178592723	3.031513e+02
1575.99936336314477	3.031707e+02
1577.00090348195931	3.031900e+02
1578.0023832285392	3.032098e+02
1579.0006851629214	3.032295e+02
1580.00212364575168	3.032511e+02
1581.00060599417634	3.032706e+02
1582.0022305594332	3.032884e+02
1583.00067724483029	3.033047e+02
1584.00192758469302	3.033203e+02
1585.00235790405236	3.033366e+02
1586.00149275982881	3.033546e+02
1587.00222385816323	3.033736e+02
1588.00146541143567	3.033912e+02
1588.99958546689709	3.034068e+02
1590.00006341164863	3.034217e+02
1591.00005538963728	3.034387e+02
1591.99975114748372	3.034614e+02
1593.00243515408761	3.034895e+02
1594.00204142697703	3.035211e+02
1595.00164709542446	3.035553e+02
1596.00119063272928	3.035899e+02
1597.00052817956089	3.036230e+02
1597.99952182841821	3.036542e+02
1599.00130684936221	3.036834e+02
1599.99981535713846	3.037104e+02
1601.00145051019399	3.037351e+02
1602.00010329296651	3.037575e+02
1603.00191414534584	3.037782e+02
1604.00051873423399	3.037979e+02
1605.00191450489137	3.038179e+02
1605.99975262272596	3.038388e+02
1607.00023190400702	3.038614e+02
1608.00043648950623	3.038851e+02
1609.00055999963502	3.039098e+02
1610.0009170024116	3.039344e+02
1611.001741257418	3.039586e+02
1612.0001706721118	3.039818e+02
1612.999404804264	3.040040e+02
1613.9995002829116	3.040249e+02
1615.0003973314017	3.040439e+02
1616.00190457780104	3.040611e+02
1617.00081760004173	3.040775e+02
1618.00021618120877	3.040932e+02
1619.00012759630522	3.041091e+02
1620.00058389813239	3.041251e+02
1621.00153054397197	3.041433e+02
1621.99990632452636	3.041629e+02
1623.00186297378309	3.041830e+02
1624.00109695929541	3.042031e+02
1625.00060884548589	3.042229e+02
1626.00037577899548	3.042423e+02
1627.00034948603729	3.042609e+02
1628.00057745026311	3.042786e+02
1629.00102148624933	3.042954e+02
1630.00169563352665	3.043114e+02
1630.99943060590749	3.043266e+02
1632.00040985007013	3.043411e+02
1633.00151218209294	3.043551e+02
1633.99962168989737	3.043683e+02
1635.00099494452138	3.043808e+02
1635.99951230194438	3.043923e+02
1637.0015764402583	3.044032e+02
1638.00095035058303	3.044125e+02
1639.00084290852033	3.044210e+02
1640.00127968392349	3.044288e+02
1641.00231041250436	3.044360e+02
1642.00085439373447	3.044430e+02
1643.00006424387175	3.044498e+02
1643.99993741584012	3.044565e+02
1645.00046120292927	3.044630e+02
1646.00154547154466	3.044697e+02
1646.99998948904863	3.044766e+02
1648.0019560656674	3.044839e+02
1649.00108395298275	3.044912e+02
1650.00040923495135	3.044983e+02
1650.9998145295267	3.045049e+02
1652.00228328488492	3.045109e+02
1653.00135786075043	3.045164e+02
1653.99990519593848	3.045212e+02
1655.00094263863707	3.045267e+02
1656.00144990515332	3.045334e+02
1657.001486180342	3.045412e+02
1658.00114828848768	3.045503e+02
1659.00056125673336	3.045609e+02
1659.99983203648662	3.045727e+02
1661.00217269050086	3.045851e+02
1662.00136381713992	3.045972e+02
1663.00060897905269	3.046084e+02
1664.00000080221275	3.046181e+02
1664.99961876574889	3.046255e+02
1665.9994337060391	3.046293e+02
1666.99945094847817	3.046284e+02
1667.99969823608831	3.046232e+02
1669.0002503347398	3.046139e+02
1670.00112697989584	3.046010e+02
1671.00223801401739	3.045860e+02
1672.00029298165714	3.045709e+02
1673.00147125443232	3.045579e+02
1674.0024235614801	3.045459e+02
1674.99991810012102	3.045331e+02
1676.00018549485685	3.045182e+02
1677.00034258195728	3.045000e+02
1678.0006078432657	3.044809e+02
1679.00074318016118	3.044636e+02
1680.00061815672484	3.044513e+02
1680.99996409869118	3.044494e+02
1682.00176703641841	3.044555e+02
1682.9994812510713	3.044637e+02
1684.00210582807949	3.044703e+02
1684.9997232986882	3.044754e+02
1686.00162352087023	3.044826e+02
1686.99928511856547	3.044899e+02
1688.00013261928802	3.044913e+02
1689.00208923491664	3.044845e+02
1689.99973834586353	3.044756e+02
1690.99948128723213	3.044634e+02
1692.00121101059153	3.044519e+02
1693.00136240399593	3.044392e+02
1693.99957141443906	3.044263e+02
1695.00190741234201	3.044223e+02
1696.00013208434189	3.044239e+02
1697.00077737072206	3.044320e+02
1698.00160860480719	3.044411e+02
1699.00195378476951	3.044483e+02
1700.00183178807356	3.044553e+02
1701.00212652200298	3.044638e+02
1702.00197227292597	3.044628e+02
1702.99924638317179	3.044379e+02
1704.00077320654168	3.043945e+02
1704.99997854296589	3.043483e+02
1706.00161548434903	3.043085e+02
1707.00146394703415	3.042764e+02
1707.99926734734345	3.042536e+02
1709.00170158088281	3.042431e+02
1710.00025709872853	3.042468e+02
1711.00200663532223	3.042591e+02
1712.00099446604986	3.042737e+02
1713.00023424793358	3.042881e+02
1713.99943710887783	3.042944e+02
1715.00202866329209	3.042887e+02
1716.00197178756753	3.042757e+02
1716.99942580786842	3.042562e+02
1718.00083168834226	3.042303e+02
1718.99953573065409	3.042002e+02
1720.00078094724836	3.041666e+02
1721.00014633540104	3.041313e+02
1721.99924175523415	3.040986e+02
1723.00042829580616	3.040721e+02
1724.00113965048058	3.040533e+02
1724.99954316198364	3.040425e+02
1726.0002667158908	3.040392e+02
1727.00192361754353	3.040407e+02
1727.99944069978505	3.040414e+02
1728.99928636835784	3.040409e+02
1730.00114352220453	3.040454e+02
1731.00170482415865	3.040545e+02
1732.00057964351049	3.040620e+02
1733.00037499755285	3.040666e+02
1734.00094982649284	3.040665e+02
1734.99938763210798	3.040565e+02
1736.00232569371678	3.040366e+02
1737.00073653296545	3.040109e+02
1738.0009665585801	3.039795e+02
1739.00225875173533	3.039447e+02
1739.99989089831297	3.039102e+02
1741.00141984554466	3.038765e+02
1741.99934770596747	3.038483e+02
1742.99990019412962	3.038285e+02
1744.00091572768224	3.038191e+02
1745.00068450912227	3.038178e+02
1746.00062133516371	3.038206e+02
1747.00198500961801	3.038224e+02
1748.00224695144425	3.038173e+02
1749.00126858479257	3.038077e+02
1750.00161968650377	3.038042e+02
1750.9997092020028	3.038115e+02
1752.00144777802461	3.038260e+02
1753.00026170735805	3.038428e+02
1754.00218669342166	3.038548e+02
1755.00139858895091	3.038541e+02
1756.00128267370133	3.038389e+02
1757.00205770201205	3.038145e+02
1758.00002264717455	3.037864e+02
1759.00062327042133	3.037602e+02
1760.00025216299309	3.037354e+02
1761.00187348628788	3.037107e+02
1762.00212852821619	3.036898e+02
1763.00081485484156	3.036762e+02
1764.00107686984484	3.036673e+02
1764.9998568213789	3.036600e+02
1766.00019417094722	3.036552e+02
1767.0017915733315	3.036504e+02
1768.00125262652091	3.036432e+02
1768.99937462505045	3.036384e+02
1769.99997874569317	3.036387e+02
1771.00060046397971	3.036394e+02
1772.00124592962334	3.036374e+02
1773.00211127545663	3.036340e+02
1774.00011331133851	3.036283e+02
1775.00109214504914	3.036198e+02
1776.00195505511169	3.036093e+02
1776.99985129126799	3.035987e+02
1778.00076166344184	3.035894e+02
1779.00138012028287	3.035828e+02
1780.00177172110102	3.035794e+02
1781.00190062878801	3.035782e+02
1782.00144119139713	3.035786e+02
1783.00066928198794	3.035809e+02
1783.99998476426481	3.035838e+02
1785.00226558580243	3.035847e+02
1786.00144910440167	3.035843e+02
1787.00124547982864	3.035832e+02
1788.00168827893708	3.035802e+02
1789.0022080209028	3.035748e+02
1789.9995911069966	3.035661e+02
1791.00010002287286	3.035511e+02
1792.00026048073732	3.035287e+02
1792.99940565161046	3.035036e+02
1794.00095048029311	3.034812e+02
1795.0022039799876	3.034615e+02
1796.0023919818257	3.034420e+02
1797.0014321338056	3.034276e+02
1798.0031820424424	3.034171e+02
1799.00156390193	3.034048e+02
1800.00253116195722	3.033953e+02
1801.00297931816453	3.033918e+02
1802.00299992428063	3.033892e+02
1803.0026530194275	3.033836e+02
1804.00192578488122	3.033760e+02
1805.000839223203	3.033672e+02
1806.00251118268443	3.033568e+02
1807.00089268304328	3.033454e+02
1808.00212839875189	3.033357e+02
1809.00322868427702	3.033291e+02
1810.00123368741583	3.033242e+02
1811.00235695240326	3.033199e+02
1812.00364398830607	3.033158e+02
1813.00213186630731	3.033127e+02
1814.00095316821785	3.033116e+02
1815.00329309993526	3.033129e+02
1816.00313267045703	3.033161e+02
1817.00359492397411	3.033207e+02
1818.00164024281912	3.033261e+02
1819.00338250235836	3.033320e+02
1820.0026825321338	3.033376e+02
1821.00259879485566	3.033434e+02
1822.00308566601916	3.033493e+02
1823.0010054460347	3.033550e+02
1824.00245336836861	3.033607e+02
1825.00125472971558	3.033669e+02
1826.00354656955096	3.033733e+02
1827.00317555549532	3.033790e+02
1828.00316531953194	3.033829e+02
1829.00344495855757	3.033834e+02
1830.00091375567354	3.033792e+02
1831.00170963893424	3.033717e+02
1832.00275104385969	3.033623e+02
1833.00099577118704	3.033518e+02
1834.00262212345956	3.033413e+02
1835.00145909217144	3.033317e+02
1836.00363627737488	3.033229e+02
1837.00284107066341	3.033151e+02
1838.0020743905136	3.033087e+02
1839.00126184375517	3.033036e+02
1840.00347155332656	3.032998e+02
1841.0025508381018	3.032968e+02
1842.00155061300438	3.032941e+02
1843.00350071229127	3.032913e+02
1844.00220903286663	3.032868e+02
1845.00068662928334	3.032795e+02
1846.00192323909232	3.032692e+02
1847.00263463570627	3.032567e+02
1848.00268451952502	3.032442e+02
1849.00213299693814	3.032295e+02
1850.00100608008006	3.032108e+02
1851.0022153825455	3.031915e+02
1852.00270173464378	3.031771e+02
1853.00272756874369	3.031674e+02
1854.00229258205809	3.031589e+02
1855.0012055603006	3.031498e+02
1856.00257166980896	3.031404e+02
1857.00343100416558	3.031311e+02
1858.00078343365203	3.031220e+02
1859.00083484139236	3.031153e+02
1860.00369642245778	3.031135e+02
1861.00354752279736	3.031144e+02
1862.00350560142761	3.031133e+02
1863.0035626065021	3.031087e+02
1864.00370203119996	3.031031e+02
1865.00088835834981	3.030996e+02
1866.00129610488921	3.030985e+02
1867.0019502342202	3.030985e+02
1868.00292411733312	3.031005e+02
1869.00119235790589	3.031056e+02
1870.00291698685533	3.031137e+02
1871.00203684173857	3.031224e+02
1872.00166842417707	3.031299e+02
1873.00183204891277	3.031357e+02
1874.00253244347687	3.031397e+02
1875.00067797616498	3.031412e+02
1876.00235570301584	3.031391e+02
1877.00134049012922	3.031333e+02
1878.00370017286377	3.031259e+02
1879.00323184173499	3.031178e+02
1880.00296275255596	3.031096e+02
1881.00285955580875	3.031018e+02
1882.00289861750957	3.030944e+02
1883.00301181904797	3.030881e+02
1884.00309687418894	3.030829e+02
1885.00306864686081	3.030774e+02
1886.00284294952485	3.030705e+02
1887.00234465961034	3.030628e+02
1888.00154075534124	3.030556e+02
1889.00351601047259	3.030489e+02
1890.00211980521772	3.030427e+02
1891.00345882449597	3.030365e+02
1892.00132752346803	3.030298e+02
1893.00179110609611	3.030219e+02
1894.00172549117133	3.030120e+02
1895.00114435379396	3.030000e+02
1896.00317729971152	3.029875e+02
1897.00176541026667	3.029768e+02
1898.00310227232353	3.029684e+02
1899.00112432637047	3.029611e+02
1900.00199415479256	3.029538e+02
1901.00268508550562	3.029464e+02
1902.00324489102627	3.029391e+02
1903.00067780807171	3.029325e+02
1904.00116893688096	3.029276e+02
1905.00172753394645	3.029240e+02
1906.00243050581662	3.029208e+02
1907.00331604072176	3.029176e+02
1908.00133635087923	3.029153e+02
1909.00263672734468	3.029132e+02
1910.00112222546841	3.029116e+02
1911.00296088655296	3.029114e+02
1912.00207679922892	3.029129e+02
1913.00157131657738	3.029159e+02
1914.0014659620997	3.029205e+02
1915.00176211387065	3.029267e+02
1916.00241713867035	3.029342e+02
1917.00337970135502	3.029408e+02
1918.00152410672695	3.029446e+02
1919.00295446820815	3.029460e+02
1920.00147821812379	3.029452e+02
1921.00319250787675	3.029412e+02
1922.00190018356329	3.029338e+02
1923.00367667732939	3.029225e+02
1924.00231320394983	3.029078e+02
1925.00085054596752	3.028912e+02
1926.00234658928684	3.028747e+02
1927.00066827513706	3.028597e+02
1928.00197339102033	3.028468e+02
1929.00317185618997	3.028372e+02
1930.00115662418966	3.028305e+02
1931.0020289618908	3.028251e+02
1932.00266997339349	3.028201e+02
1933.00304026816934	3.028149e+02
1934.00312706944919	3.028088e+02
1935.00293311370251	3.028040e+02
1936.00249483846096	3.028003e+02
1937.00187742966887	3.027967e+02
1938.00107481601731	3.027932e+02
1939.00308913791719	3.027903e+02
1940.00173789337691	3.027875e+02
1941.00314031610674	3.027827e+02
1942.00119715363758	3.027752e+02
1943.00207359093361	3.027678e+02
1944.00276290757347	3.027615e+02
1945.00332228851448	3.027553e+02
1946.00069841411573	3.027475e+02
1947.00100086764428	3.027364e+02
1948.00112948035917	3.027223e+02
1949.00105557928305	3.027071e+02
1950.00082971662141	3.026919e+02
1951.00361115546343	3.026782e+02
1952.00337636038716	3.026682e+02
1953.00321626309483	3.026636e+02
1954.00312215679037	3.026621e+02
1955.00307609289462	3.026582e+02
1956.00305144581966	3.026501e+02
1957.00301968329859	3.026408e+02
1958.00297924992606	3.026352e+02
1959.00297882971608	3.026342e+02
1960.00312658187727	3.026360e+02
1961.00358033289103	3.026396e+02
1962.00136260513614	3.026469e+02
1963.00265034820723	3.026588e+02
1964.00129665287682	3.026729e+02
1965.0033080088167	3.026858e+02
1966.00242611211615	3.026925e+02
1967.00166093293751	3.026912e+02
1968.00098542149908	3.026848e+02
1969.003452924155	3.026783e+02
1970.00293097017425	3.026711e+02
1971.00246494421754	3.026586e+02
1972.00199676307739	3.026387e+02
1973.00145048211289	3.026140e+02
1974.00077325672851	3.025892e+02
1975.00299685821983	3.025657e+02
1976.00181342653332	3.025451e+02
1977.00312543315886	3.025292e+02
1978.00365643496116	3.025180e+02
1979.00344036292677	3.025100e+02
1980.0026816542811	3.025032e+02
1981.00158498880023	3.024981e+02
1982.00346116157039	3.024968e+02
1983.002419493557	3.024987e+02
1984.00170847316303	3.025004e+02
1985.00132753220259	3.025043e+02
1986.00126051317852	3.025122e+02
1987.00152162155882	3.025231e+02
1988.00204114705662	3.025351e+02
1989.00275316103739	3.025439e+02
1990.00360847035699	3.025464e+02
1991.00149199161046	3.025434e+02
1992.00253880279774	3.025381e+02
1993.00068093046866	3.025315e+02
1994.00206961461663	3.025209e+02
1995.00364827253907	3.025026e+02
1996.0023038099821	3.024771e+02
1997.00096741491438	3.024499e+02
1998.0024228172017	3.024239e+02
1999.00350276918516	3.023982e+02
2000.00075446259234	3.023752e+02
2001.00296706496329	3.023585e+02
2002.0012220535034	3.023476e+02
2003.00192095665057	3.023375e+02
2004.00176193355696	3.023241e+02
2005.00108269350926	3.023127e+02
2006.00338639999222	3.023081e+02
2007.0027700639771	3.023078e+02
2008.00233465768588	3.023130e+02
2009.00225032238359	3.023246e+02
2010.00273508872078	3.023421e+02
2011.00083002076485	3.023613e+02
2012.00260824764155	3.023788e+02
2013.00191475351971	3.023919e+02
2014.00177235648471	3.024006e+02
2015.00216108675841	3.024069e+02
2016.00306214790498	3.024092e+02
2017.00143718481513	3.024072e+02
2018.00339522475929	3.024010e+02
2019.00281029238272	3.023863e+02
2020.00267571088489	3.023631e+02
2021.00281098375672	3.023363e+02
2022.00296304469157	3.023057e+02
2023.00271257443978	3.022718e+02
2024.00124321984322	3.022389e+02
2025.00122630078977	3.022095e+02
2026.00286915903871	3.021821e+02
2027.00303655528046	3.021551e+02
2028.00179934005905	3.021315e+02
2029.00278567070768	3.021163e+02
2030.00323845515754	3.021105e+02
2031.00350808922417	3.021165e+02
2032.00084460318817	3.021315e+02
2033.0015562340775	3.021526e+02
2034.00281575636041	3.021759e+02
2035.00179230511208	3.021977e+02
2036.0015614141937	3.022164e+02
2037.00202313901968	3.022295e+02
2038.00318164159421	3.022369e+02
2039.00196530910466	3.022429e+02
2040.00143296293118	3.022473e+02
2041.00161664371512	3.022477e+02
2042.00252340873794	3.022432e+02
2043.00111591430982	3.022292e+02
2044.00342272583976	3.022073e+02
2045.00301109498173	3.021844e+02
2046.00267185356074	3.021582e+02
2047.00202035945949	3.021256e+02
2048.00326126993423	3.020914e+02
2049.00286771681613	3.020594e+02
2050.00098288773688	3.020262e+02
2051.00356602766078	3.019919e+02
2052.00170870704915	3.019639e+02
2053.00194536252684	3.019429e+02
2054.00136057740929	3.019337e+02
2055.00356838141215	3.019405e+02
2056.00292317413505	3.019581e+02
2057.00267008224546	3.019838e+02
2058.00304079799389	3.020109e+02
2059.00126023695793	3.020363e+02
2060.00344594271428	3.020576e+02
2061.00341804538948	3.020706e+02
2062.00119629217079	3.020763e+02
2063.0028516889297	3.020827e+02
2064.00222567329592	3.020910e+02
2065.00239829428983	3.020950e+02
2066.00341150416216	3.020921e+02
2067.00219639353782	3.020804e+02
2068.00171200319846	3.020638e+02
2069.0016618419404	3.020456e+02
2070.00171616364332	3.020237e+02
2071.0015048238688	3.019946e+02
2072.00334501653242	3.019577e+02
2073.00342561357093	3.019186e+02
2074.0019323071092	3.018809e+02
2075.00222941611082	3.018423e+02
2076.00096495335811	3.018074e+02
2077.00115350474061	3.017824e+02
2078.00372173416645	3.017744e+02
2079.00288396348196	3.017834e+02
2080.00198859696138	3.018024e+02
2081.00155863485861	3.018275e+02
2082.00185503933471	3.018545e+02
2083.00295785878325	3.018806e+02
2084.00184358332945	3.019004e+02
2085.00162963801267	3.019096e+02
2086.00239181526513	3.019121e+02
2087.00097364334943	3.019178e+02
2088.00332476475933	3.019288e+02
2089.00330772718553	3.019351e+02
2090.0009166415839	3.019316e+02
2091.00225344570572	3.019183e+02
2092.0012445459829	3.019013e+02
2093.0006934425769	3.018882e+02
2094.0032326763012	3.018784e+02
2095.0025080074879	3.018601e+02
2096.00101780323212	3.018275e+02
2097.00124825450257	3.017922e+02
2098.0032595536909	3.017598e+02
2099.00129492441147	3.017230e+02
2100.00075973148159	3.016825e+02
2101.00185287318254	3.016510e+02
2102.00249111287667	3.016380e+02
2103.00240377888713	3.016417e+02
2104.00202410932661	3.016561e+02
2105.00223081911054	3.016780e+02
2106.00310211248643	3.017027e+02
2107.00164171949382	3.017247e+02
2108.00104572009877	3.017388e+02
2109.00142436276656	3.017469e+02
2110.00277566998011	3.017539e+02
2111.00196703177608	3.017623e+02
2112.00191128419783	3.017715e+02
2113.00244528067424	3.017760e+02
2114.003485032551	3.017704e+02
2115.0019373895957	3.017573e+02
2116.00083694385967	3.017428e+02
2117.00311810845051	3.017323e+02
2118.00229165387236	3.017244e+02
2119.0012222957198	3.017122e+02
2120.00269066419878	3.016917e+02
2121.003144314981	3.016629e+02
2122.0024150366994	3.016302e+02
2123.00092105317572	3.015967e+02
2124.00145393584626	3.015664e+02
2125.00094681794053	3.015456e+02
2126.00310919082358	3.015312e+02
2127.00171237041377	3.015231e+02
2128.00296901846423	3.015253e+02
2129.0014414031516	3.015357e+02
2130.00337991044671	3.015492e+02
2131.00294446678481	3.015624e+02
2132.00335781073318	3.015710e+02
2133.00151957377284	3.015771e+02
2134.00361650851119	3.015826e+02
2135.00358297861021	3.015877e+02
2136.00128483326444	3.015935e+02
2137.00275044738373	3.015993e+02
2138.00152180095256	3.016002e+02
2139.00354819323184	3.015920e+02
2140.00265016500089	3.015786e+02
2141.00146836417889	3.015687e+02
2142.00318211652984	3.015632e+02
2143.00171898960298	3.015563e+02
2144.00293483093992	3.015435e+02
2145.00370166064613	3.015253e+02
2146.00083282030437	3.015026e+02
2147.00336573237473	3.014788e+02
2148.00218501494828	3.014599e+02
2149.00370381196899	3.014450e+02
2150.00185310760025	3.014329e+02
2151.00267934925841	3.014237e+02
2152.00352558224495	3.014165e+02
2153.00156079542103	3.014118e+02
2154.00277182069476	3.014110e+02
2155.00126391157755	3.014137e+02
2156.00337579065899	3.014176e+02
2157.00295903740016	3.014209e+02
2158.0031103561796	3.014229e+02
2159.00089488253207	3.014231e+02
2160.00224171053605	3.014223e+02
2161.00088277653049	3.014219e+02
2162.00295674707922	3.014208e+02
2163.0022145830485	3.014162e+02
2164.00151641944831	3.014094e+02
2165.0037007761407	3.014043e+02
2166.0026573043883	3.014021e+02
2167.0046533909699	3.013986e+02
2168.003601550879	3.013900e+02
2169.0024720152578	3.013773e+02
2170.00427070776459	3.013629e+02
2171.00291971750903	3.013484e+02
2172.00451722358275	3.013342e+02
2173.00293606658306	3.013207e+02
2174.00440079226973	3.013079e+02
2175.00287674348783	3.012956e+02
2176.00445491961227	3.012846e+02
2177.00306363457867	3.012752e+02
2178.00493823364604	3.012669e+02
2179.00393298125437	3.012599e+02
2180.00316521739842	3.012546e+02
2181.00270729721115	3.012517e+02
2182.00255340593776	3.012514e+02
2183.0027612512522	3.012529e+02
2184.00343312634368	3.012542e+02
2185.00455711753602	3.012543e+02
2186.00304032911936	3.012530e+02
2187.0050750398068	3.012515e+02
2188.0045447959078	3.012506e+02
2189.00446784087035	3.012499e+02
2190.00478689352713	3.012478e+02
2191.00233478928112	3.012444e+02
2192.00317310535047	3.012396e+02
2193.00414791706407	3.012333e+02
2194.00520597156537	3.012251e+02
2195.00315193152665	3.012149e+02
2196.00401482119923	3.012036e+02
2197.00462871744367	3.011916e+02
2198.00485833761195	3.011803e+02
2199.00465061427531	3.011699e+02
2200.0039397326027	3.011596e+02
2201.00269980830899	3.011492e+02
2202.0039898191972	3.011392e+02
2203.0047052543105	3.011306e+02
