0.000000123456
40500259201.658897399902
20250129600.829448699951
10125064800.414724349976
5062532400.207363128662
2531266200.103682518005
1265633100.051843166351
632816550.025925517082
316408275.012970685959
158204137.506501138210
79102068.753282174468
39551034.376704297960
19775517.188478566706
9887758.594492120668
4943879.297751735896
2471939.649887219537
1235969.826966312947
617984.917528562713
308992.466855093720
154496.249609171122
77248.157167830708
38624.143310378524
19312.201107898669
9656.359457632661
4828.697522299676
2415.384237067911
1209.762182552453
609.014135003425
312.717057570287
172.347423151343
115.184879300584
101.000915054013
100.004959514202
100.000000122978
