# Region type : patch node2U_0_Inlet_0
#   Faces  : 148
#   Area   : 1.734668e-02
#        Time	areaAverage(T)
     0.999427	3.031500e+02
      2.00049	3.031500e+02
      3.00031	3.031500e+02
      3.99973	3.031500e+02
      4.99982	3.031500e+02
      6.00096	3.031500e+02
      7.00036	3.031500e+02
      8.00025	3.031500e+02
      8.99988	3.031499e+02
    10.001085	3.031498e+02
    11.000692	3.031498e+02
    12.001192	3.031498e+02
    12.999654	3.031497e+02
    14.001553	3.031470e+02
  15.00191378	3.031306e+02
  15.99990726	3.030999e+02
  17.00021302	3.030802e+02
  18.00201162	3.030749e+02
    19.001665	3.030710e+02
 20.001063064	3.030676e+02
 21.000223408	3.030685e+02
 22.000868674	3.030751e+02
 22.999568146	3.030859e+02
  24.00203262	3.030995e+02
25.00206209729	3.031135e+02
25.9997240433	3.031268e+02
27.00155800819	3.031389e+02
28.00198841907	3.031497e+02
29.00100132413	3.031591e+02
30.0012255059946	3.031674e+02
31.0020125996283	3.031745e+02
31.9997203434261	3.031798e+02
33.0000159367413	3.031828e+02
33.9999993471484	3.031825e+02
35.0001409482367123	3.031790e+02
36.0010399662744121	3.031741e+02
37.000256075600312	3.031700e+02
38.0011334139074748	3.031684e+02
39.0001093232681626	3.031694e+02
39.9994296677075454	3.031727e+02
41.001577972869228	3.031770e+02
42.000199945820512	3.031813e+02
43.0015357555295594	3.031853e+02
44.0000908474563985	3.031896e+02
44.999720034311153	3.031958e+02
46.0011036185372717	3.032047e+02
47.0017015365830488	3.032163e+02
48.001828578469862	3.032298e+02
49.0009987208578792	3.032440e+02
50.001646775172766	3.032585e+02
51.0004873107095733	3.032727e+02
52.0004965650810149	3.032866e+02
53.0016782245142934	3.032999e+02
54.0010911490910033	3.033124e+02
55.0018322131206503	3.033241e+02
56.0008311045826801	3.033354e+02
57.0009505745707656	3.033465e+02
58.0018173874204663	3.033578e+02
58.9998754286462415	3.033694e+02
60.0007253884735974	3.033816e+02
61.000729949421661	3.033943e+02
61.9994469747591523	3.034075e+02
62.9997307278246481	3.034215e+02
64.0016132336676264	3.034361e+02
65.0021195847200062	3.034514e+02
66.0013755148593475	3.034671e+02
66.9994618408717173	3.034832e+02
67.9995567282688285	3.034994e+02
69.0018710907051513	3.035160e+02
70.0005020403649496	3.035331e+02
71.0017759000867983	3.035512e+02
71.9997917061677697	3.035707e+02
73.0007626398363385	3.035915e+02
74.0017781164737585	3.036125e+02
74.9999419786135348	3.036306e+02
76.0015844890211554	3.036439e+02
77.00072239299773	3.036525e+02
78.0004746440082357	3.036589e+02
79.0007523688503994	3.036654e+02
80.0017080025030367	3.036738e+02
81.0004119802447349	3.036844e+02
81.9999292237897635	3.036971e+02
83.0001885797195058	3.037110e+02
84.0008505180802274	3.037253e+02
85.0015387397775584	3.037399e+02
86.0016440249805925	3.037548e+02
87.0005454702849761	3.037705e+02
88.0008545399135187	3.037873e+02
89.0021930695815655	3.038053e+02
90.0016302263138357	3.038244e+02
91.002174366868033	3.038448e+02
92.0010182300664496	3.038660e+02
93.0013450760332745	3.038879e+02
94.0003161743501465	3.039100e+02
95.0010570184568053	3.039322e+02
96.0007746328522842	3.039539e+02
96.9996630297850828	3.039750e+02
98.0009484938242394	3.039952e+02
99.0017864968606887	3.040145e+02
99.9993158549129504	3.040328e+02
100.999686726631666	3.040501e+02
101.999978489330886	3.040663e+02
103.000261993464633	3.040814e+02
104.000541499501338	3.040953e+02
105.000800443492778	3.041081e+02
106.001026051885219	3.041197e+02
107.001221026466325	3.041302e+02
108.001370521164162	3.041397e+02
109.001483834954172	3.041480e+02
110.001570880767829	3.041553e+02
111.001639397267027	3.041615e+02
112.001691850402395	3.041669e+02
113.001723550038278	3.041718e+02
114.001722531996805	3.041765e+02
115.001688189451627	3.041811e+02
116.001613455088133	3.041858e+02
117.001515885901682	3.041906e+02
118.001399825818325	3.041953e+02
119.00127979677535	3.041998e+02
120.001166177764588	3.042041e+02
121.001081732862403	3.042081e+02
122.001048584949245	3.042117e+02
123.001071870744425	3.042149e+02
124.001154706657402	3.042175e+02
125.001275712311497	3.042196e+02
126.001409099885151	3.042211e+02
127.001505571405914	3.042220e+02
128.001520918692876	3.042223e+02
129.001402911285169	3.042222e+02
130.001116511936488	3.042218e+02
131.000614246332248	3.042213e+02
131.999921018561707	3.042210e+02
133.002057892161417	3.042209e+02
134.001047481116501	3.042213e+02
134.999918542921648	3.042223e+02
136.001802808679997	3.042241e+02
137.000722192789738	3.042269e+02
137.999722857611772	3.042311e+02
139.001822047630924	3.042369e+02
140.001006477596889	3.042443e+02
141.000279937221819	3.042534e+02
141.999610839514531	3.042640e+02
143.002000997207233	3.042760e+02
144.001416430672435	3.042894e+02
145.000845281827281	3.043040e+02
146.000219852035571	3.043199e+02
146.999516132038053	3.043373e+02
148.001580804985281	3.043563e+02
149.00037623196738	3.043771e+02
150.002041994228136	3.043999e+02
151.000659972712299	3.044250e+02
151.999442445215436	3.044520e+02
153.001677289877819	3.044803e+02
154.00172177073722	3.045098e+02
154.999891828328799	3.045379e+02
155.999586603544287	3.045646e+02
157.001135382558516	3.045880e+02
158.001515024317882	3.046065e+02
159.000452904609233	3.046199e+02
160.000936841011566	3.046282e+02
160.999840760413548	3.046320e+02
162.000128449045548	3.046319e+02
163.001721118222179	3.046284e+02
164.001466615174991	3.046223e+02
164.999469516720637	3.046139e+02
166.001895769050151	3.046033e+02
166.999623230678878	3.045909e+02
168.001980176455106	3.045767e+02
168.999797111832464	3.045612e+02
169.999327931056797	3.045442e+02
171.000741704657912	3.045260e+02
172.000933317836058	3.045065e+02
172.999858258248878	3.044858e+02
174.000459309810481	3.044638e+02
174.999230964081022	3.044406e+02
176.001823974840363	3.044162e+02
177.001677528293413	3.043913e+02
178.001897432278639	3.043663e+02
178.999477284530741	3.043422e+02
180.000876929608779	3.043198e+02
181.000129702013908	3.043000e+02
182.000620718633769	3.042830e+02
182.999341833524653	3.042689e+02
183.999269602900625	3.042573e+02
185.000290159403136	3.042477e+02
185.999138254646653	3.042393e+02
187.00192819901423	3.042312e+02
188.002100753132737	3.042225e+02
188.999401948011354	3.042123e+02
190.000009576696584	3.041997e+02
191.000602512052552	3.041841e+02
192.000903248552049	3.041653e+02
193.000646632122681	3.041430e+02
193.999514181629451	3.041175e+02
195.000731162499932	3.040887e+02
196.001754937982156	3.040569e+02
197.000071045045672	3.040224e+02
198.002007170686312	3.039850e+02
199.000916881997426	3.039448e+02
199.999612353780066	3.039014e+02
201.001058917549273	3.038549e+02
202.002077889812654	3.038044e+02
202.99938204591723	3.037481e+02
204.002095543813795	3.036838e+02
205.000992474260471	3.036113e+02
205.999660504312885	3.035310e+02
207.001238886837569	3.034446e+02
207.999298004801517	3.033563e+02
208.999745348981605	3.032695e+02
210.001458903139991	3.031867e+02
211.000242198910087	3.031085e+02
212.001905389240108	3.030347e+02
213.000223120931452	3.029650e+02
214.001889103766104	3.028994e+02
215.001311938262972	3.028424e+02
216.001580318367957	3.027992e+02
217.001009526045266	3.027726e+02
218.001233887792552	3.027674e+02
219.000201883343749	3.027848e+02
220.000910902737701	3.028098e+02
220.999826318389324	3.028292e+02
221.999484042010948	3.028531e+02
222.999573556478197	3.028822e+02
223.999571260102471	3.029015e+02
224.999167544001807	3.029187e+02
226.001862355567113	3.029382e+02
227.00167849316307	3.029422e+02
228.001230841940497	3.029256e+02
229.000424212989913	3.029001e+02
229.99931272453972	3.028576e+02
231.00035149821332	3.027847e+02
232.000417678477731	3.026979e+02
232.999637483021473	3.026110e+02
234.000027860813049	3.025148e+02
235.001748350051628	3.024214e+02
235.999212579281817	3.023471e+02
237.000768684014673	3.022765e+02
238.000500060854421	3.022103e+02
238.999379413751882	3.021599e+02
240.000061065156473	3.021182e+02
240.999783874352488	3.020807e+02
241.999217412811873	3.020574e+02
243.001333347997786	3.020466e+02
244.000329816981377	3.020422e+02
244.999756118580478	3.020450e+02
245.999764393046519	3.020572e+02
247.000524241728925	3.020763e+02
247.999354188237049	3.020986e+02
248.999494081416515	3.021211e+02
250.001110696175971	3.021413e+02
251.001532993736845	3.021590e+02
252.000921614597075	3.021771e+02
252.999282849031687	3.021967e+02
253.999850497343544	3.022189e+02
255.00004543105274	3.022443e+02
256.000365920649983	3.022707e+02
257.001261638921392	3.022957e+02
257.999548103657958	3.023207e+02
258.99971364117971	3.023534e+02
260.002149025808819	3.024002e+02
261.000921947821837	3.024621e+02
261.99950686948381	3.025340e+02
263.001191272204949	3.026110e+02
263.999778419957408	3.026928e+02
265.00119059435292	3.027786e+02
265.999549940802126	3.028638e+02
267.000749356106553	3.029444e+02
268.000742203287302	3.030158e+02
269.00002621556996	3.030712e+02
270.002192130799926	3.031051e+02
271.001116008764257	3.031137e+02
271.999828284674436	3.030973e+02
273.001202936759398	3.030601e+02
274.001992594249884	3.030103e+02
274.999358152233697	3.029506e+02
276.000078489080693	3.028753e+02
277.001423281625193	3.027832e+02
277.999774269456566	3.026836e+02
279.000338809060509	3.025850e+02
279.999803239072378	3.024884e+02
281.00199923250301	3.023898e+02
282.001237742896592	3.022995e+02
283.000845865006283	3.022243e+02
284.000919283847736	3.021704e+02
285.001505169815289	3.021439e+02
286.001983379887918	3.021417e+02
287.000860649189406	3.021563e+02
287.99976925718363	3.021835e+02
289.001216652992298	3.022194e+02
289.999289276536729	3.022554e+02
291.001202684429529	3.022828e+02
292.001880769330967	3.022939e+02
293.001939873465119	3.022815e+02
294.001406762787269	3.022397e+02
294.999860841462578	3.021695e+02
296.00082332633508	3.020811e+02
296.999440942767023	3.019883e+02
297.999750996092871	3.019032e+02
299.001606963360757	3.018361e+02
300.00096349475109	3.017855e+02
300.999913314513492	3.017473e+02
302.001050523417859	3.017102e+02
303.001211162612037	3.016679e+02
304.000530831946662	3.016235e+02
304.999600659278087	3.015861e+02
306.001009509919697	3.015634e+02
307.001474429075984	3.015506e+02
308.001896955747839	3.015395e+02
309.00215953038952	3.015294e+02
310.002016522719316	3.015224e+02
311.002156067684552	3.015218e+02
312.000057874843549	3.015316e+02
313.001700906769599	3.015489e+02
314.000664442998186	3.015666e+02
314.99977162945703	3.015799e+02
316.001939997220234	3.015871e+02
317.000997667292268	3.015877e+02
317.999963426011846	3.015818e+02
319.001791186184562	3.015716e+02
320.000219021556404	3.015621e+02
321.001332443899855	3.015565e+02
322.002120766446581	3.015518e+02
322.999613956139115	3.015449e+02
324.000053809379779	3.015367e+02
325.000468122121561	3.015296e+02
326.000890696256192	3.015265e+02
327.001340404046516	3.015288e+02
328.00182603880279	3.015331e+02
328.999278542550144	3.015346e+02
329.999826816678308	3.015315e+02
331.000443477589613	3.015237e+02
332.001169817488744	3.015116e+02
333.002032037401875	3.014967e+02
333.999965515217639	3.014796e+02
335.001063632408773	3.014605e+02
335.999158109576854	3.014401e+02
337.000345463513611	3.014203e+02
338.001581848732201	3.014018e+02
338.999866861473265	3.013851e+02
340.001419974520957	3.013709e+02
341.000218753709873	3.013595e+02
341.99940043036537	3.013502e+02
343.002081691835315	3.013444e+02
344.002165716201716	3.013412e+02
344.999681204456522	3.013384e+02
346.000781392031456	3.013349e+02
346.999334514526993	3.013312e+02
348.001509094679818	3.013282e+02
349.001161782293025	3.013264e+02
350.001326394200078	3.013259e+02
351.001923782794222	3.013266e+02
351.999787371269576	3.013286e+02
353.00099769186096	3.013305e+02
353.999316873669443	3.013307e+02
355.00082920103489	3.013297e+02
355.999300697844262	3.013288e+02
357.000823793166319	3.013279e+02
357.999158030478213	3.013265e+02
359.00039992939594	3.013243e+02
360.001480671131844	3.013207e+02
360.9992815597804	3.013146e+02
361.999832472127878	3.013059e+02
362.999959745167416	3.012964e+02
363.999605892666068	3.012873e+02
365.001835951716942	3.012784e+02
366.000550017272076	3.012693e+02
367.0018850279655	3.012590e+02
367.999670433758126	3.012479e+02
369.000128039733795	3.012365e+02
370.000214705158442	3.012254e+02
370.999868519623192	3.012143e+02
371.999156450469172	3.012032e+02
373.001216022510619	3.011931e+02
373.999974084365817	3.011846e+02
375.001560862041572	3.011771e+02
375.999861740929703	3.011703e+02
377.000967028724972	3.011653e+02
378.001810983407267	3.011626e+02
378.999377343020058	3.011611e+02
379.999844133061458	3.011587e+02
381.000195256176255	3.011548e+02
382.000470770755555	3.011500e+02
383.000719578955398	3.011445e+02
384.000990581364249	3.011384e+02
385.001323372423997	3.011318e+02
386.001754888625783	3.011248e+02
386.999259078537648	3.011175e+02
387.999985820435654	3.011096e+02
389.000904470221769	3.011015e+02
390.002048686420665	3.010936e+02
391.000391269022714	3.010867e+02
392.002080357299462	3.010800e+02
393.001021889200786	3.010748e+02
394.000313761127586	3.010715e+02
394.999966805718827	3.010709e+02
396.000000737495156	3.010740e+02
397.000431194506007	3.010804e+02
398.001243466568894	3.010890e+02
398.999326681304808	3.010991e+02
400.000751341692762	3.011099e+02
400.999281060359692	3.011209e+02
402.000994149161556	3.011315e+02
402.999669211328353	3.011408e+02
404.001383904857562	3.011465e+02
404.999927130870162	3.011483e+02
406.001391002587809	3.011472e+02
406.999601684736604	3.011436e+02
408.000681472226745	3.011369e+02
409.001550340285974	3.011273e+02
410.002200812724368	3.011157e+02
410.999564337494576	3.011035e+02
411.999771379263905	3.010910e+02
412.999742635731366	3.010784e+02
413.999472666726717	3.010652e+02
415.002027021528761	3.010514e+02
416.001265735712195	3.010376e+02
417.00027961065382	3.010237e+02
418.002168361128668	3.010095e+02
419.000830570643586	3.009966e+02
419.999348062550951	3.009869e+02
421.000807412155893	3.009806e+02
422.002161809745814	3.009768e+02
423.000363478224813	3.009759e+02
424.001518449690877	3.009783e+02
424.999464893304832	3.009834e+02
426.00030369292142	3.009884e+02
427.00099127452637	3.009902e+02
428.001568160606212	3.009882e+02
429.002064812169294	3.009846e+02
429.99944102865561	3.009815e+02
430.999824061049083	3.009784e+02
432.000154087404724	3.009727e+02
433.000424325204449	3.009626e+02
434.00062092770537	3.009493e+02
435.000747573658373	3.009352e+02
436.00084101232062	3.009209e+02
437.000947099993482	3.009062e+02
438.001104957034727	3.008908e+02
439.001372516108916	3.008751e+02
440.001793093184403	3.008603e+02
440.999341095092859	3.008479e+02
442.000174895068085	3.008385e+02
443.001292886892941	3.008332e+02
443.999676892359332	3.008322e+02
445.001468249921118	3.008368e+02
446.0005412841561	3.008478e+02
446.999933551698859	3.008630e+02
447.99957269268856	3.008788e+02
448.99935313418041	3.008940e+02
449.99913949586778	3.009069e+02
451.001905425055099	3.009154e+02
452.001449724326449	3.009192e+02
453.000827018742655	3.009188e+02
454.000060016313171	3.009140e+02
455.002198157437931	3.009054e+02
456.001073655338701	3.008944e+02
456.999732738333421	3.008811e+02
458.00123783219243	3.008653e+02
458.999413706459279	3.008491e+02
460.000163836696743	3.008335e+02
461.000336822645636	3.008178e+02
462.000008779407551	3.008013e+02
462.999244201045997	3.007834e+02
464.001249828436698	3.007637e+02
465.000203846986892	3.007430e+02
465.999385247298903	3.007258e+02
467.001996124994605	3.007137e+02
468.001911059253757	3.007069e+02
469.002115217306198	3.007053e+02
469.999556206629677	3.007089e+02
471.000370882605068	3.007206e+02
472.001484397526838	3.007437e+02
472.999698394739198	3.007742e+02
474.000987097669451	3.008008e+02
475.002187011345541	3.008136e+02
476.000185397848838	3.008118e+02
477.001116975836737	3.008038e+02
478.001946023577034	3.007959e+02
478.999609814288533	3.007886e+02
480.000200582974514	3.007779e+02
481.000640765223636	3.007609e+02
482.000880314070741	3.007393e+02
483.000829945069484	3.007173e+02
484.000391984001851	3.006974e+02
484.999473983508892	3.006781e+02
486.001053223926704	3.006571e+02
487.002066538891711	3.006336e+02
487.999538386941651	3.006092e+02
488.999719400701622	3.005878e+02
489.999787496733063	3.005721e+02
490.999996222002039	3.005619e+02
492.000537937488446	3.005562e+02
493.001528185545851	3.005604e+02
494.000043348333691	3.005784e+02
494.999208302570253	3.006050e+02
496.002054096217819	3.006351e+02
496.999285033710748	3.006664e+02
497.999897188854902	3.006966e+02
499.000681167292043	3.007192e+02
500.001558474786805	3.007274e+02
500.999446010016641	3.007214e+02
502.000461577364092	3.007095e+02
503.001519412383175	3.006969e+02
503.999515874213841	3.006827e+02
505.000534591473297	3.006630e+02
506.001509888547616	3.006381e+02
507.002099204861224	3.006118e+02
508.001952459607026	3.005876e+02
509.000755663345956	3.005651e+02
510.001486862218997	3.005428e+02
511.001232487120603	3.005200e+02
512.000177563831585	3.004958e+02
513.001789287909901	3.004695e+02
514.00046415512486	3.004463e+02
514.99955479442508	3.004301e+02
515.999219044049141	3.004213e+02
516.999511772298206	3.004244e+02
518.000472374905598	3.004430e+02
519.002131619636771	3.004724e+02
520.001384632439681	3.005089e+02
521.001150454765366	3.005509e+02
522.001295794907037	3.005910e+02
523.001754521802923	3.006194e+02
523.999434406018167	3.006313e+02
525.000470145184181	3.006265e+02
526.001803413179573	3.006147e+02
527.000354396031071	3.006032e+02
527.99915328792224	3.005882e+02
529.001163035952914	3.005658e+02
529.999964345861144	3.005370e+02
531.0012454994461	3.005045e+02
532.001321133686361	3.004723e+02
532.999861796665527	3.004427e+02
534.000023953975301	3.004152e+02
535.001875234300201	3.003869e+02
535.99940115798131	3.003561e+02
536.99917090518386	3.003263e+02
538.001702907333424	3.003002e+02
539.001307213403038	3.002796e+02
540.001295571197147	3.002701e+02
541.001852747266639	3.002787e+02
542.000113862146009	3.003034e+02
542.99925261236649	3.003391e+02
543.999244945956434	3.003835e+02
544.999955860121077	3.004333e+02
546.001297232400361	3.004791e+02
547.000192963765812	3.005126e+02
547.999705276214399	3.005302e+02
548.9999173700038	3.005305e+02
550.000837994252493	3.005201e+02
550.999345650914734	3.005092e+02
552.001515635922487	3.004957e+02
553.001105488295934	3.004733e+02
554.00082469309541	3.004413e+02
555.000167760328509	3.004012e+02
556.001365889407907	3.003561e+02
557.000740602278597	3.003114e+02
558.001320209851997	3.002700e+02
559.000110213892867	3.002318e+02
560.000262559516386	3.001969e+02
560.99926184051003	3.001672e+02
562.0006160463181	3.001425e+02
563.00174009765351	3.001262e+02
564.00014104622926	3.001233e+02
564.999154569082179	3.001397e+02
566.001965079634488	3.001715e+02
566.999655573543009	3.002121e+02
568.001384470371249	3.002616e+02
569.000945280324004	3.003163e+02
570.001321185949223	3.003629e+02
570.999458110319438	3.003930e+02
572.001425298497111	3.004078e+02
573.001173122025079	3.004088e+02
574.001841467247459	3.003986e+02
575.000341047316283	3.003831e+02
575.999699363241348	3.003633e+02
576.999717356763654	3.003371e+02
577.999989358568769	3.003023e+02
578.999885849153543	3.002569e+02
580.001639232646653	3.002024e+02
581.001398899649303	3.001477e+02
582.001953020691985	3.001004e+02
583.000404394710699	3.000628e+02
584.000040789207219	3.000340e+02
585.000977102296929	3.000140e+02
586.000530345756715	3.000007e+02
586.999390607787518	2.999964e+02
588.001144122878259	3.000040e+02
589.000134475393111	3.000253e+02
589.999604690043157	3.000591e+02
590.999772563084207	3.001014e+02
592.000714664528573	3.001488e+02
592.999309139145566	3.001983e+02
594.001520821552276	3.002426e+02
595.001288064761411	3.002741e+02
596.001723137116073	3.002902e+02
596.999821477810087	3.002911e+02
598.00163901190831	3.002845e+02
599.001081933450678	3.002804e+02
600.001234037939525	3.002763e+02
601.001940910154531	3.002644e+02
601.999837888485331	3.002460e+02
603.00074770668266	3.002274e+02
604.001417181059651	3.002088e+02
605.001687215290872	3.001869e+02
606.001423520980666	3.001597e+02
607.000513557763156	3.001298e+02
608.00201169442164	3.001027e+02
609.000056043756331	3.000779e+02
610.001065509754426	3.000529e+02
610.999322067287608	3.000342e+02
612.001290099475682	3.000281e+02
613.00120910368264	3.000354e+02
613.999153626805764	3.000559e+02
615.001215520064648	3.000887e+02
616.001098613251429	3.001314e+02
617.001642391969199	3.001804e+02
617.999697263319149	3.002324e+02
619.001421452946829	3.002816e+02
620.000708426598749	3.003227e+02
621.000582813967867	3.003573e+02
622.001112512948225	3.003869e+02
622.999333074703259	3.004099e+02
624.001526337826249	3.004273e+02
625.001797992750539	3.004416e+02
626.00046178708601	3.004511e+02
627.000823918297669	3.004532e+02
627.99971611159765	3.004490e+02
629.000134610487748	3.004446e+02
630.001969376633838	3.004446e+02
631.002048189577636	3.004483e+02
632.0004285707289	3.004551e+02
633.000140181323104	3.004694e+02
634.000770489483443	3.004966e+02
635.001598749550453	3.005383e+02
636.002066656809347	3.005928e+02
637.001786905906442	3.006567e+02
637.999504703499269	3.007243e+02
639.000633690830796	3.007914e+02
639.99918786834246	3.008542e+02
641.001685653684603	3.009133e+02
641.999542269594372	3.009603e+02
642.999953332245013	3.009854e+02
644.000576416523131	3.009835e+02
645.001570642922729	3.009612e+02
645.999643539166868	3.009290e+02
647.000897338513028	3.008925e+02
647.999393108298932	3.008567e+02
649.001851529181295	3.008256e+02
649.999539178774853	3.008031e+02
651.001794109835942	3.007959e+02
651.999859218567849	3.008124e+02
652.999544433281699	3.008539e+02
653.999801568561224	3.009188e+02
654.999489441358605	3.009955e+02
656.000943333250348	3.010765e+02
657.000535376491371	3.011559e+02
658.000870871285201	3.012225e+02
659.001878863745446	3.012682e+02
660.001233104330709	3.012929e+02
661.000437464629726	3.013016e+02
662.001318534737948	3.012990e+02
662.9991663123335	3.012892e+02
664.000285830275857	3.012751e+02
665.000884472697294	3.012618e+02
666.000710235087126	3.012519e+02
667.000122997112726	3.012453e+02
668.001635112096551	3.012474e+02
669.000913257929483	3.012610e+02
669.999420760518205	3.012805e+02
670.999287944031153	3.012991e+02
672.002072327780297	3.013119e+02
673.000725547593561	3.013146e+02
674.001820541744451	3.013052e+02
675.000683714600314	3.012849e+02
675.999399580010731	3.012597e+02
677.002156536049142	3.012352e+02
678.000592297521962	3.012155e+02
679.002148617484863	3.012019e+02
680.001784788341638	3.011940e+02
680.999746126992932	3.011901e+02
682.001551099061089	3.011877e+02
683.001957194035526	3.011881e+02
683.99943363886166	3.011983e+02
684.999119040938353	3.012256e+02
686.000169280818113	3.012681e+02
687.000927326243527	3.013146e+02
688.001734230271609	3.013562e+02
689.000385540699199	3.013887e+02
690.000102986032516	3.014099e+02
691.000584174011692	3.014203e+02
692.001278119513586	3.014239e+02
692.998810184072113	3.014257e+02
694.000540359068509	3.014309e+02
694.999010773474538	3.014428e+02
695.999565635484373	3.014630e+02
697.001150977339762	3.014912e+02
698.001398222010494	3.015244e+02
698.999725805045159	3.015579e+02
700.001498724736734	3.015885e+02
700.999760782747671	3.016124e+02
702.00030560611242	3.016286e+02
703.001545842853716	3.016380e+02
703.998546867952086	3.016437e+02
705.000921811799685	3.016497e+02
705.99962011738819	3.016587e+02
706.999650543847679	3.016715e+02
708.000666672426519	3.016875e+02
708.999237894717226	3.017064e+02
710.001269207781093	3.017287e+02
711.00068407292008	3.017562e+02
711.999619119693762	3.017907e+02
713.000526590509253	3.018313e+02
713.998803280099537	3.018754e+02
715.000794775426357	3.019222e+02
715.999806607808409	3.019703e+02
717.001147277659015	3.020165e+02
717.999618727621851	3.020576e+02
719.001377582509349	3.020903e+02
719.999845347823111	3.021122e+02
721.000439443962705	3.021236e+02
721.998876129608675	3.021283e+02
722.998944888288406	3.021311e+02
724.00114311208813	3.021359e+02
724.998866032413844	3.021452e+02
726.001106170699586	3.021599e+02
727.001242939658482	3.021814e+02
727.999926591871031	3.022115e+02
728.998559988906209	3.022499e+02
730.001622066776122	3.022946e+02
731.000663074018917	3.023413e+02
731.999073254380278	3.023855e+02
732.999937744622798	3.024248e+02
733.999652488256629	3.024582e+02
735.000101756232084	3.024841e+02
735.999935767415082	3.025006e+02
737.001555677275633	3.025082e+02
737.998609831378303	3.025106e+02
739.000917515005426	3.025123e+02
739.999579389089149	3.025169e+02
741.000865824989205	3.025262e+02
742.001221721286811	3.025405e+02
742.9998251475198	3.025596e+02
743.999381362686222	3.025842e+02
745.000661640020667	3.026151e+02
745.999052092078955	3.026507e+02
746.999024049784566	3.026877e+02
748.001289256029395	3.027230e+02
748.99998594164947	3.027543e+02
750.000493470887022	3.027803e+02
751.00118734312548	3.027999e+02
752.000933119647812	3.028130e+02
752.998936581822591	3.028208e+02
754.001276251013905	3.028258e+02
754.999151737409875	3.028308e+02
755.999553005113967	3.028379e+02
756.999766152413599	3.028483e+02
757.999815231926959	3.028634e+02
758.999249365374908	3.028845e+02
760.00074675962378	3.029118e+02
761.001075912032888	3.029442e+02
762.000603060413027	3.029792e+02
763.000135315137868	3.030140e+02
764.000348738217554	3.030462e+02
765.001515277069643	3.030746e+02
766.000180917357966	3.030993e+02
766.998575464161149	3.031210e+02
767.998928480878021	3.031401e+02
769.0008602609538	3.031569e+02
770.001352425349751	3.031714e+02
771.000882636136907	3.031843e+02
771.999918369505622	3.031973e+02
772.998806968452868	3.032128e+02
774.000941714459373	3.032330e+02
775.000334162326453	3.032585e+02
776.000158078921004	3.032889e+02
777.000362560647091	3.033223e+02
778.000837514654791	3.033568e+02
779.001444253866225	3.033906e+02
779.998932096626277	3.034227e+02
780.999294900777159	3.034526e+02
781.999342827852388	3.034807e+02
782.999108211269913	3.035072e+02
783.998685302788545	3.035326e+02
785.001268894906502	3.035575e+02
786.000626433951197	3.035823e+02
786.999811633585182	3.036075e+02
787.998820800601152	3.036334e+02
789.000829230188174	3.036599e+02
789.999847145920967	3.036869e+02
790.999171168364683	3.037143e+02
791.99902125678841	3.037420e+02
792.999571968755276	3.037701e+02
794.000942685735822	3.037988e+02
795.000039267211605	3.038282e+02
795.999824847008995	3.038586e+02
797.00004227907823	3.038901e+02
798.000352229098212	3.039228e+02
799.000463290113203	3.039560e+02
800.000268040779247	3.039890e+02
800.999871383825734	3.040210e+02
801.999438918668716	3.040515e+02
802.999162635716857	3.040801e+02
803.999150184644463	3.041067e+02
804.999489574434278	3.041313e+02
806.000217659127884	3.041541e+02
807.001365643889585	3.041753e+02
807.99976032352879	3.041954e+02
809.001484647565803	3.042147e+02
810.000193134515371	3.042335e+02
810.998851293064718	3.042523e+02
812.000488119036959	3.042713e+02
812.998858862165093	3.042904e+02
814.000173863743385	3.043097e+02
815.001341913480928	3.043290e+02
815.999389005496141	3.043480e+02
817.000736505305099	3.043670e+02
817.999345361780456	3.043858e+02
819.001619323223736	3.044047e+02
820.001459451422306	3.044235e+02
820.998791650032786	3.044425e+02
821.999835648828935	3.044619e+02
823.001443597258117	3.044818e+02
824.000479166678019	3.045023e+02
825.000061539974695	3.045233e+02
826.000154788647023	3.045448e+02
827.000746153186583	3.045668e+02
827.998702254763771	3.045889e+02
829.000257981022514	3.046112e+02
829.999128928896084	3.046337e+02
831.001489294805879	3.046565e+02
832.000998249167878	3.046793e+02
833.00071269008447	3.047023e+02
834.000566630974504	3.047255e+02
835.000478943295093	3.047488e+02
836.000322319766724	3.047721e+02
836.999960958526117	3.047953e+02
837.999563778135894	3.048181e+02
838.999168539985249	3.048406e+02
839.998830256297879	3.048622e+02
840.998615871871266	3.048828e+02
842.00153524296104	3.049019e+02
843.001203686922736	3.049190e+02
844.000720130980653	3.049338e+02
845.000127664575871	3.049458e+02
845.999454980046153	3.049548e+02
846.998688989041057	3.049607e+02
848.000944380996543	3.049635e+02
848.999961869892672	3.049635e+02
849.998889864095986	3.049603e+02
851.000849864152087	3.049539e+02
851.999601594189471	3.049440e+02
853.001515988440019	3.049304e+02
854.000482909667198	3.049137e+02
854.999656519237647	3.048942e+02
855.99893769661162	3.048726e+02
857.001409319402342	3.048495e+02
858.000850150787869	3.048256e+02
859.00046238222626	3.048013e+02
860.000338609620371	3.047773e+02
861.00055942064489	3.047538e+02
862.00111120017948	3.047309e+02
862.998744885252336	3.047091e+02
863.999562963220342	3.046887e+02
865.000333438597977	3.046699e+02
866.000718484703725	3.046525e+02
867.000381215335096	3.046361e+02
867.999326859724874	3.046201e+02
869.000831713809248	3.046041e+02
869.998731560339024	3.045873e+02
870.99914408124846	3.045685e+02
871.998948856785773	3.045460e+02
873.001251550978509	3.045181e+02
873.999438886644043	3.044832e+02
874.999250714949312	3.044413e+02
876.000331079936132	3.043942e+02
876.999152904660036	3.043456e+02
877.999109606079287	3.043001e+02
879.001226105603337	3.042612e+02
880.000590679232914	3.042311e+02
881.001133877869847	3.042095e+02
882.000326707818431	3.041953e+02
882.998714442753908	3.041851e+02
883.999566477270491	3.041738e+02
884.999493633542215	3.041566e+02
886.001481871908709	3.041296e+02
886.999074026412359	3.040891e+02
888.001361691307693	3.040307e+02
888.998687333536395	3.039560e+02
889.999823340214903	3.038793e+02
891.000206741294278	3.038253e+02
892.001524768773493	3.038074e+02
892.999632733533304	3.038180e+02
893.998726334299249	3.038438e+02
895.001251636017628	3.038881e+02
895.99966766697446	3.039458e+02
897.000914273651915	3.039861e+02
897.99999523874294	3.039879e+02
899.0009590909807	3.039576e+02
900.002533407159831	3.039131e+02
901.001649579413879	3.038717e+02
902.002471845652622	3.038374e+02
903.00037772942153	3.038015e+02
904.002809723267433	3.037535e+02
904.999844958107929	3.036942e+02
905.999949295843749	3.036303e+02
907.000155261807322	3.035623e+02
908.000934451877697	3.034981e+02
909.002379459235726	3.034555e+02
910.001638080394969	3.034353e+02
911.001827591161145	3.034296e+02
912.002161111704822	3.034406e+02
913.000765935814343	3.034653e+02
914.00165379520945	3.034953e+02
915.000358634693953	3.035289e+02
916.000415810124309	3.035640e+02
917.000395916998968	3.035916e+02
918.002309347195592	3.036039e+02
919.001983037054401	3.035927e+02
920.000819481782173	3.035556e+02
921.002363494914448	3.034963e+02
922.000424353145945	3.034227e+02
923.000934642643074	3.033435e+02
923.999918588887567	3.032646e+02
925.002704718492851	3.031907e+02
926.002696914486023	3.031330e+02
927.000086321054596	3.030893e+02
928.001570287640334	3.030505e+02
929.001356130118779	3.030170e+02
930.002757190745569	3.029990e+02
931.001760013499052	3.030033e+02
932.002496640296386	3.030304e+02
933.002770722993091	3.030753e+02
934.001672547361977	3.031272e+02
935.002710266781264	3.031738e+02
936.00106170196193	3.032090e+02
937.001629816131526	3.032293e+02
938.000011724101114	3.032346e+02
939.000753615218969	3.032279e+02
940.001324817527461	3.032085e+02
941.001376824560111	3.031795e+02
942.000125615014554	3.031493e+02
943.000197233623226	3.031213e+02
944.001130840733822	3.030953e+02
945.002318494277233	3.030747e+02
946.000805384652267	3.030667e+02
946.999714333007546	3.030701e+02
948.002760436780932	3.030693e+02
949.000758457107054	3.030535e+02
950.00223440455909	3.030220e+02
950.999915305136028	3.029799e+02
952.002573059240035	3.029303e+02
953.00053643081435	3.028751e+02
953.999817725775301	3.028198e+02
955.000153551236735	3.027748e+02
956.001840701625952	3.027448e+02
957.002536753901836	3.027273e+02
958.002165369327372	3.027178e+02
959.000503621906432	3.027080e+02
960.001241601802349	3.026923e+02
961.00182415570373	3.026736e+02
962.002592048212477	3.026551e+02
963.000411513570498	3.026378e+02
964.001559919866963	3.026238e+02
964.999976972483296	3.026169e+02
966.001702405227775	3.026185e+02
967.000423207178301	3.026268e+02
968.002449167759096	3.026395e+02
969.001325984307641	3.026542e+02
970.002787921842923	3.026699e+02
971.000498195595242	3.026876e+02
972.000557081489774	3.027079e+02
973.002773597749297	3.027286e+02
974.000960477842796	3.027462e+02
975.001521410670648	3.027557e+02
976.001501783840467	3.027513e+02
977.001246241214403	3.027318e+02
978.001257707352806	3.027010e+02
979.001443710795343	3.026636e+02
980.001400281347969	3.026213e+02
981.000942252669802	3.025731e+02
982.000325255523308	3.025213e+02
983.002051484773006	3.024669e+02
984.002475988165884	3.024078e+02
985.002399010116505	3.023503e+02
986.001696966776649	3.023039e+02
986.999810322073017	3.022671e+02
988.00028649169144	3.022422e+02
989.000575804539949	3.022346e+02
990.000659609601257	3.022361e+02
991.000399298362254	3.022414e+02
991.999760921102165	3.022547e+02
993.001898745707194	3.022761e+02
994.000751777808432	3.022973e+02
995.002420509873673	3.023133e+02
996.000894017395353	3.023223e+02
997.002382656525015	3.023209e+02
998.000783479693723	3.023094e+02
999.0022674974648	3.022926e+02
1000.00085560744344	3.022718e+02
1001.00269509692077	3.022437e+02
1002.00166098345005	3.022092e+02
1003.00085863865502	3.021739e+02
1004.0003809664006	3.021404e+02
1005.00023397706707	3.021072e+02
1006.00038472691654	3.020770e+02
1007.00089075079302	3.020535e+02
1008.00176095633424	3.020352e+02
1008.99992234894955	3.020205e+02
1010.00150286438907	3.020113e+02
1011.00038192940849	3.020070e+02
1012.00263615528706	3.020059e+02
1013.00207769701899	3.020084e+02
1014.00173122067895	3.020140e+02
1015.00156740682974	3.020204e+02
1016.00158130024272	3.020269e+02
1017.00179324869418	3.020337e+02
1018.00220893405492	3.020397e+02
1018.99974171588326	3.020441e+02
1020.00057108310989	3.020457e+02
1021.00167020718982	3.020433e+02
1022.00001975314728	3.020373e+02
1023.00181891413922	3.020289e+02
1024.00096705349142	3.020198e+02
1025.00056589157703	3.020102e+02
1026.00061973882362	3.019993e+02
1027.00108111665872	3.019884e+02
1028.00189527269936	3.019795e+02
1028.99992399226335	3.019724e+02
1030.00124467002433	3.019665e+02
1031.00267731200938	3.019619e+02
1032.00105218086173	3.019600e+02
1033.00243969772782	3.019615e+02
1034.00061470947526	3.019659e+02
1035.00168359888221	3.019721e+02
1036.00249860069925	3.019789e+02
1036.99987937622768	3.019865e+02
1037.99987311999075	3.019961e+02
1039.0024032708186	3.020054e+02
1040.00135392480797	3.020090e+02
1040.999878712493	3.020051e+02
1042.00111745941422	3.019969e+02
1043.00206369308444	3.019882e+02
1044.00276709446734	3.019796e+02
1045.00018848085483	3.019706e+02
1046.00048858662194	3.019601e+02
1047.00049681895553	3.019475e+02
1048.00020112822381	3.019338e+02
1049.00268013289315	3.019204e+02
1050.00182109680622	3.019072e+02
1051.00087224398112	3.018930e+02
1051.99989462314875	3.018783e+02
1053.00187506253587	3.018646e+02
1054.00076610413726	3.018518e+02
1054.99973184103737	3.018391e+02
1056.00183053408614	3.018296e+02
1057.00089182120632	3.018279e+02
1057.99995816247588	3.018353e+02
1059.00213397608672	3.018497e+02
1060.00138246242204	3.018671e+02
1061.00080597989427	3.018826e+02
1062.00038595797014	3.018963e+02
1063.00010507932257	3.019097e+02
1063.99993240368121	3.019213e+02
1064.99983997466506	3.019289e+02
1065.99983784852839	3.019299e+02
1066.99997036446234	3.019234e+02
1068.00031321539632	3.019120e+02
1069.00093802167976	3.018992e+02
1070.00186504118665	3.018870e+02
1070.99999787082515	3.018752e+02
1072.00142011894172	3.018626e+02
1072.99992293207129	3.018488e+02
1074.00156718991116	3.018334e+02
1075.00010908368677	3.018184e+02
1076.00164440833282	3.018052e+02
1077.00001577052399	3.017930e+02
1078.00134937508915	3.017835e+02
1079.00261422088397	3.017810e+02
1080.0008004579272	3.017857e+02
1081.00203806036188	3.017953e+02
1082.0000936859808	3.018093e+02
1083.00099232441335	3.018273e+02
1084.00158448389084	3.018454e+02
1085.00184763915036	3.018577e+02
1086.00181224374819	3.018630e+02
1087.00150893746581	3.018640e+02
1088.00097722084752	3.018623e+02
1089.00023644996122	3.018575e+02
1090.00237091644681	3.018477e+02
1091.00128031511258	3.018324e+02
1092.00008777840162	3.018128e+02
1093.00193747221329	3.017914e+02
1094.00075467239367	3.017711e+02
1095.00269191563029	3.017520e+02
1096.00163632915996	3.017318e+02
1097.00066233535199	3.017094e+02
1097.99975699959123	3.016866e+02
1099.00197569590205	3.016648e+02
1100.00121817382069	3.016445e+02
1101.00051497928393	3.016280e+02
1101.99984050122021	3.016194e+02
1103.00230950820651	3.016197e+02
1104.00190742267068	3.016261e+02
1105.00168456578876	3.016394e+02
1106.00158856940266	3.016640e+02
1107.00157376966081	3.016970e+02
1108.00160616706557	3.017264e+02
1109.00165423799626	3.017441e+02
1110.00168722541184	3.017505e+02
1111.00167666294078	3.017529e+02
1112.00164100901338	3.017544e+02
1113.0016082368893	3.017503e+02
1114.0015811704302	3.017375e+02
1115.00158614022598	3.017186e+02
1116.00168214937594	3.016991e+02
1117.00178709406805	3.016814e+02
1118.00170395871783	3.016629e+02
1119.00131608142442	3.016427e+02
1120.00053988737955	3.016217e+02
1121.00244780601156	3.015981e+02
1122.00117117810055	3.015713e+02
1122.99996831972635	3.015448e+02
1124.00184955443547	3.015214e+02
1125.0008117509874	3.015039e+02
1126.00002150219325	3.014960e+02
1127.00255074076676	3.014976e+02
1128.00223106746057	3.015102e+02
1129.00200920869338	3.015399e+02
1130.00177712908544	3.015851e+02
1131.00147374108451	3.016296e+02
1132.00101893863257	3.016573e+02
1133.00041017420335	3.016662e+02
1134.00278128124137	3.016667e+02
1135.00207804170077	3.016652e+02
1136.00142492683199	3.016603e+02
1137.00087033014893	3.016490e+02
1138.00028922801084	3.016308e+02
1139.00244747980901	3.016085e+02
1140.0012223033134	3.015869e+02
1141.00237404415998	3.015664e+02
1142.00238371320052	3.015446e+02
1143.00166866327754	3.015212e+02
1144.00045207131211	3.014951e+02
1145.00140896645394	3.014605e+02
1146.00193472379215	3.014182e+02
1147.0024819924347	3.013777e+02
1148.0000594589801	3.013459e+02
1149.0007810781276	3.013236e+02
1150.00177227282438	3.013163e+02
1151.00016715046763	3.013281e+02
1152.00213740417257	3.013567e+02
1153.0015451623583	3.013989e+02
1154.00134472899663	3.014505e+02
1155.00153888477121	3.014984e+02
1156.00213266585183	3.015309e+02
1157.00006491856539	3.015456e+02
1158.00144956452573	3.015500e+02
1159.00018702758234	3.015509e+02
1160.00243290755111	3.015482e+02
1161.00199624302377	3.015392e+02
1162.00182318344082	3.015237e+02
1163.00178616921221	3.015018e+02
1164.00159441893129	3.014778e+02
1165.00091842607435	3.014540e+02
1166.00231310010463	3.014282e+02
1167.00246377691292	3.013999e+02
1168.00145692360547	3.013694e+02
1168.99942723795084	3.013353e+02
1169.99979268127572	3.012970e+02
1170.9998482534013	3.012593e+02
1171.99977573618571	3.012286e+02
1172.99970711423748	3.012107e+02
1173.99984895071702	3.012129e+02
1175.00048398354443	3.012351e+02
1176.0017852294759	3.012705e+02
1177.00067111765429	3.013160e+02
1178.00000052079463	3.013676e+02
1178.99964776748902	3.014149e+02
1179.9996500149507	3.014469e+02
1181.00011751790998	3.014584e+02
1182.00109274378019	3.014569e+02
1182.99953844046445	3.014540e+02
1184.00161975154674	3.014496e+02
1185.0010952845264	3.014375e+02
1186.00082077057436	3.014161e+02
1187.00052259694871	3.013876e+02
1187.99981967165877	3.013544e+02
1189.00100104239505	3.013197e+02
1190.00075818430082	3.012852e+02
1191.00229925142048	3.012509e+02
1192.00238138700774	3.012161e+02
1193.00115142059485	3.011772e+02
1194.00229233991195	3.011373e+02
1194.99991325910969	3.011027e+02
1196.00023564771027	3.010764e+02
1197.00049059507842	3.010647e+02
1198.00096832561576	3.010728e+02
1199.00196906711221	3.010983e+02
1200.00072330591365	3.011358e+02
1201.00032337418634	3.011830e+02
1202.00070921642305	3.012346e+02
1203.00178901727554	3.012794e+02
1204.00053344729099	3.013109e+02
1205.00006089014664	3.013252e+02
1206.00039809618579	3.013234e+02
1207.00151598089246	3.013165e+02
1208.00035781096744	3.013100e+02
1208.99987153087022	3.012978e+02
1209.99979481689934	3.012767e+02
1210.99990631732817	3.012482e+02
1211.99983363515344	3.012142e+02
1213.0017097821742	3.011764e+02
1214.0021506782607	3.011366e+02
1215.00116107686085	3.010970e+02
1216.00141195242895	3.010595e+02
1217.00038530247593	3.010227e+02
1218.00163738450669	3.009884e+02
1219.00191638025217	3.009606e+02
1220.00175449950575	3.009416e+02
1221.00164270278879	3.009379e+02
1222.00177634713282	3.009523e+02
1223.00238456964007	3.009815e+02
1224.00073988087343	3.010214e+02
1224.99994067277544	3.010704e+02
1225.99988755455593	3.011199e+02
1227.00052770662251	3.011586e+02
1228.00185086165811	3.011828e+02
1229.00085501987633	3.011928e+02
1230.00063862211573	3.011899e+02
1231.00120464337965	3.011804e+02
1231.99946905427805	3.011698e+02
1233.00143015099479	3.011552e+02
1234.00073198825248	3.011332e+02
1235.00016940806972	3.011036e+02
1236.00243736717289	3.010679e+02
1237.00067041578154	3.010304e+02
1238.00048635038979	3.009934e+02
1239.00190729616907	3.009558e+02
1240.00200350179421	3.009171e+02
1241.00072930942611	3.008795e+02
1242.00120417448375	3.008454e+02
1243.00079487614312	3.008178e+02
1244.00003539312388	3.008017e+02
1245.00239127967575	3.008015e+02
1246.00203964125558	3.008167e+02
1247.00225056698514	3.008454e+02
1248.00021967876341	3.008855e+02
1249.00209280594663	3.009350e+02
1250.0017432442155	3.009829e+02
1251.00223105776399	3.010175e+02
1252.00042478383716	3.010379e+02
1253.00236105416661	3.010492e+02
1254.00199279181561	3.010509e+02
1255.00239793528704	3.010436e+02
1256.0004753739197	3.010321e+02
1257.00226193670846	3.010174e+02
1258.00142996505519	3.009987e+02
1259.00078220803221	3.009736e+02
1259.99991128766237	3.009406e+02
1261.00125664209122	3.009015e+02
1262.00120878328926	3.008614e+02
1262.99986208942869	3.008229e+02
1264.00044668269834	3.007842e+02
1264.99972316733647	3.007451e+02
1266.0003879788535	3.007090e+02
1267.00033864845113	3.006815e+02
1267.99998568574119	3.006678e+02
1269.00241130910103	3.006690e+02
1270.00212418921797	3.006843e+02
1270.99949781502346	3.007124e+02
1272.00069961486156	3.007520e+02
1272.99960364584672	3.007981e+02
1274.00234622308585	3.008410e+02
1274.99986669649093	3.008721e+02
1276.00123938136585	3.008909e+02
1277.000207835541	3.009032e+02
1277.99978615834652	3.009093e+02
1278.99999296406304	3.009046e+02
1280.00078588853944	3.008896e+02
1281.00218925132981	3.008694e+02
1282.001000308627	3.008483e+02
1282.99989982189345	3.008260e+02
1284.00160128966195	3.007995e+02
1284.99949913572163	3.007660e+02
1285.99948525349669	3.007272e+02
1287.00143195195619	3.006888e+02
1288.0022296618929	3.006521e+02
1289.00193007721691	3.006154e+02
1290.00039502276127	3.005801e+02
1291.00113276644925	3.005523e+02
1292.00123467932281	3.005375e+02
1293.00090210048734	3.005351e+02
1294.00087284951906	3.005439e+02
1295.00153186770967	3.005670e+02
1295.99987680909931	3.006026e+02
1297.00202598392593	3.006428e+02
1298.00198132145988	3.006788e+02
1298.99978490434228	3.007070e+02
1300.00148177374126	3.007283e+02
1301.00084461737083	3.007448e+02
1302.0007922119737	3.007562e+02
1303.00126152487223	3.007571e+02
1304.00222154247763	3.007442e+02
1305.00055956380015	3.007221e+02
1306.00236143979669	3.006979e+02
1307.00113861308932	3.006742e+02
1307.99970352336413	3.006494e+02
1309.00082301903626	3.006211e+02
1310.00105060529063	3.005883e+02
1311.0001943644661	3.005504e+02
1312.00149514521718	3.005103e+02
1313.00181865880609	3.004738e+02
1314.00101850295437	3.004438e+02
1314.99966948671727	3.004211e+02
1316.00094251422252	3.004067e+02
1317.00175474054163	3.004016e+02
1317.99973445341038	3.004074e+02
1319.0011838583041	3.004250e+02
1320.00006145143266	3.004529e+02
1320.9998786588244	3.004828e+02
1322.00059475559601	3.005095e+02
1323.00210252745683	3.005322e+02
1324.00150249071521	3.005503e+02
1325.001828280268	3.005657e+02
1325.99982418465379	3.005794e+02
1327.00134061151948	3.005878e+02
1327.99995232619585	3.005842e+02
1329.00180752360143	3.005655e+02
1330.00047049555064	3.005385e+02
1331.00202380001542	3.005116e+02
1332.00022600971192	3.004866e+02
1333.00110556656159	3.004598e+02
1334.00157945354044	3.004296e+02
1335.00132119213072	3.003972e+02
1336.00020147994837	3.003643e+02
1337.00144249976211	3.003336e+02
1338.00187539297303	3.003095e+02
1339.00179980415351	3.002929e+02
1340.0016842205041	3.002825e+02
1341.00129452928695	3.002793e+02
1342.00090668375151	3.002830e+02
1343.00106692536019	3.002909e+02
1344.00164754809566	3.003020e+02
1344.9995518319779	3.003163e+02
1346.00117803193439	3.003342e+02
1347.00058294570135	3.003511e+02
1348.00065221684781	3.003645e+02
1349.00136195362552	3.003746e+02
1349.99964389572051	3.003823e+02
1351.00132676663816	3.003870e+02
1352.00010720266232	3.003837e+02
1353.00215635971608	3.003705e+02
1354.00093085089838	3.003497e+02
1355.00229045060428	3.003286e+02
1356.00039744744981	3.003090e+02
1357.00151050956129	3.002873e+02
1358.00223619059966	3.002613e+02
1358.99939708340594	3.002326e+02
1359.99940372392257	3.002040e+02
1361.00212330046543	3.001780e+02
1362.00134583883619	3.001561e+02
1363.00052368254137	3.001387e+02
1363.99970074483099	3.001264e+02
1365.00189773459147	3.001190e+02
1366.00131001497152	3.001150e+02
1367.00107700075932	3.001138e+02
1368.0010993491303	3.001155e+02
1369.00152064225426	3.001191e+02
1370.00242757796013	3.001236e+02
1371.00061275779763	3.001289e+02
1372.00225436233609	3.001350e+02
1373.00132172492476	3.001414e+02
1374.00072976524916	3.001470e+02
1375.00047486011385	3.001499e+02
1376.00057610548834	3.001494e+02
1377.00094119779419	3.001453e+02
1378.00147969323575	3.001380e+02
1379.00206281419082	3.001293e+02
1379.99960835852539	3.001211e+02
1381.00035315717696	3.001111e+02
1382.00117982417487	3.000967e+02
1383.00188842857392	3.000790e+02
1384.00238074751178	3.000617e+02
1384.99956844715962	3.000468e+02
1385.9995144857171	3.000351e+02
1387.00206609297879	3.000269e+02
1388.00113261640308	3.000223e+02
1388.99979272700102	3.000208e+02
1390.00100797844289	3.000223e+02
1391.00175440717067	3.000267e+02
1392.00207531668116	3.000335e+02
1393.00194194733967	3.000427e+02
1394.00136542118298	3.000536e+02
1395.00040574753643	3.000657e+02
1396.00215173643983	3.000785e+02
1397.00054185882527	3.000916e+02
1398.0017606700294	3.001047e+02
1398.99976246545953	3.001173e+02
1400.00067484689248	3.001295e+02
1401.00147965706424	3.001412e+02
1402.00219265735041	3.001522e+02
1402.99974176259661	3.001624e+02
1404.00022969408224	3.001718e+02
1405.00059873208011	3.001801e+02
1406.00078672673521	3.001875e+02
1407.0007648413191	3.001944e+02
1408.00052971976174	3.002005e+02
1409.00002698930848	3.002058e+02
1410.00228156024286	3.002108e+02
1411.00118097564541	3.002163e+02
1411.99975509059163	3.002230e+02
1413.00107292269581	3.002308e+02
1414.00213952720424	3.002390e+02
1414.99992407696914	3.002478e+02
1416.00048167130171	3.002585e+02
1417.00075655608157	3.002718e+02
1418.00076763720131	3.002867e+02
1419.000554672622	3.003016e+02
1420.00014793516266	3.003153e+02
1420.99955837955667	3.003269e+02
1422.00182019670569	3.003372e+02
1423.00086064730885	3.003468e+02
1423.99974808299248	3.003557e+02
1425.00155270657524	3.003635e+02
1426.00021303310587	3.003697e+02
1427.00180606315939	3.003750e+02
1428.00027117868967	3.003787e+02
1429.0017150724359	3.003809e+02
1430.00009498698455	3.003818e+02
1431.00148637769485	3.003814e+02
1431.99983459352961	3.003800e+02
1433.00122372700935	3.003778e+02
1433.99958504823076	3.003743e+02
1435.00099013086469	3.003695e+02
1436.00243049145433	3.003635e+02
1437.00092542327593	3.003570e+02
1437.99958640234604	3.003497e+02
1439.00155438035927	3.003425e+02
1440.0008606903175	3.003368e+02
1441.00067439768281	3.003327e+02
1442.00115921649444	3.003301e+02
1442.9994869696277	3.003287e+02
1444.00200200168956	3.003289e+02
1444.99983316629164	3.003312e+02
1446.00244001918691	3.003361e+02
1447.0009158599828	3.003440e+02
1448.00162168231577	3.003552e+02
1449.00147096406477	3.003702e+02
1450.00031629733826	3.003889e+02
1451.00110556522736	3.004119e+02
1452.00062725779549	3.004397e+02
1453.00189060908019	3.004728e+02
1454.00168470785093	3.005122e+02
1454.99982438806978	3.005586e+02
1456.00234023965163	3.006127e+02
1457.00247151166786	3.006739e+02
1457.99978250547156	3.007427e+02
1459.0000124022597	3.008182e+02
1459.9995264321692	3.008954e+02
1461.0012289927638	3.009717e+02
1462.00232118737358	3.010460e+02
1463.00029809577313	3.011128e+02
1464.00179723596398	3.011668e+02
1465.00072702734246	3.012027e+02
1466.00032453342374	3.012189e+02
1467.0007842909647	3.012240e+02
1468.00233265395582	3.012259e+02
1469.0024429164198	3.012310e+02
1470.00076987063153	3.012394e+02
1471.0020755894061	3.012492e+02
1472.00185651071888	3.012626e+02
1473.0019727176757	3.012813e+02
1474.0018970851163	3.013042e+02
1475.00196698163882	3.013254e+02
1476.00021590997676	3.013404e+02
1477.0006522291103	3.013487e+02
1478.00060194689854	3.013524e+02
1479.00007764097563	3.013532e+02
1479.99938356386815	3.013504e+02
1480.99952132620911	3.013468e+02
1482.00159064828904	3.013495e+02
1483.00023121288996	3.013606e+02
1483.99944084453546	3.013736e+02
1485.00228560442292	3.013829e+02
1486.00048169832712	3.013964e+02
1487.00101512764513	3.014216e+02
1487.99948263876536	3.014532e+02
1489.00164878039186	3.014793e+02
1490.00120211845046	3.014924e+02
1491.00149582673566	3.014907e+02
1491.99957597045659	3.014757e+02
1493.00217855849564	3.014513e+02
1494.00152038810575	3.014254e+02
1495.00232985045204	3.014046e+02
1495.99957868875367	3.013911e+02
1497.00041299866211	3.013832e+02
1498.00228026435752	3.013783e+02
1499.0019717056748	3.013743e+02
1499.99944198550452	3.013718e+02
1501.00197434916413	3.013721e+02
1502.00097798465208	3.013773e+02
1503.00095592908497	3.013881e+02
1504.00100045218869	3.014028e+02
1505.00138450374584	3.014168e+02
1505.99963133765618	3.014273e+02
1507.00218859816141	3.014346e+02
1508.00215459009792	3.014412e+02
1509.00145067798485	3.014501e+02
1510.0004111013784	3.014641e+02
1511.00043633165319	3.014856e+02
1512.00090013349381	3.015145e+02
1513.00150129576082	3.015479e+02
1514.00045613390421	3.015846e+02
1515.0004895439115	3.016246e+02
1516.00064640102619	3.016682e+02
1517.00025946888468	3.017134e+02
1518.00180260865295	3.017560e+02
1519.00094428725606	3.017921e+02
1519.99947743220218	3.018198e+02
1520.99967138157922	3.018396e+02
1522.00110347006535	3.018539e+02
1523.00085806139145	3.018663e+02
1524.00227354593676	3.018797e+02
1525.00214313299193	3.018959e+02
1526.00015786992503	3.019169e+02
1527.00225177713651	3.019447e+02
1528.0001851478421	3.019813e+02
1529.00168708036381	3.020286e+02
1530.00184077485028	3.020847e+02
1531.00138248521512	3.021453e+02
1532.00054613347834	3.022036e+02
1532.99935756371656	3.022544e+02
1534.00080229890591	3.022979e+02
1535.00063800180737	3.023344e+02
1536.00044809441829	3.023601e+02
1537.0024513020403	3.023707e+02
1538.00021715961134	3.023686e+02
1539.00022536233246	3.023611e+02
1539.99965146088675	3.023549e+02
1541.00160632775419	3.023536e+02
1542.00242846992796	3.023586e+02
1543.00146703839664	3.023697e+02
1544.00122770013149	3.023863e+02
1545.00229609782764	3.024087e+02
1546.00005043585611	3.024366e+02
1547.00231625834817	3.024690e+02
1548.00075620504799	3.025028e+02
1549.0018650204122	3.025350e+02
1550.00243819486718	3.025632e+02
1551.0020190543928	3.025860e+02
1552.00188377580912	3.026027e+02
1553.00061469208367	3.026143e+02
1554.00061680319368	3.026231e+02
1555.00160644996754	3.026312e+02
1556.00103445746504	3.026400e+02
1556.9994068021947	3.026503e+02
1558.00018298727855	3.026626e+02
1559.00006911144374	3.026774e+02
1560.00154254704034	3.026956e+02
1561.00136399896451	3.027190e+02
1562.00043796229738	3.027480e+02
1563.00021025949127	3.027814e+02
1564.0019983830025	3.028163e+02
1565.00040247734796	3.028496e+02
1566.00159256775419	3.028800e+02
1567.00076829848354	3.029067e+02
1567.99969698232621	3.029295e+02
1569.00080821864981	3.029480e+02
1570.00041200809414	3.029619e+02
1571.0017829885478	3.029723e+02
1572.00230063813865	3.029806e+02
1572.9994080157328	3.029892e+02
1573.99991457438978	3.030009e+02
1575.00099178592723	3.030175e+02
1575.99936336314477	3.030400e+02
1577.00090348195931	3.030681e+02
1578.0023832285392	3.031007e+02
1579.0006851629214	3.031358e+02
1580.00212364575168	3.031711e+02
1581.00060599417634	3.032043e+02
1582.0022305594332	3.032343e+02
1583.00067724483029	3.032606e+02
1584.00192758469302	3.032839e+02
1585.00235790405236	3.033044e+02
1586.00149275982881	3.033219e+02
1587.00222385816323	3.033365e+02
1588.00146541143567	3.033490e+02
1588.99958546689709	3.033612e+02
1590.00006341164863	3.033756e+02
1591.00005538963728	3.033940e+02
1591.99975114748372	3.034179e+02
1593.00243515408761	3.034472e+02
1594.00204142697703	3.034804e+02
1595.00164709542446	3.035158e+02
1596.00119063272928	3.035513e+02
1597.00052817956089	3.035858e+02
1597.99952182841821	3.036187e+02
1599.00130684936221	3.036498e+02
1599.99981535713846	3.036788e+02
1601.00145051019399	3.037061e+02
1602.00010329296651	3.037318e+02
1603.00191414534584	3.037566e+02
1604.00051873423399	3.037809e+02
1605.00191450489137	3.038053e+02
1605.99975262272596	3.038297e+02
1607.00023190400702	3.038544e+02
1608.00043648950623	3.038794e+02
1609.00055999963502	3.039049e+02
1610.0009170024116	3.039310e+02
1611.001741257418	3.039581e+02
1612.0001706721118	3.039862e+02
1612.999404804264	3.040156e+02
1613.9995002829116	3.040462e+02
1615.0003973314017	3.040781e+02
1616.00190457780104	3.041107e+02
1617.00081760004173	3.041434e+02
1618.00021618120877	3.041758e+02
1619.00012759630522	3.042075e+02
1620.00058389813239	3.042381e+02
1621.00153054397197	3.042675e+02
1621.99990632452636	3.042952e+02
1623.00186297378309	3.043214e+02
1624.00109695929541	3.043459e+02
1625.00060884548589	3.043690e+02
1626.00037577899548	3.043907e+02
1627.00034948603729	3.044115e+02
1628.00057745026311	3.044314e+02
1629.00102148624933	3.044509e+02
1630.00169563352665	3.044702e+02
1630.99943060590749	3.044895e+02
1632.00040985007013	3.045089e+02
1633.00151218209294	3.045283e+02
1633.99962168989737	3.045475e+02
1635.00099494452138	3.045666e+02
1635.99951230194438	3.045854e+02
1637.0015764402583	3.046041e+02
1638.00095035058303	3.046225e+02
1639.00084290852033	3.046410e+02
1640.00127968392349	3.046596e+02
1641.00231041250436	3.046783e+02
1642.00085439373447	3.046970e+02
1643.00006424387175	3.047156e+02
1643.99993741584012	3.047342e+02
1645.00046120292927	3.047526e+02
1646.00154547154466	3.047710e+02
1646.99998948904863	3.047893e+02
1648.0019560656674	3.048075e+02
1649.00108395298275	3.048256e+02
1650.00040923495135	3.048436e+02
1650.9998145295267	3.048614e+02
1652.00228328488492	3.048789e+02
1653.00135786075043	3.048958e+02
1653.99990519593848	3.049117e+02
1655.00094263863707	3.049264e+02
1656.00144990515332	3.049393e+02
1657.001486180342	3.049499e+02
1658.00114828848768	3.049576e+02
1659.00056125673336	3.049621e+02
1659.99983203648662	3.049630e+02
1661.00217269050086	3.049598e+02
1662.00136381713992	3.049524e+02
1663.00060897905269	3.049410e+02
1664.00000080221275	3.049260e+02
1664.99961876574889	3.049077e+02
1665.9994337060391	3.048865e+02
1666.99945094847817	3.048630e+02
1667.99969823608831	3.048379e+02
1669.0002503347398	3.048116e+02
1670.00112697989584	3.047846e+02
1671.00223801401739	3.047572e+02
1672.00029298165714	3.047295e+02
1673.00147125443232	3.047016e+02
1674.0024235614801	3.046740e+02
1674.99991810012102	3.046472e+02
1676.00018549485685	3.046210e+02
1677.00034258195728	3.045949e+02
1678.0006078432657	3.045681e+02
1679.00074318016118	3.045389e+02
1680.00061815672484	3.045056e+02
1680.99996409869118	3.044664e+02
1682.00176703641841	3.044200e+02
1682.9994812510713	3.043673e+02
1684.00210582807949	3.043105e+02
1684.9997232986882	3.042549e+02
1686.00162352087023	3.042057e+02
1686.99928511856547	3.041683e+02
1688.00013261928802	3.041443e+02
1689.00208923491664	3.041324e+02
1689.99973834586353	3.041298e+02
1690.99948128723213	3.041311e+02
1692.00121101059153	3.041299e+02
1693.00136240399593	3.041217e+02
1693.99957141443906	3.041042e+02
1695.00190741234201	3.040764e+02
1696.00013208434189	3.040402e+02
1697.00077737072206	3.039975e+02
1698.00160860480719	3.039549e+02
1699.00195378476951	3.039280e+02
1700.00183178807356	3.039335e+02
1701.00212652200298	3.039689e+02
1702.00197227292597	3.040235e+02
1702.99924638317179	3.040859e+02
1704.00077320654168	3.041386e+02
1704.99997854296589	3.041708e+02
1706.00161548434903	3.041833e+02
1707.00146394703415	3.041736e+02
1707.99926734734345	3.041438e+02
1709.00170158088281	3.041037e+02
1710.00025709872853	3.040586e+02
1711.00200663532223	3.040024e+02
1712.00099446604986	3.039320e+02
1713.00023424793358	3.038537e+02
1713.99943710887783	3.037719e+02
1715.00202866329209	3.036834e+02
1716.00197178756753	3.035980e+02
1716.99942580786842	3.035308e+02
1718.00083168834226	3.034801e+02
1718.99953573065409	3.034493e+02
1720.00078094724836	3.034418e+02
1721.00014633540104	3.034477e+02
1721.99924175523415	3.034586e+02
1723.00042829580616	3.034756e+02
1724.00113965048058	3.034959e+02
1724.99954316198364	3.035116e+02
1726.0002667158908	3.035165e+02
1727.00192361754353	3.035039e+02
1727.99944069978505	3.034650e+02
1728.99928636835784	3.034015e+02
1730.00114352220453	3.033272e+02
1731.00170482415865	3.032571e+02
1732.00057964351049	3.031915e+02
1733.00037499755285	3.031340e+02
1734.00094982649284	3.030908e+02
1734.99938763210798	3.030598e+02
1736.00232569371678	3.030355e+02
1737.00073653296545	3.030226e+02
1738.0009665585801	3.030261e+02
1739.00225875173533	3.030460e+02
1739.99989089831297	3.030833e+02
1741.00141984554466	3.031338e+02
1741.99934770596747	3.031841e+02
1742.99990019412962	3.032260e+02
1744.00091572768224	3.032582e+02
1745.00068450912227	3.032789e+02
1746.00062133516371	3.032880e+02
1747.00198500961801	3.032878e+02
1748.00224695144425	3.032756e+02
1749.00126858479257	3.032521e+02
1750.00161968650377	3.032260e+02
1750.9997092020028	3.032034e+02
1752.00144777802461	3.031848e+02
1753.00026170735805	3.031688e+02
1754.00218669342166	3.031576e+02
1755.00139858895091	3.031481e+02
1756.00128267370133	3.031314e+02
1757.00205770201205	3.031032e+02
1758.00002264717455	3.030635e+02
1759.00062327042133	3.030164e+02
1760.00025216299309	3.029678e+02
1761.00187348628788	3.029170e+02
1762.00212852821619	3.028702e+02
1763.00081485484156	3.028384e+02
1764.00107686984484	3.028210e+02
1764.9998568213789	3.028097e+02
1766.00019417094722	3.028012e+02
1767.0017915733315	3.027922e+02
1768.00125262652091	3.027745e+02
1768.99937462505045	3.027463e+02
1769.99997874569317	3.027151e+02
1771.00060046397971	3.026847e+02
1772.00124592962334	3.026537e+02
1773.00211127545663	3.026243e+02
1774.00011331133851	3.026019e+02
1775.00109214504914	3.025861e+02
1776.00195505511169	3.025746e+02
1776.99985129126799	3.025677e+02
1778.00076166344184	3.025648e+02
1779.00138012028287	3.025658e+02
1780.00177172110102	3.025721e+02
1781.00190062878801	3.025826e+02
1782.00144119139713	3.025937e+02
1783.00066928198794	3.026048e+02
1783.99998476426481	3.026160e+02
1785.00226558580243	3.026233e+02
1786.00144910440167	3.026233e+02
1787.00124547982864	3.026156e+02
1788.00168827893708	3.026012e+02
1789.0022080209028	3.025800e+02
1789.9995911069966	3.025536e+02
1791.00010002287286	3.025240e+02
1792.00026048073732	3.024898e+02
1792.99940565161046	3.024485e+02
1794.00095048029311	3.024038e+02
1795.0022039799876	3.023651e+02
1796.0023919818257	3.023324e+02
1797.0014321338056	3.023046e+02
1798.0031820424424	3.022870e+02
1799.00156390193	3.022779e+02
1800.00253116195722	3.022717e+02
1801.00297931816453	3.022714e+02
1802.00299992428063	3.022795e+02
1803.0026530194275	3.022905e+02
1804.00192578488122	3.022983e+02
1805.000839223203	3.023009e+02
1806.00251118268443	3.022976e+02
1807.00089268304328	3.022871e+02
1808.00212839875189	3.022696e+02
1809.00322868427702	3.022469e+02
1810.00123368741583	3.022202e+02
1811.00235695240326	3.021917e+02
1812.00364398830607	3.021624e+02
1813.00213186630731	3.021333e+02
1814.00095316821785	3.021056e+02
1815.00329309993526	3.020814e+02
1816.00313267045703	3.020614e+02
1817.00359492397411	3.020449e+02
1818.00164024281912	3.020316e+02
1819.00338250235836	3.020218e+02
1820.0026825321338	3.020152e+02
1821.00259879485566	3.020118e+02
1822.00308566601916	3.020117e+02
1823.0010054460347	3.020142e+02
1824.00245336836861	3.020184e+02
1825.00125472971558	3.020238e+02
1826.00354656955096	3.020304e+02
1827.00317555549532	3.020379e+02
1828.00316531953194	3.020455e+02
1829.00344495855757	3.020530e+02
1830.00091375567354	3.020583e+02
1831.00170963893424	3.020604e+02
1832.00275104385969	3.020597e+02
1833.00099577118704	3.020570e+02
1834.00262212345956	3.020525e+02
1835.00145909217144	3.020472e+02
1836.00363627737488	3.020420e+02
1837.00284107066341	3.020373e+02
1838.0020743905136	3.020328e+02
1839.00126184375517	3.020294e+02
1840.00347155332656	3.020272e+02
1841.0025508381018	3.020257e+02
1842.00155061300438	3.020248e+02
1843.00350071229127	3.020247e+02
1844.00220903286663	3.020259e+02
1845.00068662928334	3.020269e+02
1846.00192323909232	3.020275e+02
1847.00263463570627	3.020275e+02
1848.00268451952502	3.020281e+02
1849.00213299693814	3.020288e+02
1850.00100608008006	3.020256e+02
1851.0022153825455	3.020173e+02
1852.00270173464378	3.020068e+02
1853.00272756874369	3.019979e+02
1854.00229258205809	3.019908e+02
1855.0012055603006	3.019834e+02
1856.00257166980896	3.019734e+02
1857.00343100416558	3.019608e+02
1858.00078343365203	3.019455e+02
1859.00083484139236	3.019276e+02
1860.00369642245778	3.019101e+02
1861.00354752279736	3.018964e+02
1862.00350560142761	3.018840e+02
1863.0035626065021	3.018716e+02
1864.00370203119996	3.018594e+02
1865.00088835834981	3.018495e+02
1866.00129610488921	3.018443e+02
1867.0019502342202	3.018434e+02
1868.00292411733312	3.018461e+02
1869.00119235790589	3.018527e+02
1870.00291698685533	3.018642e+02
1871.00203684173857	3.018778e+02
1872.00166842417707	3.018905e+02
1873.00183204891277	3.019017e+02
1874.00253244347687	3.019115e+02
1875.00067797616498	3.019198e+02
1876.00235570301584	3.019258e+02
1877.00134049012922	3.019295e+02
1878.00370017286377	3.019303e+02
1879.00323184173499	3.019278e+02
1880.00296275255596	3.019227e+02
1881.00285955580875	3.019168e+02
1882.00289861750957	3.019104e+02
1883.00301181904797	3.019027e+02
1884.00309687418894	3.018951e+02
1885.00306864686081	3.018892e+02
1886.00284294952485	3.018835e+02
1887.00234465961034	3.018765e+02
1888.00154075534124	3.018699e+02
1889.00351601047259	3.018652e+02
1890.00211980521772	3.018620e+02
1891.00345882449597	3.018607e+02
1892.00132752346803	3.018616e+02
1893.00179110609611	3.018634e+02
1894.00172549117133	3.018636e+02
1895.00114435379396	3.018609e+02
1896.00317729971152	3.018550e+02
1897.00176541026667	3.018473e+02
1898.00310227232353	3.018399e+02
1899.00112432637047	3.018333e+02
1900.00199415479256	3.018255e+02
1901.00268508550562	3.018152e+02
1902.00324489102627	3.018025e+02
1903.00067780807171	3.017879e+02
1904.00116893688096	3.017721e+02
1905.00172753394645	3.017560e+02
1906.00243050581662	3.017398e+02
1907.00331604072176	3.017233e+02
1908.00133635087923	3.017070e+02
1909.00263672734468	3.016914e+02
1910.00112222546841	3.016775e+02
1911.00296088655296	3.016664e+02
1912.00207679922892	3.016591e+02
1913.00157131657738	3.016562e+02
1914.0014659620997	3.016577e+02
1915.00176211387065	3.016641e+02
1916.00241713867035	3.016761e+02
1917.00337970135502	3.016913e+02
1918.00152410672695	3.017064e+02
1919.00295446820815	3.017203e+02
1920.00147821812379	3.017321e+02
1921.00319250787675	3.017419e+02
1922.00190018356329	3.017479e+02
1923.00367667732939	3.017498e+02
1924.00231320394983	3.017470e+02
1925.00085054596752	3.017397e+02
1926.00234658928684	3.017286e+02
1927.00066827513706	3.017152e+02
1928.00197339102033	3.017007e+02
1929.00317185618997	3.016868e+02
1930.00115662418966	3.016740e+02
1931.0020289618908	3.016611e+02
1932.00266997339349	3.016473e+02
1933.00304026816934	3.016326e+02
1934.00312706944919	3.016168e+02
1935.00293311370251	3.016015e+02
1936.00249483846096	3.015893e+02
1937.00187742966887	3.015814e+02
1938.00107481601731	3.015786e+02
1939.00308913791719	3.015820e+02
1940.00173789337691	3.015914e+02
1941.00314031610674	3.016026e+02
1942.00119715363758	3.016114e+02
1943.00207359093361	3.016166e+02
1944.00276290757347	3.016186e+02
1945.00332228851448	3.016179e+02
1946.00069841411573	3.016157e+02
1947.00100086764428	3.016119e+02
1948.00112948035917	3.016044e+02
1949.00105557928305	3.015918e+02
1950.00082971662141	3.015744e+02
1951.00361115546343	3.015534e+02
1952.00337636038716	3.015311e+02
1953.00321626309483	3.015107e+02
1954.00312215679037	3.014935e+02
1955.00307609289462	3.014770e+02
1956.00305144581966	3.014582e+02
1957.00301968329859	3.014364e+02
1958.00297924992606	3.014151e+02
1959.00297882971608	3.013986e+02
1960.00312658187727	3.013899e+02
1961.00358033289103	3.013880e+02
1962.00136260513614	3.013929e+02
1963.00265034820723	3.014079e+02
1964.00129665287682	3.014340e+02
1965.0033080088167	3.014671e+02
1966.00242611211615	3.014982e+02
1967.00166093293751	3.015196e+02
1968.00098542149908	3.015280e+02
1969.003452924155	3.015283e+02
1970.00293097017425	3.015279e+02
1971.00246494421754	3.015275e+02
1972.00199676307739	3.015217e+02
1973.00145048211289	3.015080e+02
1974.00077325672851	3.014890e+02
1975.00299685821983	3.014674e+02
1976.00181342653332	3.014446e+02
1977.00312543315886	3.014222e+02
1978.00365643496116	3.014009e+02
1979.00344036292677	3.013799e+02
1980.0026816542811	3.013578e+02
1981.00158498880023	3.013344e+02
1982.00346116157039	3.013113e+02
1983.002419493557	3.012933e+02
1984.00170847316303	3.012816e+02
1985.00132753220259	3.012767e+02
1986.00126051317852	3.012817e+02
1987.00152162155882	3.013007e+02
1988.00204114705662	3.013348e+02
1989.00275316103739	3.013751e+02
1990.00360847035699	3.014093e+02
1991.00149199161046	3.014301e+02
1992.00253880279774	3.014377e+02
1993.00068093046866	3.014367e+02
1994.00206961461663	3.014327e+02
1995.00364827253907	3.014262e+02
1996.0023038099821	3.014133e+02
1997.00096741491438	3.013936e+02
1998.0024228172017	3.013699e+02
1999.00350276918516	3.013439e+02
2000.00075446259234	3.013179e+02
2001.00296706496329	3.012939e+02
2002.0012220535034	3.012710e+02
2003.00192095665057	3.012468e+02
2004.00176193355696	3.012182e+02
2005.00108269350926	3.011843e+02
2006.00338639999222	3.011511e+02
2007.0027700639771	3.011249e+02
2008.00233465768588	3.011080e+02
2009.00225032238359	3.011060e+02
2010.00273508872078	3.011223e+02
2011.00083002076485	3.011550e+02
2012.00260824764155	3.011999e+02
2013.00191475351971	3.012488e+02
2014.00177235648471	3.012913e+02
2015.00216108675841	3.013223e+02
2016.00306214790498	3.013398e+02
2017.00143718481513	3.013434e+02
2018.00339522475929	3.013397e+02
2019.00281029238272	3.013337e+02
2020.00267571088489	3.013221e+02
2021.00281098375672	3.013033e+02
2022.00296304469157	3.012780e+02
2023.00271257443978	3.012471e+02
2024.00124321984322	3.012131e+02
2025.00122630078977	3.011776e+02
2026.00286915903871	3.011411e+02
2027.00303655528046	3.011038e+02
2028.00179934005905	3.010644e+02
2029.00278567070768	3.010253e+02
2030.00323845515754	3.009923e+02
2031.00350808922417	3.009688e+02
2032.00084460318817	3.009604e+02
2033.0015562340775	3.009701e+02
2034.00281575636041	3.009968e+02
2035.00179230511208	3.010367e+02
2036.0015614141937	3.010870e+02
2037.00202313901968	3.011380e+02
2038.00318164159421	3.011777e+02
2039.00196530910466	3.012030e+02
2040.00143296293118	3.012149e+02
2041.00161664371512	3.012142e+02
2042.00252340873794	3.012057e+02
2043.00111591430982	3.011930e+02
2044.00342272583976	3.011739e+02
2045.00301109498173	3.011492e+02
2046.00267185356074	3.011196e+02
2047.00202035945949	3.010839e+02
2048.00326126993423	3.010433e+02
2049.00286771681613	3.010021e+02
2050.00098288773688	3.009618e+02
2051.00356602766078	3.009218e+02
2052.00170870704915	3.008833e+02
2053.00194536252684	3.008492e+02
2054.00136057740929	3.008220e+02
2055.00356838141215	3.008058e+02
2056.00292317413505	3.008064e+02
2057.00267008224546	3.008246e+02
2058.00304079799389	3.008568e+02
2059.00126023695793	3.009009e+02
2060.00344594271428	3.009544e+02
2061.00341804538948	3.010049e+02
2062.00119629217079	3.010401e+02
2063.0028516889297	3.010600e+02
2064.00222567329592	3.010703e+02
2065.00239829428983	3.010715e+02
2066.00341150416216	3.010639e+02
2067.00219639353782	3.010494e+02
2068.00171200319846	3.010297e+02
2069.0016618419404	3.010061e+02
2070.00171616364332	3.009776e+02
2071.0015048238688	3.009413e+02
2072.00334501653242	3.008972e+02
2073.00342561357093	3.008508e+02
2074.0019323071092	3.008062e+02
2075.00222941611082	3.007637e+02
2076.00096495335811	3.007249e+02
2077.00115350474061	3.006914e+02
2078.00372173416645	3.006681e+02
2079.00288396348196	3.006597e+02
2080.00198859696138	3.006661e+02
2081.00155863485861	3.006865e+02
2082.00185503933471	3.007201e+02
2083.00295785878325	3.007656e+02
2084.00184358332945	3.008163e+02
2085.00162963801267	3.008601e+02
2086.00239181526513	3.008891e+02
2087.00097364334943	3.009052e+02
2088.00332476475933	3.009168e+02
2089.00330772718553	3.009225e+02
2090.0009166415839	3.009172e+02
2091.00225344570572	3.009000e+02
2092.0012445459829	3.008760e+02
2093.0006934425769	3.008513e+02
2094.0032326763012	3.008284e+02
2095.0025080074879	3.008016e+02
2096.00101780323212	3.007646e+02
2097.00124825450257	3.007209e+02
2098.0032595536909	3.006778e+02
2099.00129492441147	3.006368e+02
2100.00075973148159	3.005968e+02
2101.00185287318254	3.005605e+02
2102.00249111287667	3.005355e+02
2103.00240377888713	3.005263e+02
2104.00202410932661	3.005309e+02
2105.00223081911054	3.005485e+02
2106.00310211248643	3.005802e+02
2107.00164171949382	3.006209e+02
2108.00104572009877	3.006614e+02
2109.00142436276656	3.006957e+02
2110.00277566998011	3.007220e+02
2111.00196703177608	3.007428e+02
2112.00191128419783	3.007602e+02
2113.00244528067424	3.007715e+02
2114.003485032551	3.007694e+02
2115.0019373895957	3.007521e+02
2116.00083694385967	3.007250e+02
2117.00311810845051	3.006974e+02
2118.00229165387236	3.006728e+02
2119.0012222957198	3.006475e+02
2120.00269066419878	3.006175e+02
2121.003144314981	3.005816e+02
2122.0024150366994	3.005413e+02
2123.00092105317572	3.005011e+02
2124.00145393584626	3.004664e+02
2125.00094681794053	3.004402e+02
2126.00310919082358	3.004218e+02
2127.00171237041377	3.004118e+02
2128.00296901846423	3.004114e+02
2129.0014414031516	3.004219e+02
2130.00337991044671	3.004424e+02
2131.00294446678481	3.004700e+02
2132.00335781073318	3.004966e+02
2133.00151957377284	3.005201e+02
2134.00361650851119	3.005407e+02
2135.00358297861021	3.005568e+02
2136.00128483326444	3.005705e+02
2137.00275044738373	3.005824e+02
2138.00152180095256	3.005881e+02
2139.00354819323184	3.005809e+02
2140.00265016500089	3.005608e+02
2141.00146836417889	3.005349e+02
2142.00318211652984	3.005103e+02
2143.00171898960298	3.004867e+02
2144.00293483093992	3.004606e+02
2145.00370166064613	3.004311e+02
2146.00083282030437	3.003992e+02
2147.00336573237473	3.003666e+02
2148.00218501494828	3.003381e+02
2149.00370381196899	3.003160e+02
2150.00185310760025	3.003008e+02
2151.00267934925841	3.002928e+02
2152.00352558224495	3.002903e+02
2153.00156079542103	3.002918e+02
2154.00277182069476	3.002978e+02
2155.00126391157755	3.003078e+02
2156.00337579065899	3.003202e+02
2157.00295903740016	3.003337e+02
2158.0031103561796	3.003461e+02
2159.00089488253207	3.003560e+02
2160.00224171053605	3.003633e+02
2161.00088277653049	3.003683e+02
2162.00295674707922	3.003701e+02
2163.0022145830485	3.003663e+02
2164.00151641944831	3.003566e+02
2165.0037007761407	3.003438e+02
2166.0026573043883	3.003312e+02
2167.0046533909699	3.003176e+02
2168.003601550879	3.003000e+02
2169.0024720152578	3.002771e+02
2170.00427070776459	3.002511e+02
2171.00291971750903	3.002246e+02
2172.00451722358275	3.001991e+02
2173.00293606658306	3.001757e+02
2174.00440079226973	3.001549e+02
2175.00287674348783	3.001365e+02
2176.00445491961227	3.001207e+02
2177.00306363457867	3.001080e+02
2178.00493823364604	3.000985e+02
2179.00393298125437	3.000922e+02
2180.00316521739842	3.000887e+02
2181.00270729721115	3.000882e+02
2182.00255340593776	3.000910e+02
2183.0027612512522	3.000966e+02
2184.00343312634368	3.001031e+02
2185.00455711753602	3.001086e+02
2186.00304032911936	3.001117e+02
2187.0050750398068	3.001119e+02
2188.0045447959078	3.001100e+02
2189.00446784087035	3.001062e+02
2190.00478689352713	3.000998e+02
2191.00233478928112	3.000901e+02
2192.00317310535047	3.000768e+02
2193.00414791706407	3.000605e+02
2194.00520597156537	3.000420e+02
2195.00315193152665	3.000223e+02
2196.00401482119923	3.000026e+02
2197.00462871744367	2.999842e+02
2198.00485833761195	2.999686e+02
2199.00465061427531	2.999574e+02
2200.0039397326027	2.999500e+02
2201.00269980830899	2.999457e+02
2202.0039898191972	2.999445e+02
2203.0047052543105	2.999469e+02
