# Region type : patch node2U_0_Outlet_0
#   Faces  : 148
#   Area   : 1.734662e-02
#        Time	areaAverage(T)
     0.999427	3.031500e+02
      2.00049	3.031500e+02
      3.00031	3.031500e+02
      3.99973	3.031500e+02
      4.99982	3.031500e+02
      6.00096	3.031500e+02
      7.00036	3.031500e+02
      8.00025	3.031500e+02
      8.99988	3.031499e+02
    10.001085	3.031498e+02
    11.000692	3.031619e+02
    12.001192	3.031739e+02
    12.999654	3.031858e+02
    14.001553	3.031978e+02
  15.00191378	3.032096e+02
  15.99990726	3.032213e+02
  17.00021302	3.032328e+02
  18.00201162	3.032442e+02
    19.001665	3.032556e+02
 20.001063064	3.032669e+02
 21.000223408	3.032782e+02
 22.000868674	3.032894e+02
 22.999568146	3.033006e+02
  24.00203262	3.033119e+02
25.00206209729	3.033231e+02
25.9997240433	3.033343e+02
27.00155800819	3.033456e+02
28.00198841907	3.033568e+02
29.00100132413	3.033681e+02
30.0012255059946	3.033793e+02
31.0020125996283	3.033905e+02
31.9997203434261	3.034017e+02
33.0000159367413	3.034129e+02
33.9999993471484	3.034240e+02
35.0001409482367123	3.034351e+02
36.0010399662744121	3.034462e+02
37.000256075600312	3.034571e+02
38.0011334139074748	3.034680e+02
39.0001093232681626	3.034789e+02
39.9994296677075454	3.034897e+02
41.001577972869228	3.035005e+02
42.000199945820512	3.035113e+02
43.0015357555295594	3.035221e+02
44.0000908474563985	3.035328e+02
44.999720034311153	3.035435e+02
46.0011036185372717	3.035542e+02
47.0017015365830488	3.035648e+02
48.001828578469862	3.035755e+02
49.0009987208578792	3.035862e+02
50.001646775172766	3.035970e+02
51.0004873107095733	3.036077e+02
52.0004965650810149	3.036184e+02
53.0016782245142934	3.036292e+02
54.0010911490910033	3.036400e+02
55.0018322131206503	3.036507e+02
56.0008311045826801	3.036615e+02
57.0009505745707656	3.036723e+02
58.0018173874204663	3.036831e+02
58.9998754286462415	3.036938e+02
60.0007253884735974	3.037046e+02
61.000729949421661	3.037154e+02
61.9994469747591523	3.037262e+02
62.9997307278246481	3.037370e+02
64.0016132336676264	3.037479e+02
65.0021195847200062	3.037587e+02
66.0013755148593475	3.037696e+02
66.9994618408717173	3.037804e+02
67.9995567282688285	3.037913e+02
69.0018710907051513	3.038023e+02
70.0005020403649496	3.038132e+02
71.0017759000867983	3.038242e+02
71.9997917061677697	3.038352e+02
73.0007626398363385	3.038463e+02
74.0017781164737585	3.038573e+02
74.9999419786135348	3.038684e+02
76.0015844890211554	3.038796e+02
77.00072239299773	3.038907e+02
78.0004746440082357	3.039018e+02
79.0007523688503994	3.039129e+02
80.0017080025030367	3.039240e+02
81.0004119802447349	3.039351e+02
81.9999292237897635	3.039462e+02
83.0001885797195058	3.039573e+02
84.0008505180802274	3.039684e+02
85.0015387397775584	3.039795e+02
86.0016440249805925	3.039906e+02
87.0005454702849761	3.040018e+02
88.0008545399135187	3.040129e+02
89.0021930695815655	3.040241e+02
90.0016302263138357	3.040353e+02
91.002174366868033	3.040466e+02
92.0010182300664496	3.040579e+02
93.0013450760332745	3.040692e+02
94.0003161743501465	3.040806e+02
95.0010570184568053	3.040920e+02
96.0007746328522842	3.041035e+02
96.9996630297850828	3.041150e+02
98.0009484938242394	3.041265e+02
99.0017864968606887	3.041381e+02
99.9993158549129504	3.041497e+02
100.999686726631666	3.041613e+02
101.999978489330886	3.041729e+02
103.000261993464633	3.041846e+02
104.000541499501338	3.041963e+02
105.000800443492778	3.042079e+02
106.001026051885219	3.042196e+02
107.001221026466325	3.042313e+02
108.001370521164162	3.042430e+02
109.001483834954172	3.042546e+02
110.001570880767829	3.042663e+02
111.001639397267027	3.042779e+02
112.001691850402395	3.042895e+02
113.001723550038278	3.043011e+02
114.001722531996805	3.043126e+02
115.001688189451627	3.043242e+02
116.001613455088133	3.043356e+02
117.001515885901682	3.043471e+02
118.001399825818325	3.043586e+02
119.00127979677535	3.043700e+02
120.001166177764588	3.043813e+02
121.001081732862403	3.043927e+02
122.001048584949245	3.044040e+02
123.001071870744425	3.044153e+02
124.001154706657402	3.044266e+02
125.001275712311497	3.044378e+02
126.001409099885151	3.044490e+02
127.001505571405914	3.044601e+02
128.001520918692876	3.044713e+02
129.001402911285169	3.044823e+02
130.001116511936488	3.044933e+02
131.000614246332248	3.045043e+02
131.999921018561707	3.045152e+02
133.002057892161417	3.045261e+02
134.001047481116501	3.045369e+02
134.999918542921648	3.045477e+02
136.001802808679997	3.045585e+02
137.000722192789738	3.045692e+02
137.999722857611772	3.045799e+02
139.001822047630924	3.045906e+02
140.001006477596889	3.046013e+02
141.000279937221819	3.046119e+02
141.999610839514531	3.046226e+02
143.002000997207233	3.046332e+02
144.001416430672435	3.046439e+02
145.000845281827281	3.046545e+02
146.000219852035571	3.046652e+02
146.999516132038053	3.046759e+02
148.001580804985281	3.046867e+02
149.00037623196738	3.046975e+02
150.002041994228136	3.047083e+02
151.000659972712299	3.047192e+02
151.999442445215436	3.047301e+02
153.001677289877819	3.047411e+02
154.00172177073722	3.047522e+02
154.999891828328799	3.047633e+02
155.999586603544287	3.047745e+02
157.001135382558516	3.047858e+02
158.001515024317882	3.047971e+02
159.000452904609233	3.048084e+02
160.000936841011566	3.048198e+02
160.999840760413548	3.048310e+02
162.000128449045548	3.048423e+02
163.001721118222179	3.048535e+02
164.001466615174991	3.048647e+02
164.999469516720637	3.048757e+02
166.001895769050151	3.048867e+02
166.999623230678878	3.048976e+02
168.001980176455106	3.049085e+02
168.999797111832464	3.049191e+02
169.999327931056797	3.049297e+02
171.000741704657912	3.049402e+02
172.000933317836058	3.049506e+02
172.999858258248878	3.049608e+02
174.000459309810481	3.049709e+02
174.999230964081022	3.049809e+02
176.001823974840363	3.049908e+02
177.001677528293413	3.050005e+02
178.001897432278639	3.050101e+02
178.999477284530741	3.050195e+02
180.000876929608779	3.050288e+02
181.000129702013908	3.050380e+02
182.000620718633769	3.050471e+02
182.999341833524653	3.050561e+02
183.999269602900625	3.050650e+02
185.000290159403136	3.050738e+02
185.999138254646653	3.050826e+02
187.00192819901423	3.050913e+02
188.002100753132737	3.050999e+02
188.999401948011354	3.051084e+02
190.000009576696584	3.051169e+02
191.000602512052552	3.051252e+02
192.000903248552049	3.051335e+02
193.000646632122681	3.051417e+02
193.999514181629451	3.051497e+02
195.000731162499932	3.051576e+02
196.001754937982156	3.051653e+02
197.000071045045672	3.051729e+02
198.002007170686312	3.051803e+02
199.000916881997426	3.051875e+02
199.999612353780066	3.051945e+02
201.001058917549273	3.052014e+02
202.002077889812654	3.052080e+02
202.99938204591723	3.052143e+02
204.002095543813795	3.052204e+02
205.000992474260471	3.052262e+02
205.999660504312885	3.052317e+02
207.001238886837569	3.052368e+02
207.999298004801517	3.052415e+02
208.999745348981605	3.052459e+02
210.001458903139991	3.052500e+02
211.000242198910087	3.052536e+02
212.001905389240108	3.052570e+02
213.000223120931452	3.052601e+02
214.001889103766104	3.052629e+02
215.001311938262972	3.052654e+02
216.001580318367957	3.052677e+02
217.001009526045266	3.052699e+02
218.001233887792552	3.052720e+02
219.000201883343749	3.052741e+02
220.000910902737701	3.052763e+02
220.999826318389324	3.052786e+02
221.999484042010948	3.052809e+02
222.999573556478197	3.052834e+02
223.999571260102471	3.052859e+02
224.999167544001807	3.052885e+02
226.001862355567113	3.052912e+02
227.00167849316307	3.052939e+02
228.001230841940497	3.052966e+02
229.000424212989913	3.052991e+02
229.99931272453972	3.053016e+02
231.00035149821332	3.053038e+02
232.000417678477731	3.053056e+02
232.999637483021473	3.053071e+02
234.000027860813049	3.053083e+02
235.001748350051628	3.053090e+02
235.999212579281817	3.053094e+02
237.000768684014673	3.053096e+02
238.000500060854421	3.053094e+02
238.999379413751882	3.053090e+02
240.000061065156473	3.053085e+02
240.999783874352488	3.053078e+02
241.999217412811873	3.053069e+02
243.001333347997786	3.053060e+02
244.000329816981377	3.053051e+02
244.999756118580478	3.053042e+02
245.999764393046519	3.053033e+02
247.000524241728925	3.053024e+02
247.999354188237049	3.053017e+02
248.999494081416515	3.053011e+02
250.001110696175971	3.053005e+02
251.001532993736845	3.053000e+02
252.000921614597075	3.052996e+02
252.999282849031687	3.052993e+02
253.999850497343544	3.052990e+02
255.00004543105274	3.052989e+02
256.000365920649983	3.052988e+02
257.001261638921392	3.052989e+02
257.999548103657958	3.052990e+02
258.99971364117971	3.052993e+02
260.002149025808819	3.052997e+02
261.000921947821837	3.053004e+02
261.99950686948381	3.053013e+02
263.001191272204949	3.053025e+02
263.999778419957408	3.053040e+02
265.00119059435292	3.053058e+02
265.999549940802126	3.053080e+02
267.000749356106553	3.053104e+02
268.000742203287302	3.053132e+02
269.00002621556996	3.053163e+02
270.002192130799926	3.053195e+02
271.001116008764257	3.053227e+02
271.999828284674436	3.053260e+02
273.001202936759398	3.053291e+02
274.001992594249884	3.053320e+02
274.999358152233697	3.053347e+02
276.000078489080693	3.053371e+02
277.001423281625193	3.053392e+02
277.999774269456566	3.053409e+02
279.000338809060509	3.053422e+02
279.999803239072378	3.053431e+02
281.00199923250301	3.053436e+02
282.001237742896592	3.053437e+02
283.000845865006283	3.053435e+02
284.000919283847736	3.053430e+02
285.001505169815289	3.053424e+02
286.001983379887918	3.053417e+02
287.000860649189406	3.053410e+02
287.99976925718363	3.053405e+02
289.001216652992298	3.053400e+02
289.999289276536729	3.053397e+02
291.001202684429529	3.053396e+02
292.001880769330967	3.053395e+02
293.001939873465119	3.053394e+02
294.001406762787269	3.053392e+02
294.999860841462578	3.053388e+02
296.00082332633508	3.053381e+02
296.999440942767023	3.053370e+02
297.999750996092871	3.053356e+02
299.001606963360757	3.053338e+02
300.00096349475109	3.053318e+02
300.999913314513492	3.053297e+02
302.001050523417859	3.053274e+02
303.001211162612037	3.053250e+02
304.000530831946662	3.053224e+02
304.999600659278087	3.053197e+02
306.001009509919697	3.053168e+02
307.001474429075984	3.053139e+02
308.001896955747839	3.053110e+02
309.00215953038952	3.053080e+02
310.002016522719316	3.053050e+02
311.002156067684552	3.053020e+02
312.000057874843549	3.052990e+02
313.001700906769599	3.052961e+02
314.000664442998186	3.052933e+02
314.99977162945703	3.052906e+02
316.001939997220234	3.052879e+02
317.000997667292268	3.052852e+02
317.999963426011846	3.052825e+02
319.001791186184562	3.052798e+02
320.000219021556404	3.052771e+02
321.001332443899855	3.052744e+02
322.002120766446581	3.052716e+02
322.999613956139115	3.052689e+02
324.000053809379779	3.052661e+02
325.000468122121561	3.052633e+02
326.000890696256192	3.052605e+02
327.001340404046516	3.052577e+02
328.00182603880279	3.052549e+02
328.999278542550144	3.052522e+02
329.999826816678308	3.052494e+02
331.000443477589613	3.052467e+02
332.001169817488744	3.052439e+02
333.002032037401875	3.052411e+02
333.999965515217639	3.052382e+02
335.001063632408773	3.052352e+02
335.999158109576854	3.052322e+02
337.000345463513611	3.052292e+02
338.001581848732201	3.052260e+02
338.999866861473265	3.052228e+02
340.001419974520957	3.052196e+02
341.000218753709873	3.052163e+02
341.99940043036537	3.052130e+02
343.002081691835315	3.052097e+02
344.002165716201716	3.052063e+02
344.999681204456522	3.052030e+02
346.000781392031456	3.051997e+02
346.999334514526993	3.051963e+02
348.001509094679818	3.051930e+02
349.001161782293025	3.051897e+02
350.001326394200078	3.051864e+02
351.001923782794222	3.051830e+02
351.999787371269576	3.051798e+02
353.00099769186096	3.051765e+02
353.999316873669443	3.051733e+02
355.00082920103489	3.051700e+02
355.999300697844262	3.051668e+02
357.000823793166319	3.051636e+02
357.999158030478213	3.051604e+02
359.00039992939594	3.051571e+02
360.001480671131844	3.051539e+02
360.9992815597804	3.051507e+02
361.999832472127878	3.051475e+02
362.999959745167416	3.051443e+02
363.999605892666068	3.051410e+02
365.001835951716942	3.051377e+02
366.000550017272076	3.051344e+02
367.0018850279655	3.051310e+02
367.999670433758126	3.051276e+02
369.000128039733795	3.051242e+02
370.000214705158442	3.051208e+02
370.999868519623192	3.051173e+02
371.999156450469172	3.051138e+02
373.001216022510619	3.051103e+02
373.999974084365817	3.051068e+02
375.001560862041572	3.051032e+02
375.999861740929703	3.050996e+02
377.000967028724972	3.050960e+02
378.001810983407267	3.050924e+02
378.999377343020058	3.050888e+02
379.999844133061458	3.050853e+02
381.000195256176255	3.050817e+02
382.000470770755555	3.050781e+02
383.000719578955398	3.050745e+02
384.000990581364249	3.050709e+02
385.001323372423997	3.050673e+02
386.001754888625783	3.050637e+02
386.999259078537648	3.050601e+02
387.999985820435654	3.050564e+02
389.000904470221769	3.050527e+02
390.002048686420665	3.050491e+02
391.000391269022714	3.050454e+02
392.002080357299462	3.050416e+02
393.001021889200786	3.050379e+02
394.000313761127586	3.050342e+02
394.999966805718827	3.050305e+02
396.000000737495156	3.050268e+02
397.000431194506007	3.050231e+02
398.001243466568894	3.050195e+02
398.999326681304808	3.050160e+02
400.000751341692762	3.050124e+02
400.999281060359692	3.050090e+02
402.000994149161556	3.050056e+02
402.999669211328353	3.050023e+02
404.001383904857562	3.049990e+02
404.999927130870162	3.049957e+02
406.001391002587809	3.049924e+02
406.999601684736604	3.049892e+02
408.000681472226745	3.049859e+02
409.001550340285974	3.049826e+02
410.002200812724368	3.049793e+02
410.999564337494576	3.049760e+02
411.999771379263905	3.049726e+02
412.999742635731366	3.049692e+02
413.999472666726717	3.049657e+02
415.002027021528761	3.049622e+02
416.001265735712195	3.049587e+02
417.00027961065382	3.049551e+02
418.002168361128668	3.049515e+02
419.000830570643586	3.049479e+02
419.999348062550951	3.049442e+02
421.000807412155893	3.049405e+02
422.002161809745814	3.049367e+02
423.000363478224813	3.049330e+02
424.001518449690877	3.049294e+02
424.999464893304832	3.049257e+02
426.00030369292142	3.049221e+02
427.00099127452637	3.049185e+02
428.001568160606212	3.049149e+02
429.002064812169294	3.049113e+02
429.99944102865561	3.049078e+02
430.999824061049083	3.049042e+02
432.000154087404724	3.049006e+02
433.000424325204449	3.048970e+02
434.00062092770537	3.048934e+02
435.000747573658373	3.048897e+02
436.00084101232062	3.048860e+02
437.000947099993482	3.048822e+02
438.001104957034727	3.048785e+02
439.001372516108916	3.048746e+02
440.001793093184403	3.048707e+02
440.999341095092859	3.048668e+02
442.000174895068085	3.048628e+02
443.001292886892941	3.048589e+02
443.999676892359332	3.048549e+02
445.001468249921118	3.048509e+02
446.0005412841561	3.048471e+02
446.999933551698859	3.048432e+02
447.99957269268856	3.048395e+02
448.99935313418041	3.048358e+02
449.99913949586778	3.048322e+02
451.001905425055099	3.048286e+02
452.001449724326449	3.048251e+02
453.000827018742655	3.048216e+02
454.000060016313171	3.048182e+02
455.002198157437931	3.048147e+02
456.001073655338701	3.048111e+02
456.999732738333421	3.048076e+02
458.00123783219243	3.048040e+02
458.999413706459279	3.048003e+02
460.000163836696743	3.047966e+02
461.000336822645636	3.047929e+02
462.000008779407551	3.047891e+02
462.999244201045997	3.047853e+02
464.001249828436698	3.047813e+02
465.000203846986892	3.047774e+02
465.999385247298903	3.047733e+02
467.001996124994605	3.047693e+02
468.001911059253757	3.047652e+02
469.002115217306198	3.047611e+02
469.999556206629677	3.047570e+02
471.000370882605068	3.047529e+02
472.001484397526838	3.047490e+02
472.999698394739198	3.047452e+02
474.000987097669451	3.047415e+02
475.002187011345541	3.047379e+02
476.000185397848838	3.047343e+02
477.001116975836737	3.047308e+02
478.001946023577034	3.047272e+02
478.999609814288533	3.047236e+02
480.000200582974514	3.047199e+02
481.000640765223636	3.047163e+02
482.000880314070741	3.047126e+02
483.000829945069484	3.047088e+02
484.000391984001851	3.047049e+02
484.999473983508892	3.047010e+02
486.001053223926704	3.046970e+02
487.002066538891711	3.046929e+02
487.999538386941651	3.046888e+02
488.999719400701622	3.046845e+02
489.999787496733063	3.046803e+02
490.999996222002039	3.046759e+02
492.000537937488446	3.046716e+02
493.001528185545851	3.046673e+02
494.000043348333691	3.046630e+02
494.999208302570253	3.046589e+02
496.002054096217819	3.046549e+02
496.999285033710748	3.046510e+02
497.999897188854902	3.046473e+02
499.000681167292043	3.046436e+02
500.001558474786805	3.046401e+02
500.999446010016641	3.046366e+02
502.000461577364092	3.046330e+02
503.001519412383175	3.046294e+02
503.999515874213841	3.046258e+02
505.000534591473297	3.046221e+02
506.001509888547616	3.046184e+02
507.002099204861224	3.046146e+02
508.001952459607026	3.046106e+02
509.000755663345956	3.046066e+02
510.001486862218997	3.046026e+02
511.001232487120603	3.045984e+02
512.000177563831585	3.045942e+02
513.001789287909901	3.045899e+02
514.00046415512486	3.045855e+02
514.99955479442508	3.045811e+02
515.999219044049141	3.045766e+02
516.999511772298206	3.045721e+02
518.000472374905598	3.045677e+02
519.002131619636771	3.045634e+02
520.001384632439681	3.045592e+02
521.001150454765366	3.045552e+02
522.001295794907037	3.045514e+02
523.001754521802923	3.045478e+02
523.999434406018167	3.045443e+02
525.000470145184181	3.045407e+02
526.001803413179573	3.045372e+02
527.000354396031071	3.045336e+02
527.99915328792224	3.045300e+02
529.001163035952914	3.045263e+02
529.999964345861144	3.045226e+02
531.0012454994461	3.045187e+02
532.001321133686361	3.045147e+02
532.999861796665527	3.045106e+02
534.000023953975301	3.045064e+02
535.001875234300201	3.045022e+02
535.99940115798131	3.044978e+02
536.99917090518386	3.044933e+02
538.001702907333424	3.044887e+02
539.001307213403038	3.044841e+02
540.001295571197147	3.044794e+02
541.001852747266639	3.044747e+02
542.000113862146009	3.044701e+02
542.99925261236649	3.044656e+02
543.999244945956434	3.044613e+02
544.999955860121077	3.044573e+02
546.001297232400361	3.044534e+02
547.000192963765812	3.044497e+02
547.999705276214399	3.044461e+02
548.9999173700038	3.044426e+02
550.000837994252493	3.044391e+02
550.999345650914734	3.044355e+02
552.001515635922487	3.044319e+02
553.001105488295934	3.044283e+02
554.00082469309541	3.044245e+02
555.000167760328509	3.044207e+02
556.001365889407907	3.044166e+02
557.000740602278597	3.044125e+02
558.001320209851997	3.044081e+02
559.000110213892867	3.044036e+02
560.000262559516386	3.043990e+02
560.99926184051003	3.043943e+02
562.0006160463181	3.043895e+02
563.00174009765351	3.043846e+02
564.00014104622926	3.043797e+02
564.999154569082179	3.043748e+02
566.001965079634488	3.043701e+02
566.999655573543009	3.043655e+02
568.001384470371249	3.043611e+02
569.000945280324004	3.043570e+02
570.001321185949223	3.043531e+02
570.999458110319438	3.043493e+02
572.001425298497111	3.043456e+02
573.001173122025079	3.043420e+02
574.001841467247459	3.043384e+02
575.000341047316283	3.043348e+02
575.999699363241348	3.043311e+02
576.999717356763654	3.043273e+02
577.999989358568769	3.043234e+02
578.999885849153543	3.043194e+02
580.001639232646653	3.043151e+02
581.001398899649303	3.043107e+02
582.001953020691985	3.043061e+02
583.000404394710699	3.043014e+02
584.000040789207219	3.042965e+02
585.000977102296929	3.042915e+02
586.000530345756715	3.042865e+02
586.999390607787518	3.042815e+02
588.001144122878259	3.042765e+02
589.000134475393111	3.042716e+02
589.999604690043157	3.042669e+02
590.999772563084207	3.042623e+02
592.000714664528573	3.042578e+02
592.999309139145566	3.042536e+02
594.001520821552276	3.042496e+02
595.001288064761411	3.042458e+02
596.001723137116073	3.042421e+02
596.999821477810087	3.042385e+02
598.00163901190831	3.042348e+02
599.001081933450678	3.042311e+02
600.001234037939525	3.042274e+02
601.001940910154531	3.042237e+02
601.999837888485331	3.042200e+02
603.00074770668266	3.042162e+02
604.001417181059651	3.042124e+02
605.001687215290872	3.042084e+02
606.001423520980666	3.042044e+02
607.000513557763156	3.042003e+02
608.00201169442164	3.041961e+02
609.000056043756331	3.041919e+02
610.001065509754426	3.041875e+02
610.999322067287608	3.041831e+02
612.001290099475682	3.041786e+02
613.00120910368264	3.041741e+02
613.999153626805764	3.041698e+02
615.001215520064648	3.041655e+02
616.001098613251429	3.041614e+02
617.001642391969199	3.041575e+02
617.999697263319149	3.041539e+02
619.001421452946829	3.041504e+02
620.000708426598749	3.041472e+02
621.000582813967867	3.041441e+02
622.001112512948225	3.041411e+02
622.999333074703259	3.041383e+02
624.001526337826249	3.041355e+02
625.001797992750539	3.041329e+02
626.00046178708601	3.041303e+02
627.000823918297669	3.041277e+02
627.99971611159765	3.041251e+02
629.000134610487748	3.041225e+02
630.001969376633838	3.041199e+02
631.002048189577636	3.041174e+02
632.0004285707289	3.041148e+02
633.000140181323104	3.041124e+02
634.000770489483443	3.041100e+02
635.001598749550453	3.041077e+02
636.002066656809347	3.041057e+02
637.001786905906442	3.041039e+02
637.999504703499269	3.041023e+02
639.000633690830796	3.041011e+02
639.99918786834246	3.041001e+02
641.001685653684603	3.040994e+02
641.999542269594372	3.040988e+02
642.999953332245013	3.040985e+02
644.000576416523131	3.040981e+02
645.001570642922729	3.040977e+02
645.999643539166868	3.040973e+02
647.000897338513028	3.040966e+02
647.999393108298932	3.040959e+02
649.001851529181295	3.040950e+02
649.999539178774853	3.040940e+02
651.001794109835942	3.040929e+02
651.999859218567849	3.040919e+02
652.999544433281699	3.040909e+02
653.999801568561224	3.040902e+02
654.999489441358605	3.040898e+02
656.000943333250348	3.040897e+02
657.000535376491371	3.040900e+02
658.000870871285201	3.040905e+02
659.001878863745446	3.040912e+02
660.001233104330709	3.040921e+02
661.000437464629726	3.040930e+02
662.001318534737948	3.040940e+02
662.9991663123335	3.040949e+02
664.000285830275857	3.040957e+02
665.000884472697294	3.040965e+02
666.000710235087126	3.040973e+02
667.000122997112726	3.040980e+02
668.001635112096551	3.040987e+02
669.000913257929483	3.040995e+02
669.999420760518205	3.041002e+02
670.999287944031153	3.041011e+02
672.002072327780297	3.041021e+02
673.000725547593561	3.041030e+02
674.001820541744451	3.041040e+02
675.000683714600314	3.041048e+02
675.999399580010731	3.041056e+02
677.002156536049142	3.041063e+02
678.000592297521962	3.041069e+02
679.002148617484863	3.041074e+02
680.001784788341638	3.041079e+02
680.999746126992932	3.041083e+02
682.001551099061089	3.041088e+02
683.001957194035526	3.041092e+02
683.99943363886166	3.041097e+02
684.999119040938353	3.041102e+02
686.000169280818113	3.041108e+02
687.000927326243527	3.041117e+02
688.001734230271609	3.041127e+02
689.000385540699199	3.041138e+02
690.000102986032516	3.041151e+02
691.000584174011692	3.041163e+02
692.001278119513586	3.041177e+02
692.998810184072113	3.041190e+02
694.000540359068509	3.041203e+02
694.999010773474538	3.041217e+02
695.999565635484373	3.041231e+02
697.001150977339762	3.041247e+02
698.001398222010494	3.041263e+02
698.999725805045159	3.041281e+02
700.001498724736734	3.041300e+02
700.999760782747671	3.041319e+02
702.00030560611242	3.041340e+02
703.001545842853716	3.041361e+02
703.998546867952086	3.041382e+02
705.000921811799685	3.041404e+02
705.99962011738819	3.041425e+02
706.999650543847679	3.041447e+02
708.000666672426519	3.041470e+02
708.999237894717226	3.041493e+02
710.001269207781093	3.041517e+02
711.00068407292008	3.041541e+02
711.999619119693762	3.041567e+02
713.000526590509253	3.041594e+02
713.998803280099537	3.041623e+02
715.000794775426357	3.041653e+02
715.999806607808409	3.041686e+02
717.001147277659015	3.041720e+02
717.999618727621851	3.041755e+02
719.001377582509349	3.041792e+02
719.999845347823111	3.041830e+02
721.000439443962705	3.041869e+02
721.998876129608675	3.041907e+02
722.998944888288406	3.041946e+02
724.00114311208813	3.041984e+02
724.998866032413844	3.042023e+02
726.001106170699586	3.042062e+02
727.001242939658482	3.042101e+02
727.999926591871031	3.042142e+02
728.998559988906209	3.042183e+02
730.001622066776122	3.042226e+02
731.000663074018917	3.042271e+02
731.999073254380278	3.042317e+02
732.999937744622798	3.042365e+02
733.999652488256629	3.042414e+02
735.000101756232084	3.042465e+02
735.999935767415082	3.042515e+02
737.001555677275633	3.042566e+02
737.998609831378303	3.042617e+02
739.000917515005426	3.042668e+02
739.999579389089149	3.042719e+02
741.000865824989205	3.042770e+02
742.001221721286811	3.042821e+02
742.9998251475198	3.042873e+02
743.999381362686222	3.042925e+02
745.000661640020667	3.042978e+02
745.999052092078955	3.043032e+02
746.999024049784566	3.043088e+02
748.001289256029395	3.043145e+02
748.99998594164947	3.043202e+02
750.000493470887022	3.043261e+02
751.00118734312548	3.043321e+02
752.000933119647812	3.043381e+02
752.998936581822591	3.043440e+02
754.001276251013905	3.043501e+02
754.999151737409875	3.043560e+02
755.999553005113967	3.043620e+02
756.999766152413599	3.043681e+02
757.999815231926959	3.043741e+02
758.999249365374908	3.043802e+02
760.00074675962378	3.043863e+02
761.001075912032888	3.043926e+02
762.000603060413027	3.043989e+02
763.000135315137868	3.044054e+02
764.000348738217554	3.044120e+02
765.001515277069643	3.044187e+02
766.000180917357966	3.044254e+02
766.998575464161149	3.044322e+02
767.998928480878021	3.044391e+02
769.0008602609538	3.044460e+02
770.001352425349751	3.044530e+02
771.000882636136907	3.044600e+02
771.999918369505622	3.044670e+02
772.998806968452868	3.044740e+02
774.000941714459373	3.044811e+02
775.000334162326453	3.044882e+02
776.000158078921004	3.044954e+02
777.000362560647091	3.045028e+02
778.000837514654791	3.045102e+02
779.001444253866225	3.045177e+02
779.998932096626277	3.045253e+02
780.999294900777159	3.045331e+02
781.999342827852388	3.045409e+02
782.999108211269913	3.045488e+02
783.998685302788545	3.045567e+02
785.001268894906502	3.045648e+02
786.000626433951197	3.045729e+02
786.999811633585182	3.045810e+02
787.998820800601152	3.045892e+02
789.000829230188174	3.045976e+02
789.999847145920967	3.046059e+02
790.999171168364683	3.046144e+02
791.99902125678841	3.046229e+02
792.999571968755276	3.046315e+02
794.000942685735822	3.046402e+02
795.000039267211605	3.046489e+02
795.999824847008995	3.046578e+02
797.00004227907823	3.046667e+02
798.000352229098212	3.046758e+02
799.000463290113203	3.046849e+02
800.000268040779247	3.046941e+02
800.999871383825734	3.047034e+02
801.999438918668716	3.047128e+02
802.999162635716857	3.047223e+02
803.999150184644463	3.047318e+02
804.999489574434278	3.047415e+02
806.000217659127884	3.047511e+02
807.001365643889585	3.047609e+02
807.99976032352879	3.047706e+02
809.001484647565803	3.047804e+02
810.000193134515371	3.047903e+02
810.998851293064718	3.048001e+02
812.000488119036959	3.048100e+02
812.998858862165093	3.048200e+02
814.000173863743385	3.048300e+02
815.001341913480928	3.048400e+02
815.999389005496141	3.048500e+02
817.000736505305099	3.048602e+02
817.999345361780456	3.048703e+02
819.001619323223736	3.048805e+02
820.001459451422306	3.048906e+02
820.998791650032786	3.049009e+02
821.999835648828935	3.049111e+02
823.001443597258117	3.049215e+02
824.000479166678019	3.049318e+02
825.000061539974695	3.049422e+02
826.000154788647023	3.049524e+02
827.000746153186583	3.049629e+02
827.998702254763771	3.049734e+02
829.000257981022514	3.049840e+02
829.999128928896084	3.049946e+02
831.001489294805879	3.050053e+02
832.000998249167878	3.050160e+02
833.00071269008447	3.050267e+02
834.000566630974504	3.050376e+02
835.000478943295093	3.050484e+02
836.000322319766724	3.050593e+02
836.999960958526117	3.050703e+02
837.999563778135894	3.050813e+02
838.999168539985249	3.050923e+02
839.998830256297879	3.051034e+02
840.998615871871266	3.051145e+02
842.00153524296104	3.051257e+02
843.001203686922736	3.051369e+02
844.000720130980653	3.051481e+02
845.000127664575871	3.051594e+02
845.999454980046153	3.051706e+02
846.998688989041057	3.051818e+02
848.000944380996543	3.051930e+02
848.999961869892672	3.052041e+02
849.998889864095986	3.052152e+02
851.000849864152087	3.052262e+02
851.999601594189471	3.052372e+02
853.001515988440019	3.052481e+02
854.000482909667198	3.052588e+02
854.999656519237647	3.052694e+02
855.99893769661162	3.052799e+02
857.001409319402342	3.052904e+02
858.000850150787869	3.053006e+02
859.00046238222626	3.053107e+02
860.000338609620371	3.053207e+02
861.00055942064489	3.053305e+02
862.00111120017948	3.053403e+02
862.998744885252336	3.053498e+02
863.999562963220342	3.053593e+02
865.000333438597977	3.053686e+02
866.000718484703725	3.053779e+02
867.000381215335096	3.053870e+02
867.999326859724874	3.053960e+02
869.000831713809248	3.054050e+02
869.998731560339024	3.054138e+02
870.99914408124846	3.054225e+02
871.998948856785773	3.054311e+02
873.001251550978509	3.054396e+02
873.999438886644043	3.054479e+02
874.999250714949312	3.054561e+02
876.000331079936132	3.054640e+02
876.999152904660036	3.054717e+02
877.999109606079287	3.054792e+02
879.001226105603337	3.054865e+02
880.000590679232914	3.054936e+02
881.001133877869847	3.055006e+02
882.000326707818431	3.055075e+02
882.998714442753908	3.055143e+02
883.999566477270491	3.055210e+02
884.999493633542215	3.055277e+02
886.001481871908709	3.055342e+02
886.999074026412359	3.055406e+02
888.001361691307693	3.055468e+02
888.998687333536395	3.055526e+02
889.999823340214903	3.055582e+02
891.000206741294278	3.055635e+02
892.001524768773493	3.055686e+02
892.999632733533304	3.055736e+02
893.998726334299249	3.055787e+02
895.001251636017628	3.055840e+02
895.99966766697446	3.055894e+02
897.000914273651915	3.055950e+02
897.99999523874294	3.056006e+02
899.0009590909807	3.056063e+02
900.002533407159831	3.056117e+02
901.001649579413879	3.056169e+02
902.002471845652622	3.056219e+02
903.00037772942153	3.056268e+02
904.002809723267433	3.056315e+02
904.999844958107929	3.056360e+02
905.999949295843749	3.056402e+02
907.000155261807322	3.056441e+02
908.000934451877697	3.056477e+02
909.002379459235726	3.056512e+02
910.001638080394969	3.056544e+02
911.001827591161145	3.056576e+02
912.002161111704822	3.056608e+02
913.000765935814343	3.056641e+02
914.00165379520945	3.056675e+02
915.000358634693953	3.056709e+02
916.000415810124309	3.056745e+02
917.000395916998968	3.056783e+02
918.002309347195592	3.056820e+02
919.001983037054401	3.056858e+02
920.000819481782173	3.056895e+02
921.002363494914448	3.056929e+02
922.000424353145945	3.056961e+02
923.000934642643074	3.056989e+02
923.999918588887567	3.057015e+02
925.002704718492851	3.057037e+02
926.002696914486023	3.057056e+02
927.000086321054596	3.057073e+02
928.001570287640334	3.057089e+02
929.001356130118779	3.057103e+02
930.002757190745569	3.057116e+02
931.001760013499052	3.057129e+02
932.002496640296386	3.057142e+02
933.002770722993091	3.057156e+02
934.001672547361977	3.057173e+02
935.002710266781264	3.057191e+02
936.00106170196193	3.057211e+02
937.001629816131526	3.057232e+02
938.000011724101114	3.057254e+02
939.000753615218969	3.057275e+02
940.001324817527461	3.057296e+02
941.001376824560111	3.057315e+02
942.000125615014554	3.057334e+02
943.000197233623226	3.057351e+02
944.001130840733822	3.057367e+02
945.002318494277233	3.057382e+02
946.000805384652267	3.057396e+02
946.999714333007546	3.057411e+02
948.002760436780932	3.057425e+02
949.000758457107054	3.057439e+02
950.00223440455909	3.057452e+02
950.999915305136028	3.057463e+02
952.002573059240035	3.057473e+02
953.00053643081435	3.057480e+02
953.999817725775301	3.057485e+02
955.000153551236735	3.057488e+02
956.001840701625952	3.057490e+02
957.002536753901836	3.057490e+02
958.002165369327372	3.057490e+02
959.000503621906432	3.057490e+02
960.001241601802349	3.057489e+02
961.00182415570373	3.057488e+02
962.002592048212477	3.057486e+02
963.000411513570498	3.057483e+02
964.001559919866963	3.057479e+02
964.999976972483296	3.057475e+02
966.001702405227775	3.057471e+02
967.000423207178301	3.057468e+02
968.002449167759096	3.057464e+02
969.001325984307641	3.057461e+02
970.002787921842923	3.057459e+02
971.000498195595242	3.057458e+02
972.000557081489774	3.057457e+02
973.002773597749297	3.057457e+02
974.000960477842796	3.057458e+02
975.001521410670648	3.057459e+02
976.001501783840467	3.057461e+02
977.001246241214403	3.057462e+02
978.001257707352806	3.057462e+02
979.001443710795343	3.057460e+02
980.001400281347969	3.057458e+02
981.000942252669802	3.057453e+02
982.000325255523308	3.057446e+02
983.002051484773006	3.057437e+02
984.002475988165884	3.057426e+02
985.002399010116505	3.057413e+02
986.001696966776649	3.057398e+02
986.999810322073017	3.057381e+02
988.00028649169144	3.057363e+02
989.000575804539949	3.057344e+02
990.000659609601257	3.057325e+02
991.000399298362254	3.057307e+02
991.999760921102165	3.057289e+02
993.001898745707194	3.057271e+02
994.000751777808432	3.057255e+02
995.002420509873673	3.057239e+02
996.000894017395353	3.057225e+02
997.002382656525015	3.057210e+02
998.000783479693723	3.057195e+02
999.0022674974648	3.057179e+02
1000.00085560744344	3.057163e+02
1001.00269509692077	3.057146e+02
1002.00166098345005	3.057128e+02
1003.00085863865502	3.057108e+02
1004.0003809664006	3.057088e+02
1005.00023397706707	3.057065e+02
1006.00038472691654	3.057042e+02
1007.00089075079302	3.057018e+02
1008.00176095633424	3.056993e+02
1008.99992234894955	3.056967e+02
1010.00150286438907	3.056941e+02
1011.00038192940849	3.056915e+02
1012.00263615528706	3.056889e+02
1013.00207769701899	3.056863e+02
1014.00173122067895	3.056837e+02
1015.00156740682974	3.056812e+02
1016.00158130024272	3.056787e+02
1017.00179324869418	3.056762e+02
1018.00220893405492	3.056738e+02
1018.99974171588326	3.056714e+02
1020.00057108310989	3.056690e+02
1021.00167020718982	3.056667e+02
1022.00001975314728	3.056643e+02
1023.00181891413922	3.056619e+02
1024.00096705349142	3.056595e+02
1025.00056589157703	3.056570e+02
1026.00061973882362	3.056546e+02
1027.00108111665872	3.056521e+02
1028.00189527269936	3.056495e+02
1028.99992399226335	3.056470e+02
1030.00124467002433	3.056444e+02
1031.00267731200938	3.056418e+02
1032.00105218086173	3.056392e+02
1033.00243969772782	3.056366e+02
1034.00061470947526	3.056340e+02
1035.00168359888221	3.056315e+02
1036.00249860069925	3.056290e+02
1036.99987937622768	3.056266e+02
1037.99987311999075	3.056242e+02
1039.0024032708186	3.056218e+02
1040.00135392480797	3.056195e+02
1040.999878712493	3.056171e+02
1042.00111745941422	3.056148e+02
1043.00206369308444	3.056124e+02
1044.00276709446734	3.056101e+02
1045.00018848085483	3.056077e+02
1046.00048858662194	3.056052e+02
1047.00049681895553	3.056027e+02
1048.00020112822381	3.056002e+02
1049.00268013289315	3.055977e+02
1050.00182109680622	3.055951e+02
1051.00087224398112	3.055924e+02
1051.99989462314875	3.055897e+02
1053.00187506253587	3.055870e+02
1054.00076610413726	3.055842e+02
1054.99973184103737	3.055814e+02
1056.00183053408614	3.055785e+02
1057.00089182120632	3.055756e+02
1057.99995816247588	3.055728e+02
1059.00213397608672	3.055700e+02
1060.00138246242204	3.055673e+02
1061.00080597989427	3.055647e+02
1062.00038595797014	3.055621e+02
1063.00010507932257	3.055596e+02
1063.99993240368121	3.055571e+02
1064.99983997466506	3.055547e+02
1065.99983784852839	3.055524e+02
1066.99997036446234	3.055500e+02
1068.00031321539632	3.055476e+02
1069.00093802167976	3.055452e+02
1070.00186504118665	3.055427e+02
1070.99999787082515	3.055402e+02
1072.00142011894172	3.055376e+02
1072.99992293207129	3.055350e+02
1074.00156718991116	3.055324e+02
1075.00010908368677	3.055297e+02
1076.00164440833282	3.055269e+02
1077.00001577052399	3.055242e+02
1078.00134937508915	3.055213e+02
1079.00261422088397	3.055185e+02
1080.0008004579272	3.055157e+02
1081.00203806036188	3.055129e+02
1082.0000936859808	3.055102e+02
1083.00099232441335	3.055076e+02
1084.00158448389084	3.055050e+02
1085.00184763915036	3.055026e+02
1086.00181224374819	3.055001e+02
1087.00150893746581	3.054977e+02
1088.00097722084752	3.054953e+02
1089.00023644996122	3.054929e+02
1090.00237091644681	3.054905e+02
1091.00128031511258	3.054880e+02
1092.00008777840162	3.054855e+02
1093.00193747221329	3.054829e+02
1094.00075467239367	3.054802e+02
1095.00269191563029	3.054774e+02
1096.00163632915996	3.054746e+02
1097.00066233535199	3.054718e+02
1097.99975699959123	3.054688e+02
1099.00197569590205	3.054657e+02
1100.00121817382069	3.054626e+02
1101.00051497928393	3.054595e+02
1101.99984050122021	3.054563e+02
1103.00230950820651	3.054530e+02
1104.00190742267068	3.054498e+02
1105.00168456578876	3.054467e+02
1106.00158856940266	3.054437e+02
1107.00157376966081	3.054407e+02
1108.00160616706557	3.054380e+02
1109.00165423799626	3.054353e+02
1110.00168722541184	3.054327e+02
1111.00167666294078	3.054301e+02
1112.00164100901338	3.054275e+02
1113.0016082368893	3.054249e+02
1114.0015811704302	3.054223e+02
1115.00158614022598	3.054197e+02
1116.00168214937594	3.054170e+02
1117.00178709406805	3.054142e+02
1118.00170395871783	3.054114e+02
1119.00131608142442	3.054085e+02
1120.00053988737955	3.054055e+02
1121.00244780601156	3.054025e+02
1122.00117117810055	3.053993e+02
1122.99996831972635	3.053961e+02
1124.00184955443547	3.053928e+02
1125.0008117509874	3.053894e+02
1126.00002150219325	3.053860e+02
1127.00255074076676	3.053825e+02
1128.00223106746057	3.053791e+02
1129.00200920869338	3.053759e+02
1130.00177712908544	3.053727e+02
1131.00147374108451	3.053698e+02
1132.00101893863257	3.053670e+02
1133.00041017420335	3.053644e+02
1134.00278128124137	3.053617e+02
1135.00207804170077	3.053591e+02
1136.00142492683199	3.053564e+02
1137.00087033014893	3.053537e+02
1138.00028922801084	3.053510e+02
1139.00244747980901	3.053482e+02
1140.0012223033134	3.053453e+02
1141.00237404415998	3.053424e+02
1142.00238371320052	3.053394e+02
1143.00166866327754	3.053363e+02
1144.00045207131211	3.053331e+02
1145.00140896645394	3.053298e+02
1146.00193472379215	3.053264e+02
1147.0024819924347	3.053228e+02
1148.0000594589801	3.053191e+02
1149.0007810781276	3.053153e+02
1150.00177227282438	3.053115e+02
1151.00016715046763	3.053077e+02
1152.00213740417257	3.053039e+02
1153.0015451623583	3.053003e+02
1154.00134472899663	3.052970e+02
1155.00153888477121	3.052938e+02
1156.00213266585183	3.052908e+02
1157.00006491856539	3.052880e+02
1158.00144956452573	3.052851e+02
1159.00018702758234	3.052823e+02
1160.00243290755111	3.052795e+02
1161.00199624302377	3.052767e+02
1162.00182318344082	3.052739e+02
1163.00178616921221	3.052710e+02
1164.00159441893129	3.052680e+02
1165.00091842607435	3.052649e+02
1166.00231310010463	3.052618e+02
1167.00246377691292	3.052585e+02
1168.00145692360547	3.052552e+02
1168.99942723795084	3.052518e+02
1169.99979268127572	3.052482e+02
1170.9998482534013	3.052444e+02
1171.99977573618571	3.052405e+02
1172.99970711423748	3.052366e+02
1173.99984895071702	3.052326e+02
1175.00048398354443	3.052287e+02
1176.0017852294759	3.052249e+02
1177.00067111765429	3.052214e+02
1178.00000052079463	3.052180e+02
1178.99964776748902	3.052148e+02
1179.9996500149507	3.052118e+02
1181.00011751790998	3.052089e+02
1182.00109274378019	3.052060e+02
1182.99953844046445	3.052032e+02
1184.00161975154674	3.052003e+02
1185.0010952845264	3.051974e+02
1186.00082077057436	3.051945e+02
1187.00052259694871	3.051914e+02
1187.99981967165877	3.051883e+02
1189.00100104239505	3.051850e+02
1190.00075818430082	3.051816e+02
1191.00229925142048	3.051781e+02
1192.00238138700774	3.051744e+02
1193.00115142059485	3.051707e+02
1194.00229233991195	3.051668e+02
1194.99991325910969	3.051627e+02
1196.00023564771027	3.051586e+02
1197.00049059507842	3.051543e+02
1198.00096832561576	3.051501e+02
1199.00196906711221	3.051460e+02
1200.00072330591365	3.051420e+02
1201.00032337418634	3.051382e+02
1202.00070921642305	3.051346e+02
1203.00178901727554	3.051313e+02
1204.00053344729099	3.051281e+02
1205.00006089014664	3.051250e+02
1206.00039809618579	3.051219e+02
1207.00151598089246	3.051188e+02
1208.00035781096744	3.051157e+02
1208.99987153087022	3.051126e+02
1209.99979481689934	3.051095e+02
1210.99990631732817	3.051062e+02
1211.99983363515344	3.051029e+02
1213.0017097821742	3.050994e+02
1214.0021506782607	3.050957e+02
1215.00116107686085	3.050919e+02
1216.00141195242895	3.050880e+02
1217.00038530247593	3.050840e+02
1218.00163738450669	3.050798e+02
1219.00191638025217	3.050755e+02
1220.00175449950575	3.050712e+02
1221.00164270278879	3.050668e+02
1222.00177634713282	3.050624e+02
1223.00238456964007	3.050582e+02
1224.00073988087343	3.050541e+02
1224.99994067277544	3.050502e+02
1225.99988755455593	3.050465e+02
1227.00052770662251	3.050430e+02
1228.00185086165811	3.050397e+02
1229.00085501987633	3.050364e+02
1230.00063862211573	3.050332e+02
1231.00120464337965	3.050299e+02
1231.99946905427805	3.050266e+02
1233.00143015099479	3.050233e+02
1234.00073198825248	3.050199e+02
1235.00016940806972	3.050165e+02
1236.00243736717289	3.050129e+02
1237.00067041578154	3.050092e+02
1238.00048635038979	3.050053e+02
1239.00190729616907	3.050013e+02
1240.00200350179421	3.049972e+02
1241.00072930942611	3.049929e+02
1242.00120417448375	3.049886e+02
1243.00079487614312	3.049841e+02
1244.00003539312388	3.049795e+02
1245.00239127967575	3.049749e+02
1246.00203964125558	3.049704e+02
1247.00225056698514	3.049660e+02
1248.00021967876341	3.049617e+02
1249.00209280594663	3.049576e+02
1250.0017432442155	3.049538e+02
1251.00223105776399	3.049501e+02
1252.00042478383716	3.049466e+02
1253.00236105416661	3.049431e+02
1254.00199279181561	3.049397e+02
1255.00239793528704	3.049362e+02
1256.0004753739197	3.049328e+02
1257.00226193670846	3.049293e+02
1258.00142996505519	3.049257e+02
1259.00078220803221	3.049221e+02
1259.99991128766237	3.049184e+02
1261.00125664209122	3.049145e+02
1262.00120878328926	3.049106e+02
1262.99986208942869	3.049064e+02
1264.00044668269834	3.049022e+02
1264.99972316733647	3.048977e+02
1266.0003879788535	3.048932e+02
1267.00033864845113	3.048885e+02
1267.99998568574119	3.048838e+02
1269.00241130910103	3.048791e+02
1270.00212418921797	3.048744e+02
1270.99949781502346	3.048699e+02
1272.00069961486156	3.048655e+02
1272.99960364584672	3.048612e+02
1274.00234622308585	3.048572e+02
1274.99986669649093	3.048533e+02
1276.00123938136585	3.048496e+02
1277.000207835541	3.048459e+02
1277.99978615834652	3.048423e+02
1278.99999296406304	3.048387e+02
1280.00078588853944	3.048351e+02
1281.00218925132981	3.048314e+02
1282.001000308627	3.048276e+02
1282.99989982189345	3.048238e+02
1284.00160128966195	3.048199e+02
1284.99949913572163	3.048159e+02
1285.99948525349669	3.048118e+02
1287.00143195195619	3.048075e+02
1288.0022296618929	3.048031e+02
1289.00193007721691	3.047985e+02
1290.00039502276127	3.047939e+02
1291.00113276644925	3.047891e+02
1292.00123467932281	3.047843e+02
1293.00090210048734	3.047794e+02
1294.00087284951906	3.047746e+02
1295.00153186770967	3.047699e+02
1295.99987680909931	3.047653e+02
1297.00202598392593	3.047608e+02
1298.00198132145988	3.047566e+02
1298.99978490434228	3.047525e+02
1300.00148177374126	3.047485e+02
1301.00084461737083	3.047446e+02
1302.0007922119737	3.047407e+02
1303.00126152487223	3.047369e+02
1304.00222154247763	3.047331e+02
1305.00055956380015	3.047293e+02
1306.00236143979669	3.047253e+02
1307.00113861308932	3.047213e+02
1307.99970352336413	3.047172e+02
1309.00082301903626	3.047130e+02
1310.00105060529063	3.047087e+02
1311.0001943644661	3.047043e+02
1312.00149514521718	3.046998e+02
1313.00181865880609	3.046951e+02
1314.00101850295437	3.046903e+02
1314.99966948671727	3.046854e+02
1316.00094251422252	3.046804e+02
1317.00175474054163	3.046755e+02
1317.99973445341038	3.046705e+02
1319.0011838583041	3.046656e+02
1320.00006145143266	3.046609e+02
1320.9998786588244	3.046563e+02
1322.00059475559601	3.046518e+02
1323.00210252745683	3.046474e+02
1324.00150249071521	3.046431e+02
1325.001828280268	3.046389e+02
1325.99982418465379	3.046348e+02
1327.00134061151948	3.046307e+02
1327.99995232619585	3.046267e+02
1329.00180752360143	3.046226e+02
1330.00047049555064	3.046185e+02
1331.00202380001542	3.046142e+02
1332.00022600971192	3.046099e+02
1333.00110556656159	3.046055e+02
1334.00157945354044	3.046010e+02
1335.00132119213072	3.045964e+02
1336.00020147994837	3.045917e+02
1337.00144249976211	3.045868e+02
1338.00187539297303	3.045819e+02
1339.00179980415351	3.045769e+02
1340.0016842205041	3.045719e+02
1341.00129452928695	3.045669e+02
1342.00090668375151	3.045619e+02
1343.00106692536019	3.045569e+02
1344.00164754809566	3.045520e+02
1344.9995518319779	3.045472e+02
1346.00117803193439	3.045425e+02
1347.00058294570135	3.045378e+02
1348.00065221684781	3.045332e+02
1349.00136195362552	3.045287e+02
1349.99964389572051	3.045243e+02
1351.00132676663816	3.045198e+02
1352.00010720266232	3.045155e+02
1353.00215635971608	3.045110e+02
1354.00093085089838	3.045066e+02
1355.00229045060428	3.045021e+02
1356.00039744744981	3.044975e+02
1357.00151050956129	3.044928e+02
1358.00223619059966	3.044881e+02
1358.99939708340594	3.044833e+02
1359.99940372392257	3.044784e+02
1361.00212330046543	3.044733e+02
1362.00134583883619	3.044683e+02
1363.00052368254137	3.044631e+02
1363.99970074483099	3.044579e+02
1365.00189773459147	3.044527e+02
1366.00131001497152	3.044475e+02
1367.00107700075932	3.044424e+02
1368.0010993491303	3.044372e+02
1369.00152064225426	3.044320e+02
1370.00242757796013	3.044269e+02
1371.00061275779763	3.044219e+02
1372.00225436233609	3.044169e+02
1373.00132172492476	3.044119e+02
1374.00072976524916	3.044070e+02
1375.00047486011385	3.044021e+02
1376.00057610548834	3.043972e+02
1377.00094119779419	3.043924e+02
1378.00147969323575	3.043875e+02
1379.00206281419082	3.043826e+02
1379.99960835852539	3.043778e+02
1381.00035315717696	3.043729e+02
1382.00117982417487	3.043679e+02
1383.00188842857392	3.043629e+02
1384.00238074751178	3.043579e+02
1384.99956844715962	3.043529e+02
1385.9995144857171	3.043478e+02
1387.00206609297879	3.043426e+02
1388.00113261640308	3.043375e+02
1388.99979272700102	3.043324e+02
1390.00100797844289	3.043273e+02
1391.00175440717067	3.043222e+02
1392.00207531668116	3.043172e+02
1393.00194194733967	3.043122e+02
1394.00136542118298	3.043073e+02
1395.00040574753643	3.043024e+02
1396.00215173643983	3.042977e+02
1397.00054185882527	3.042930e+02
1398.0017606700294	3.042883e+02
1398.99976246545953	3.042838e+02
1400.00067484689248	3.042793e+02
1401.00147965706424	3.042748e+02
1402.00219265735041	3.042704e+02
1402.99974176259661	3.042661e+02
1404.00022969408224	3.042619e+02
1405.00059873208011	3.042577e+02
1406.00078672673521	3.042535e+02
1407.0007648413191	3.042494e+02
1408.00052971976174	3.042453e+02
1409.00002698930848	3.042413e+02
1410.00228156024286	3.042373e+02
1411.00118097564541	3.042334e+02
1411.99975509059163	3.042295e+02
1413.00107292269581	3.042256e+02
1414.00213952720424	3.042217e+02
1414.99992407696914	3.042180e+02
1416.00048167130171	3.042143e+02
1417.00075655608157	3.042106e+02
1418.00076763720131	3.042070e+02
1419.000554672622	3.042035e+02
1420.00014793516266	3.042000e+02
1420.99955837955667	3.041967e+02
1422.00182019670569	3.041933e+02
1423.00086064730885	3.041901e+02
1423.99974808299248	3.041869e+02
1425.00155270657524	3.041837e+02
1426.00021303310587	3.041805e+02
1427.00180606315939	3.041774e+02
1428.00027117868967	3.041744e+02
1429.0017150724359	3.041713e+02
1430.00009498698455	3.041683e+02
1431.00148637769485	3.041653e+02
1431.99983459352961	3.041623e+02
1433.00122372700935	3.041593e+02
1433.99958504823076	3.041563e+02
1435.00099013086469	3.041533e+02
1436.00243049145433	3.041503e+02
1437.00092542327593	3.041472e+02
1437.99958640234604	3.041442e+02
1439.00155438035927	3.041411e+02
1440.0008606903175	3.041381e+02
1441.00067439768281	3.041350e+02
1442.00115921649444	3.041319e+02
1442.9994869696277	3.041288e+02
1444.00200200168956	3.041258e+02
1444.99983316629164	3.041227e+02
1446.00244001918691	3.041197e+02
1447.0009158599828	3.041167e+02
1448.00162168231577	3.041138e+02
1449.00147096406477	3.041109e+02
1450.00031629733826	3.041081e+02
1451.00110556522736	3.041054e+02
1452.00062725779549	3.041028e+02
1453.00189060908019	3.041004e+02
1454.00168470785093	3.040980e+02
1454.99982438806978	3.040959e+02
1456.00234023965163	3.040940e+02
1457.00247151166786	3.040923e+02
1457.99978250547156	3.040909e+02
1459.0000124022597	3.040898e+02
1459.9995264321692	3.040890e+02
1461.0012289927638	3.040885e+02
1462.00232118737358	3.040883e+02
1463.00029809577313	3.040884e+02
1464.00179723596398	3.040887e+02
1465.00072702734246	3.040892e+02
1466.00032453342374	3.040898e+02
1467.0007842909647	3.040904e+02
1468.00233265395582	3.040911e+02
1469.0024429164198	3.040918e+02
1470.00076987063153	3.040924e+02
1471.0020755894061	3.040932e+02
1472.00185651071888	3.040939e+02
1473.0019727176757	3.040948e+02
1474.0018970851163	3.040957e+02
1475.00196698163882	3.040966e+02
1476.00021590997676	3.040977e+02
1477.0006522291103	3.040988e+02
1478.00060194689854	3.040999e+02
1479.00007764097563	3.041010e+02
1479.99938356386815	3.041022e+02
1480.99952132620911	3.041033e+02
1482.00159064828904	3.041043e+02
1483.00023121288996	3.041055e+02
1483.99944084453546	3.041066e+02
1485.00228560442292	3.041078e+02
1486.00048169832712	3.041091e+02
1487.00101512764513	3.041104e+02
1487.99948263876536	3.041118e+02
1489.00164878039186	3.041133e+02
1490.00120211845046	3.041149e+02
1491.00149582673566	3.041165e+02
1491.99957597045659	3.041181e+02
1493.00217855849564	3.041196e+02
1494.00152038810575	3.041210e+02
1495.00232985045204	3.041223e+02
1495.99957868875367	3.041235e+02
1497.00041299866211	3.041246e+02
1498.00228026435752	3.041258e+02
1499.0019717056748	3.041269e+02
1499.99944198550452	3.041280e+02
1501.00197434916413	3.041291e+02
1502.00097798465208	3.041302e+02
1503.00095592908497	3.041313e+02
1504.00100045218869	3.041325e+02
1505.00138450374584	3.041337e+02
1505.99963133765618	3.041349e+02
1507.00218859816141	3.041362e+02
1508.00215459009792	3.041376e+02
1509.00145067798485	3.041389e+02
1510.0004111013784	3.041403e+02
1511.00043633165319	3.041417e+02
1512.00090013349381	3.041433e+02
1513.00150129576082	3.041449e+02
1514.00045613390421	3.041467e+02
1515.0004895439115	3.041487e+02
1516.00064640102619	3.041507e+02
1517.00025946888468	3.041530e+02
1518.00180260865295	3.041554e+02
1519.00094428725606	3.041580e+02
1519.99947743220218	3.041607e+02
1520.99967138157922	3.041635e+02
1522.00110347006535	3.041663e+02
1523.00085806139145	3.041692e+02
1524.00227354593676	3.041721e+02
1525.00214313299193	3.041751e+02
1526.00015786992503	3.041781e+02
1527.00225177713651	3.041812e+02
1528.0001851478421	3.041845e+02
1529.00168708036381	3.041878e+02
1530.00184077485028	3.041914e+02
1531.00138248521512	3.041952e+02
1532.00054613347834	3.041992e+02
1532.99935756371656	3.042034e+02
1534.00080229890591	3.042078e+02
1535.00063800180737	3.042123e+02
1536.00044809441829	3.042170e+02
1537.0024513020403	3.042217e+02
1538.00021715961134	3.042264e+02
1539.00022536233246	3.042310e+02
1539.99965146088675	3.042356e+02
1541.00160632775419	3.042402e+02
1542.00242846992796	3.042447e+02
1543.00146703839664	3.042493e+02
1544.00122770013149	3.042539e+02
1545.00229609782764	3.042586e+02
1546.00005043585611	3.042633e+02
1547.00231625834817	3.042682e+02
1548.00075620504799	3.042731e+02
1549.0018650204122	3.042782e+02
1550.00243819486718	3.042834e+02
1551.0020190543928	3.042886e+02
1552.00188377580912	3.042939e+02
1553.00061469208367	3.042993e+02
1554.00061680319368	3.043047e+02
1555.00160644996754	3.043100e+02
1556.00103445746504	3.043154e+02
1556.9994068021947	3.043208e+02
1558.00018298727855	3.043263e+02
1559.00006911144374	3.043317e+02
1560.00154254704034	3.043372e+02
1561.00136399896451	3.043428e+02
1562.00043796229738	3.043484e+02
1563.00021025949127	3.043542e+02
1564.0019983830025	3.043601e+02
1565.00040247734796	3.043660e+02
1566.00159256775419	3.043721e+02
1567.00076829848354	3.043783e+02
1567.99969698232621	3.043845e+02
1569.00080821864981	3.043908e+02
1570.00041200809414	3.043972e+02
1571.0017829885478	3.044035e+02
1572.00230063813865	3.044099e+02
1572.9994080157328	3.044163e+02
1573.99991457438978	3.044227e+02
1575.00099178592723	3.044291e+02
1575.99936336314477	3.044356e+02
1577.00090348195931	3.044422e+02
1578.0023832285392	3.044488e+02
1579.0006851629214	3.044556e+02
1580.00212364575168	3.044624e+02
1581.00060599417634	3.044694e+02
1582.0022305594332	3.044765e+02
1583.00067724483029	3.044837e+02
1584.00192758469302	3.044909e+02
1585.00235790405236	3.044982e+02
1586.00149275982881	3.045055e+02
1587.00222385816323	3.045129e+02
1588.00146541143567	3.045203e+02
1588.99958546689709	3.045277e+02
1590.00006341164863	3.045351e+02
1591.00005538963728	3.045426e+02
1591.99975114748372	3.045501e+02
1593.00243515408761	3.045578e+02
1594.00204142697703	3.045655e+02
1595.00164709542446	3.045733e+02
1596.00119063272928	3.045812e+02
1597.00052817956089	3.045892e+02
1597.99952182841821	3.045973e+02
1599.00130684936221	3.046056e+02
1599.99981535713846	3.046139e+02
1601.00145051019399	3.046223e+02
1602.00010329296651	3.046307e+02
1603.00191414534584	3.046392e+02
1604.00051873423399	3.046478e+02
1605.00191450489137	3.046565e+02
1605.99975262272596	3.046652e+02
1607.00023190400702	3.046740e+02
1608.00043648950623	3.046828e+02
1609.00055999963502	3.046917e+02
1610.0009170024116	3.047007e+02
1611.001741257418	3.047101e+02
1612.0001706721118	3.047192e+02
1612.999404804264	3.047283e+02
1613.9995002829116	3.047376e+02
1615.0003973314017	3.047470e+02
1616.00190457780104	3.047565e+02
1617.00081760004173	3.047660e+02
1618.00021618120877	3.047756e+02
1619.00012759630522	3.047854e+02
1620.00058389813239	3.047952e+02
1621.00153054397197	3.048051e+02
1621.99990632452636	3.048150e+02
1623.00186297378309	3.048251e+02
1624.00109695929541	3.048352e+02
1625.00060884548589	3.048453e+02
1626.00037577899548	3.048555e+02
1627.00034948603729	3.048658e+02
1628.00057745026311	3.048761e+02
1629.00102148624933	3.048864e+02
1630.00169563352665	3.048968e+02
1630.99943060590749	3.049071e+02
1632.00040985007013	3.049176e+02
1633.00151218209294	3.049280e+02
1633.99962168989737	3.049385e+02
1635.00099494452138	3.049491e+02
1635.99951230194438	3.049596e+02
1637.0015764402583	3.049703e+02
1638.00095035058303	3.049809e+02
1639.00084290852033	3.049915e+02
1640.00127968392349	3.050022e+02
1641.00231041250436	3.050130e+02
1642.00085439373447	3.050237e+02
1643.00006424387175	3.050345e+02
1643.99993741584012	3.050453e+02
1645.00046120292927	3.050562e+02
1646.00154547154466	3.050671e+02
1646.99998948904863	3.050780e+02
1648.0019560656674	3.050889e+02
1649.00108395298275	3.050999e+02
1650.00040923495135	3.051109e+02
1650.9998145295267	3.051219e+02
1652.00228328488492	3.051330e+02
1653.00135786075043	3.051440e+02
1653.99990519593848	3.051551e+02
1655.00094263863707	3.051663e+02
1656.00144990515332	3.051774e+02
1657.001486180342	3.051885e+02
1658.00114828848768	3.051996e+02
1659.00056125673336	3.052107e+02
1659.99983203648662	3.052218e+02
1661.00217269050086	3.052328e+02
1662.00136381713992	3.052438e+02
1663.00060897905269	3.052546e+02
1664.00000080221275	3.052654e+02
1664.99961876574889	3.052761e+02
1665.9994337060391	3.052866e+02
1666.99945094847817	3.052970e+02
1667.99969823608831	3.053073e+02
1669.0002503347398	3.053174e+02
1670.00112697989584	3.053274e+02
1671.00223801401739	3.053373e+02
1672.00029298165714	3.053470e+02
1673.00147125443232	3.053565e+02
1674.0024235614801	3.053659e+02
1674.99991810012102	3.053751e+02
1676.00018549485685	3.053842e+02
1677.00034258195728	3.053932e+02
1678.0006078432657	3.054020e+02
1679.00074318016118	3.054107e+02
1680.00061815672484	3.054192e+02
1680.99996409869118	3.054276e+02
1682.00176703641841	3.054355e+02
1682.9994812510713	3.054434e+02
1684.00210582807949	3.054511e+02
1684.9997232986882	3.054585e+02
1686.00162352087023	3.054656e+02
1686.99928511856547	3.054726e+02
1688.00013261928802	3.054794e+02
1689.00208923491664	3.054861e+02
1689.99973834586353	3.054928e+02
1690.99948128723213	3.054994e+02
1692.00121101059153	3.055060e+02
1693.00136240399593	3.055126e+02
1693.99957141443906	3.055191e+02
1695.00190741234201	3.055254e+02
1696.00013208434189	3.055316e+02
1697.00077737072206	3.055377e+02
1698.00160860480719	3.055435e+02
1699.00195378476951	3.055492e+02
1700.00183178807356	3.055548e+02
1701.00212652200298	3.055605e+02
1702.00197227292597	3.055663e+02
1702.99924638317179	3.055723e+02
1704.00077320654168	3.055786e+02
1704.99997854296589	3.055850e+02
1706.00161548434903	3.055914e+02
1707.00146394703415	3.055979e+02
1707.99926734734345	3.056042e+02
1709.00170158088281	3.056104e+02
1710.00025709872853	3.056163e+02
1711.00200663532223	3.056221e+02
1712.00099446604986	3.056276e+02
1713.00023424793358	3.056327e+02
1713.99943710887783	3.056375e+02
1715.00202866329209	3.056420e+02
1716.00197178756753	3.056461e+02
1716.99942580786842	3.056498e+02
1718.00083168834226	3.056533e+02
1718.99953573065409	3.056567e+02
1720.00078094724836	3.056599e+02
1721.00014633540104	3.056632e+02
1721.99924175523415	3.056664e+02
1723.00042829580616	3.056698e+02
1724.00113965048058	3.056732e+02
1724.99954316198364	3.056766e+02
1726.0002667158908	3.056800e+02
1727.00192361754353	3.056835e+02
1727.99944069978505	3.056868e+02
1728.99928636835784	3.056899e+02
1730.00114352220453	3.056927e+02
1731.00170482415865	3.056952e+02
1732.00057964351049	3.056974e+02
1733.00037499755285	3.056994e+02
1734.00094982649284	3.057011e+02
1734.99938763210798	3.057027e+02
1736.00232569371678	3.057042e+02
1737.00073653296545	3.057056e+02
1738.0009665585801	3.057070e+02
1739.00225875173533	3.057084e+02
1739.99989089831297	3.057099e+02
1741.00141984554466	3.057116e+02
1741.99934770596747	3.057135e+02
1742.99990019412962	3.057156e+02
1744.00091572768224	3.057178e+02
1745.00068450912227	3.057201e+02
1746.00062133516371	3.057225e+02
1747.00198500961801	3.057249e+02
1748.00224695144425	3.057272e+02
1749.00126858479257	3.057295e+02
1750.00161968650377	3.057316e+02
1750.9997092020028	3.057336e+02
1752.00144777802461	3.057356e+02
1753.00026170735805	3.057375e+02
1754.00218669342166	3.057393e+02
1755.00139858895091	3.057410e+02
1756.00128267370133	3.057427e+02
1757.00205770201205	3.057444e+02
1758.00002264717455	3.057458e+02
1759.00062327042133	3.057471e+02
1760.00025216299309	3.057482e+02
1761.00187348628788	3.057491e+02
1762.00212852821619	3.057498e+02
1763.00081485484156	3.057503e+02
1764.00107686984484	3.057507e+02
1764.9998568213789	3.057511e+02
1766.00019417094722	3.057514e+02
1767.0017915733315	3.057517e+02
1768.00125262652091	3.057520e+02
1768.99937462505045	3.057521e+02
1769.99997874569317	3.057522e+02
1771.00060046397971	3.057521e+02
1772.00124592962334	3.057519e+02
1773.00211127545663	3.057515e+02
1774.00011331133851	3.057511e+02
1775.00109214504914	3.057506e+02
1776.00195505511169	3.057500e+02
1776.99985129126799	3.057494e+02
1778.00076166344184	3.057488e+02
1779.00138012028287	3.057482e+02
1780.00177172110102	3.057476e+02
1781.00190062878801	3.057470e+02
1782.00144119139713	3.057465e+02
1783.00066928198794	3.057461e+02
1783.99998476426481	3.057456e+02
1785.00226558580243	3.057452e+02
1786.00144910440167	3.057449e+02
1787.00124547982864	3.057445e+02
1788.00168827893708	3.057441e+02
1789.0022080209028	3.057436e+02
1789.9995911069966	3.057430e+02
1791.00010002287286	3.057423e+02
1792.00026048073732	3.057415e+02
1792.99940565161046	3.057405e+02
1794.00095048029311	3.057394e+02
1795.0022039799876	3.057381e+02
1796.0023919818257	3.057366e+02
1797.0014321338056	3.057350e+02
1798.0031820424424	3.057334e+02
1799.00156390193	3.057317e+02
1800.00253116195722	3.057300e+02
1801.00297931816453	3.057283e+02
1802.00299992428063	3.057266e+02
1803.0026530194275	3.057250e+02
1804.00192578488122	3.057234e+02
1805.000839223203	3.057218e+02
1806.00251118268443	3.057202e+02
1807.00089268304328	3.057187e+02
1808.00212839875189	3.057170e+02
1809.00322868427702	3.057153e+02
1810.00123368741583	3.057135e+02
1811.00235695240326	3.057116e+02
1812.00364398830607	3.057096e+02
1813.00213186630731	3.057075e+02
1814.00095316821785	3.057053e+02
1815.00329309993526	3.057029e+02
1816.00313267045703	3.057005e+02
1817.00359492397411	3.056981e+02
1818.00164024281912	3.056956e+02
1819.00338250235836	3.056930e+02
1820.0026825321338	3.056905e+02
1821.00259879485566	3.056879e+02
1822.00308566601916	3.056853e+02
1823.0010054460347	3.056828e+02
1824.00245336836861	3.056802e+02
1825.00125472971558	3.056777e+02
1826.00354656955096	3.056752e+02
1827.00317555549532	3.056728e+02
1828.00316531953194	3.056704e+02
1829.00344495855757	3.056681e+02
1830.00091375567354	3.056657e+02
1831.00170963893424	3.056634e+02
1832.00275104385969	3.056612e+02
1833.00099577118704	3.056589e+02
1834.00262212345956	3.056566e+02
1835.00145909217144	3.056543e+02
1836.00363627737488	3.056520e+02
1837.00284107066341	3.056497e+02
1838.0020743905136	3.056473e+02
1839.00126184375517	3.056450e+02
1840.00347155332656	3.056427e+02
1841.0025508381018	3.056403e+02
1842.00155061300438	3.056380e+02
1843.00350071229127	3.056357e+02
1844.00220903286663	3.056334e+02
1845.00068662928334	3.056311e+02
1846.00192323909232	3.056288e+02
1847.00263463570627	3.056265e+02
1848.00268451952502	3.056242e+02
1849.00213299693814	3.056220e+02
1850.00100608008006	3.056197e+02
1851.0022153825455	3.056175e+02
1852.00270173464378	3.056152e+02
1853.00272756874369	3.056129e+02
1854.00229258205809	3.056105e+02
1855.0012055603006	3.056082e+02
1856.00257166980896	3.056058e+02
1857.00343100416558	3.056033e+02
1858.00078343365203	3.056009e+02
1859.00083484139236	3.055984e+02
1860.00369642245778	3.055958e+02
1861.00354752279736	3.055931e+02
1862.00350560142761	3.055904e+02
1863.0035626065021	3.055877e+02
1864.00370203119996	3.055850e+02
1865.00088835834981	3.055822e+02
1866.00129610488921	3.055794e+02
1867.0019502342202	3.055766e+02
1868.00292411733312	3.055738e+02
1869.00119235790589	3.055710e+02
1870.00291698685533	3.055683e+02
1871.00203684173857	3.055656e+02
1872.00166842417707	3.055630e+02
1873.00183204891277	3.055605e+02
1874.00253244347687	3.055580e+02
1875.00067797616498	3.055556e+02
1876.00235570301584	3.055532e+02
1877.00134049012922	3.055508e+02
1878.00370017286377	3.055484e+02
1879.00323184173499	3.055461e+02
1880.00296275255596	3.055437e+02
1881.00285955580875	3.055414e+02
1882.00289861750957	3.055390e+02
1883.00301181904797	3.055366e+02
1884.00309687418894	3.055342e+02
1885.00306864686081	3.055317e+02
1886.00284294952485	3.055293e+02
1887.00234465961034	3.055268e+02
1888.00154075534124	3.055243e+02
1889.00351601047259	3.055218e+02
1890.00211980521772	3.055193e+02
1891.00345882449597	3.055168e+02
1892.00132752346803	3.055143e+02
1893.00179110609611	3.055119e+02
1894.00172549117133	3.055094e+02
1895.00114435379396	3.055069e+02
1896.00317729971152	3.055045e+02
1897.00176541026667	3.055020e+02
1898.00310227232353	3.054995e+02
1899.00112432637047	3.054970e+02
1900.00199415479256	3.054944e+02
1901.00268508550562	3.054919e+02
1902.00324489102627	3.054893e+02
1903.00067780807171	3.054866e+02
1904.00116893688096	3.054839e+02
1905.00172753394645	3.054812e+02
1906.00243050581662	3.054784e+02
1907.00331604072176	3.054755e+02
1908.00133635087923	3.054726e+02
1909.00263672734468	3.054697e+02
1910.00112222546841	3.054667e+02
1911.00296088655296	3.054636e+02
1912.00207679922892	3.054605e+02
1913.00157131657738	3.054575e+02
1914.0014659620997	3.054544e+02
1915.00176211387065	3.054513e+02
1916.00241713867035	3.054483e+02
1917.00337970135502	3.054454e+02
1918.00152410672695	3.054426e+02
1919.00295446820815	3.054398e+02
1920.00147821812379	3.054371e+02
1921.00319250787675	3.054344e+02
1922.00190018356329	3.054318e+02
1923.00367667732939	3.054292e+02
1924.00231320394983	3.054266e+02
1925.00085054596752	3.054240e+02
1926.00234658928684	3.054214e+02
1927.00066827513706	3.054187e+02
1928.00197339102033	3.054160e+02
1929.00317185618997	3.054132e+02
1930.00115662418966	3.054104e+02
1931.0020289618908	3.054076e+02
1932.00266997339349	3.054047e+02
1933.00304026816934	3.054018e+02
1934.00312706944919	3.053988e+02
1935.00293311370251	3.053958e+02
1936.00249483846096	3.053927e+02
1937.00187742966887	3.053896e+02
1938.00107481601731	3.053865e+02
1939.00308913791719	3.053834e+02
1940.00173789337691	3.053804e+02
1941.00314031610674	3.053774e+02
1942.00119715363758	3.053744e+02
1943.00207359093361	3.053715e+02
1944.00276290757347	3.053686e+02
1945.00332228851448	3.053657e+02
1946.00069841411573	3.053629e+02
1947.00100086764428	3.053600e+02
1948.00112948035917	3.053572e+02
1949.00105557928305	3.053543e+02
1950.00082971662141	3.053513e+02
1951.00361115546343	3.053483e+02
1952.00337636038716	3.053452e+02
1953.00321626309483	3.053420e+02
1954.00312215679037	3.053388e+02
1955.00307609289462	3.053355e+02
1956.00305144581966	3.053322e+02
1957.00301968329859	3.053288e+02
1958.00297924992606	3.053253e+02
1959.00297882971608	3.053218e+02
1960.00312658187727	3.053182e+02
1961.00358033289103	3.053146e+02
1962.00136260513614	3.053111e+02
1963.00265034820723	3.053075e+02
1964.00129665287682	3.053041e+02
1965.0033080088167	3.053008e+02
1966.00242611211615	3.052977e+02
1967.00166093293751	3.052947e+02
1968.00098542149908	3.052917e+02
1969.003452924155	3.052888e+02
1970.00293097017425	3.052859e+02
1971.00246494421754	3.052830e+02
1972.00199676307739	3.052801e+02
1973.00145048211289	3.052772e+02
1974.00077325672851	3.052742e+02
1975.00299685821983	3.052712e+02
1976.00181342653332	3.052680e+02
1977.00312543315886	3.052648e+02
1978.00365643496116	3.052615e+02
1979.00344036292677	3.052582e+02
1980.0026816542811	3.052548e+02
1981.00158498880023	3.052513e+02
1982.00346116157039	3.052477e+02
1983.002419493557	3.052441e+02
1984.00170847316303	3.052404e+02
1985.00132753220259	3.052367e+02
1986.00126051317852	3.052330e+02
1987.00152162155882	3.052293e+02
1988.00204114705662	3.052258e+02
1989.00275316103739	3.052225e+02
1990.00360847035699	3.052193e+02
1991.00149199161046	3.052162e+02
1992.00253880279774	3.052132e+02
1993.00068093046866	3.052103e+02
1994.00206961461663	3.052073e+02
1995.00364827253907	3.052043e+02
1996.0023038099821	3.052013e+02
1997.00096741491438	3.051983e+02
1998.0024228172017	3.051951e+02
1999.00350276918516	3.051919e+02
2000.00075446259234	3.051886e+02
2001.00296706496329	3.051852e+02
2002.0012220535034	3.051817e+02
2003.00192095665057	3.051782e+02
2004.00176193355696	3.051745e+02
2005.00108269350926	3.051708e+02
2006.00338639999222	3.051669e+02
2007.0027700639771	3.051629e+02
2008.00233465768588	3.051589e+02
2009.00225032238359	3.051548e+02
2010.00273508872078	3.051508e+02
2011.00083002076485	3.051469e+02
2012.00260824764155	3.051431e+02
2013.00191475351971	3.051396e+02
2014.00177235648471	3.051362e+02
2015.00216108675841	3.051330e+02
2016.00306214790498	3.051300e+02
2017.00143718481513	3.051270e+02
2018.00339522475929	3.051240e+02
2019.00281029238272	3.051209e+02
2020.00267571088489	3.051179e+02
2021.00281098375672	3.051148e+02
2022.00296304469157	3.051117e+02
2023.00271257443978	3.051084e+02
2024.00124321984322	3.051050e+02
2025.00122630078977	3.051015e+02
2026.00286915903871	3.050979e+02
2027.00303655528046	3.050941e+02
2028.00179934005905	3.050902e+02
2029.00278567070768	3.050862e+02
2030.00323845515754	3.050820e+02
2031.00350808922417	3.050777e+02
2032.00084460318817	3.050734e+02
2033.0015562340775	3.050691e+02
2034.00281575636041	3.050649e+02
2035.00179230511208	3.050609e+02
2036.0015614141937	3.050570e+02
2037.00202313901968	3.050534e+02
2038.00318164159421	3.050499e+02
2039.00196530910466	3.050466e+02
2040.00143296293118	3.050434e+02
2041.00161664371512	3.050402e+02
2042.00252340873794	3.050370e+02
2043.00111591430982	3.050338e+02
2044.00342272583976	3.050306e+02
2045.00301109498173	3.050272e+02
2046.00267185356074	3.050238e+02
2047.00202035945949	3.050202e+02
2048.00326126993423	3.050165e+02
2049.00286771681613	3.050127e+02
2050.00098288773688	3.050087e+02
2051.00356602766078	3.050046e+02
2052.00170870704915	3.050003e+02
2053.00194536252684	3.049959e+02
2054.00136057740929	3.049914e+02
2055.00356838141215	3.049869e+02
2056.00292317413505	3.049823e+02
2057.00267008224546	3.049777e+02
2058.00304079799389	3.049733e+02
2059.00126023695793	3.049691e+02
2060.00344594271428	3.049651e+02
2061.00341804538948	3.049613e+02
2062.00119629217079	3.049576e+02
2063.0028516889297	3.049542e+02
2064.00222567329592	3.049507e+02
2065.00239829428983	3.049474e+02
2066.00341150416216	3.049440e+02
2067.00219639353782	3.049406e+02
2068.00171200319846	3.049371e+02
2069.0016618419404	3.049336e+02
2070.00171616364332	3.049299e+02
2071.0015048238688	3.049262e+02
2072.00334501653242	3.049223e+02
2073.00342561357093	3.049182e+02
2074.0019323071092	3.049140e+02
2075.00222941611082	3.049097e+02
2076.00096495335811	3.049051e+02
2077.00115350474061	3.049005e+02
2078.00372173416645	3.048957e+02
2079.00288396348196	3.048909e+02
2080.00198859696138	3.048862e+02
2081.00155863485861	3.048815e+02
2082.00185503933471	3.048769e+02
2083.00295785878325	3.048725e+02
2084.00184358332945	3.048683e+02
2085.00162963801267	3.048643e+02
2086.00239181526513	3.048605e+02
2087.00097364334943	3.048568e+02
2088.00332476475933	3.048532e+02
2089.00330772718553	3.048496e+02
2090.0009166415839	3.048460e+02
2091.00225344570572	3.048424e+02
2092.0012445459829	3.048387e+02
2093.0006934425769	3.048349e+02
2094.0032326763012	3.048311e+02
2095.0025080074879	3.048272e+02
2096.00101780323212	3.048231e+02
2097.00124825450257	3.048190e+02
2098.0032595536909	3.048146e+02
2099.00129492441147	3.048101e+02
2100.00075973148159	3.048055e+02
2101.00185287318254	3.048007e+02
2102.00249111287667	3.047959e+02
2103.00240377888713	3.047909e+02
2104.00202410932661	3.047860e+02
2105.00223081911054	3.047812e+02
2106.00310211248643	3.047764e+02
2107.00164171949382	3.047719e+02
2108.00104572009877	3.047675e+02
2109.00142436276656	3.047633e+02
2110.00277566998011	3.047592e+02
2111.00196703177608	3.047552e+02
2112.00191128419783	3.047514e+02
2113.00244528067424	3.047476e+02
2114.003485032551	3.047438e+02
2115.0019373895957	3.047400e+02
2116.00083694385967	3.047362e+02
2117.00311810845051	3.047322e+02
2118.00229165387236	3.047281e+02
2119.0012222957198	3.047240e+02
2120.00269066419878	3.047198e+02
2121.003144314981	3.047154e+02
2122.0024150366994	3.047110e+02
2123.00092105317572	3.047064e+02
2124.00145393584626	3.047016e+02
2125.00094681794053	3.046968e+02
2126.00310919082358	3.046918e+02
2127.00171237041377	3.046869e+02
2128.00296901846423	3.046819e+02
2129.0014414031516	3.046770e+02
2130.00337991044671	3.046721e+02
2131.00294446678481	3.046674e+02
2132.00335781073318	3.046628e+02
2133.00151957377284	3.046584e+02
2134.00361650851119	3.046540e+02
2135.00358297861021	3.046497e+02
2136.00128483326444	3.046455e+02
2137.00275044738373	3.046414e+02
2138.00152180095256	3.046373e+02
2139.00354819323184	3.046332e+02
2140.00265016500089	3.046291e+02
2141.00146836417889	3.046249e+02
2142.00318211652984	3.046207e+02
2143.00171898960298	3.046163e+02
2144.00293483093992	3.046119e+02
2145.00370166064613	3.046074e+02
2146.00083282030437	3.046027e+02
2147.00336573237473	3.045980e+02
2148.00218501494828	3.045932e+02
2149.00370381196899	3.045882e+02
2150.00185310760025	3.045833e+02
2151.00267934925841	3.045782e+02
2152.00352558224495	3.045732e+02
2153.00156079542103	3.045683e+02
2154.00277182069476	3.045633e+02
2155.00126391157755	3.045584e+02
2156.00337579065899	3.045536e+02
2157.00295903740016	3.045488e+02
2158.0031103561796	3.045441e+02
2159.00089488253207	3.045395e+02
2160.00224171053605	3.045349e+02
2161.00088277653049	3.045304e+02
2162.00295674707922	3.045259e+02
2163.0022145830485	3.045214e+02
2164.00151641944831	3.045169e+02
2165.0037007761407	3.045124e+02
2166.0026573043883	3.045074e+02
2167.0046533909699	3.045028e+02
2168.003601550879	3.044982e+02
2169.0024720152578	3.044935e+02
2170.00427070776459	3.044888e+02
2171.00291971750903	3.044839e+02
2172.00451722358275	3.044789e+02
2173.00293606658306	3.044739e+02
2174.00440079226973	3.044688e+02
2175.00287674348783	3.044637e+02
2176.00445491961227	3.044585e+02
2177.00306363457867	3.044533e+02
2178.00493823364604	3.044480e+02
2179.00393298125437	3.044427e+02
2180.00316521739842	3.044375e+02
2181.00270729721115	3.044322e+02
2182.00255340593776	3.044270e+02
2183.0027612512522	3.044218e+02
2184.00343312634368	3.044167e+02
2185.00455711753602	3.044116e+02
2186.00304032911936	3.044065e+02
2187.0050750398068	3.044015e+02
2188.0045447959078	3.043964e+02
2189.00446784087035	3.043914e+02
2190.00478689352713	3.043864e+02
2191.00233478928112	3.043814e+02
2192.00317310535047	3.043764e+02
2193.00414791706407	3.043713e+02
2194.00520597156537	3.043661e+02
2195.00315193152665	3.043610e+02
2196.00401482119923	3.043557e+02
2197.00462871744367	3.043504e+02
2198.00485833761195	3.043450e+02
2199.00465061427531	3.043397e+02
2200.0039397326027	3.043343e+02
2201.00269980830899	3.043289e+02
2202.0039898191972	3.043232e+02
2203.0047052543105	3.043178e+02
