# Region type : patch node4U_1_Outlet_0
#   Faces  : 252
#   Area   : 3.469385e-02
#        Time	areaAverage(T)
     0.999427	3.031500e+02
      2.00049	3.031500e+02
      3.00031	3.031499e+02
      3.99973	3.031499e+02
      4.99982	3.031499e+02
      6.00096	3.031500e+02
      7.00036	3.031500e+02
      8.00025	3.031500e+02
      8.99988	3.031500e+02
    10.001085	3.031500e+02
    11.000692	3.032022e+02
    12.001192	3.032540e+02
    12.999654	3.033052e+02
    14.001553	3.033560e+02
  15.00191378	3.034063e+02
  15.99990726	3.034559e+02
  17.00021302	3.035052e+02
  18.00201162	3.035539e+02
    19.001665	3.036020e+02
 20.001063064	3.036497e+02
 21.000223408	3.036969e+02
 22.000868674	3.037437e+02
 22.999568146	3.037899e+02
  24.00203262	3.038357e+02
25.00206209729	3.038807e+02
25.9997240433	3.039251e+02
27.00155800819	3.039690e+02
28.00198841907	3.040124e+02
29.00100132413	3.040551e+02
30.0012255059946	3.040972e+02
31.0020125996283	3.041387e+02
31.9997203434261	3.041794e+02
33.0000159367413	3.042195e+02
33.9999993471484	3.042589e+02
35.0001409482367123	3.042979e+02
36.0010399662744121	3.043367e+02
37.000256075600312	3.043753e+02
38.0011334139074748	3.044140e+02
39.0001093232681626	3.044529e+02
39.9994296677075454	3.044919e+02
41.001577972869228	3.045313e+02
42.000199945820512	3.045707e+02
43.0015357555295594	3.046101e+02
44.0000908474563985	3.046492e+02
44.999720034311153	3.046880e+02
46.0011036185372717	3.047266e+02
47.0017015365830488	3.047648e+02
48.001828578469862	3.048025e+02
49.0009987208578792	3.048399e+02
50.001646775172766	3.048768e+02
51.0004873107095733	3.049133e+02
52.0004965650810149	3.049494e+02
53.0016782245142934	3.049852e+02
54.0010911490910033	3.050206e+02
55.0018322131206503	3.050559e+02
56.0008311045826801	3.050908e+02
57.0009505745707656	3.051256e+02
58.0018173874204663	3.051602e+02
58.9998754286462415	3.051946e+02
60.0007253884735974	3.052289e+02
61.000729949421661	3.052631e+02
61.9994469747591523	3.052970e+02
62.9997307278246481	3.053309e+02
64.0016132336676264	3.053648e+02
65.0021195847200062	3.053984e+02
66.0013755148593475	3.054319e+02
66.9994618408717173	3.054652e+02
67.9995567282688285	3.054984e+02
69.0018710907051513	3.055316e+02
70.0005020403649496	3.055644e+02
71.0017759000867983	3.055972e+02
71.9997917061677697	3.056297e+02
73.0007626398363385	3.056621e+02
74.0017781164737585	3.056943e+02
74.9999419786135348	3.057261e+02
76.0015844890211554	3.057579e+02
77.00072239299773	3.057893e+02
78.0004746440082357	3.058206e+02
79.0007523688503994	3.058516e+02
80.0017080025030367	3.058824e+02
81.0004119802447349	3.059129e+02
81.9999292237897635	3.059431e+02
83.0001885797195058	3.059732e+02
84.0008505180802274	3.060031e+02
85.0015387397775584	3.060329e+02
86.0016440249805925	3.060624e+02
87.0005454702849761	3.060917e+02
88.0008545399135187	3.061209e+02
89.0021930695815655	3.061499e+02
90.0016302263138357	3.061787e+02
91.002174366868033	3.062074e+02
92.0010182300664496	3.062358e+02
93.0013450760332745	3.062641e+02
94.0003161743501465	3.062922e+02
95.0010570184568053	3.063202e+02
96.0007746328522842	3.063479e+02
96.9996630297850828	3.063755e+02
98.0009484938242394	3.064030e+02
99.0017864968606887	3.064303e+02
99.9993158549129504	3.064573e+02
100.999686726631666	3.064843e+02
101.999978489330886	3.065110e+02
103.000261993464633	3.065376e+02
104.000541499501338	3.065641e+02
105.000800443492778	3.065904e+02
106.001026051885219	3.066165e+02
107.001221026466325	3.066424e+02
108.001370521164162	3.066682e+02
109.001483834954172	3.066938e+02
110.001570880767829	3.067192e+02
111.001639397267027	3.067445e+02
112.001691850402395	3.067695e+02
113.001723550038278	3.067944e+02
114.001722531996805	3.068191e+02
115.001688189451627	3.068436e+02
116.001613455088133	3.068679e+02
117.001515885901682	3.068921e+02
118.001399825818325	3.069160e+02
119.00127979677535	3.069397e+02
120.001166177764588	3.069633e+02
121.001081732862403	3.069866e+02
122.001048584949245	3.070097e+02
123.001071870744425	3.070327e+02
124.001154706657402	3.070554e+02
125.001275712311497	3.070779e+02
126.001409099885151	3.071003e+02
127.001505571405914	3.071224e+02
128.001520918692876	3.071444e+02
129.001402911285169	3.071661e+02
130.001116511936488	3.071877e+02
131.000614246332248	3.072090e+02
131.999921018561707	3.072302e+02
133.002057892161417	3.072513e+02
134.001047481116501	3.072721e+02
134.999918542921648	3.072928e+02
136.001802808679997	3.073133e+02
137.000722192789738	3.073336e+02
137.999722857611772	3.073538e+02
139.001822047630924	3.073739e+02
140.001006477596889	3.073938e+02
141.000279937221819	3.074135e+02
141.999610839514531	3.074332e+02
143.002000997207233	3.074527e+02
144.001416430672435	3.074721e+02
145.000845281827281	3.074913e+02
146.000219852035571	3.075104e+02
146.999516132038053	3.075294e+02
148.001580804985281	3.075483e+02
149.00037623196738	3.075670e+02
150.002041994228136	3.075857e+02
151.000659972712299	3.076042e+02
151.999442445215436	3.076225e+02
153.001677289877819	3.076408e+02
154.00172177073722	3.076590e+02
154.999891828328799	3.076770e+02
155.999586603544287	3.076949e+02
157.001135382558516	3.077126e+02
158.001515024317882	3.077302e+02
159.000452904609233	3.077476e+02
160.000936841011566	3.077649e+02
160.999840760413548	3.077819e+02
162.000128449045548	3.077987e+02
163.001721118222179	3.078153e+02
164.001466615174991	3.078316e+02
164.999469516720637	3.078476e+02
166.001895769050151	3.078635e+02
166.999623230678878	3.078789e+02
168.001980176455106	3.078942e+02
168.999797111832464	3.079090e+02
169.999327931056797	3.079236e+02
171.000741704657912	3.079379e+02
172.000933317836058	3.079518e+02
172.999858258248878	3.079655e+02
174.000459309810481	3.079788e+02
174.999230964081022	3.079919e+02
176.001823974840363	3.080047e+02
177.001677528293413	3.080171e+02
178.001897432278639	3.080293e+02
178.999477284530741	3.080411e+02
180.000876929608779	3.080527e+02
181.000129702013908	3.080641e+02
182.000620718633769	3.080752e+02
182.999341833524653	3.080861e+02
183.999269602900625	3.080969e+02
185.000290159403136	3.081075e+02
185.999138254646653	3.081179e+02
187.00192819901423	3.081281e+02
188.002100753132737	3.081381e+02
188.999401948011354	3.081479e+02
190.000009576696584	3.081575e+02
191.000602512052552	3.081670e+02
192.000903248552049	3.081763e+02
193.000646632122681	3.081855e+02
193.999514181629451	3.081944e+02
195.000731162499932	3.082031e+02
196.001754937982156	3.082116e+02
197.000071045045672	3.082199e+02
198.002007170686312	3.082280e+02
199.000916881997426	3.082359e+02
199.999612353780066	3.082436e+02
201.001058917549273	3.082510e+02
202.002077889812654	3.082583e+02
202.99938204591723	3.082652e+02
204.002095543813795	3.082720e+02
205.000992474260471	3.082785e+02
205.999660504312885	3.082848e+02
207.001238886837569	3.082909e+02
207.999298004801517	3.082969e+02
208.999745348981605	3.083027e+02
210.001458903139991	3.083082e+02
211.000242198910087	3.083136e+02
212.001905389240108	3.083188e+02
213.000223120931452	3.083237e+02
214.001889103766104	3.083286e+02
215.001311938262972	3.083332e+02
216.001580318367957	3.083378e+02
217.001009526045266	3.083422e+02
218.001233887792552	3.083465e+02
219.000201883343749	3.083506e+02
220.000910902737701	3.083546e+02
220.999826318389324	3.083584e+02
221.999484042010948	3.083620e+02
222.999573556478197	3.083654e+02
223.999571260102471	3.083686e+02
224.999167544001807	3.083715e+02
226.001862355567113	3.083742e+02
227.00167849316307	3.083767e+02
228.001230841940497	3.083789e+02
229.000424212989913	3.083810e+02
229.99931272453972	3.083828e+02
231.00035149821332	3.083844e+02
232.000417678477731	3.083858e+02
232.999637483021473	3.083870e+02
234.000027860813049	3.083879e+02
235.001748350051628	3.083886e+02
235.999212579281817	3.083889e+02
237.000768684014673	3.083890e+02
238.000500060854421	3.083887e+02
238.999379413751882	3.083882e+02
240.000061065156473	3.083873e+02
240.999783874352488	3.083861e+02
241.999217412811873	3.083847e+02
243.001333347997786	3.083830e+02
244.000329816981377	3.083812e+02
244.999756118580478	3.083792e+02
245.999764393046519	3.083771e+02
247.000524241728925	3.083749e+02
247.999354188237049	3.083727e+02
248.999494081416515	3.083705e+02
250.001110696175971	3.083683e+02
251.001532993736845	3.083662e+02
252.000921614597075	3.083641e+02
252.999282849031687	3.083620e+02
253.999850497343544	3.083600e+02
255.00004543105274	3.083581e+02
256.000365920649983	3.083562e+02
257.001261638921392	3.083544e+02
257.999548103657958	3.083526e+02
258.99971364117971	3.083509e+02
260.002149025808819	3.083493e+02
261.000921947821837	3.083477e+02
261.99950686948381	3.083461e+02
263.001191272204949	3.083446e+02
263.999778419957408	3.083432e+02
265.00119059435292	3.083418e+02
265.999549940802126	3.083405e+02
267.000749356106553	3.083393e+02
268.000742203287302	3.083382e+02
269.00002621556996	3.083372e+02
270.002192130799926	3.083364e+02
271.001116008764257	3.083356e+02
271.999828284674436	3.083349e+02
273.001202936759398	3.083343e+02
274.001992594249884	3.083336e+02
274.999358152233697	3.083327e+02
276.000078489080693	3.083316e+02
277.001423281625193	3.083302e+02
277.999774269456566	3.083285e+02
279.000338809060509	3.083264e+02
279.999803239072378	3.083240e+02
281.00199923250301	3.083212e+02
282.001237742896592	3.083182e+02
283.000845865006283	3.083149e+02
284.000919283847736	3.083113e+02
285.001505169815289	3.083075e+02
286.001983379887918	3.083034e+02
287.000860649189406	3.082990e+02
287.99976925718363	3.082945e+02
289.001216652992298	3.082899e+02
289.999289276536729	3.082852e+02
291.001202684429529	3.082805e+02
292.001880769330967	3.082758e+02
293.001939873465119	3.082712e+02
294.001406762787269	3.082666e+02
294.999860841462578	3.082620e+02
296.00082332633508	3.082575e+02
296.999440942767023	3.082530e+02
297.999750996092871	3.082484e+02
299.001606963360757	3.082438e+02
300.00096349475109	3.082392e+02
300.999913314513492	3.082345e+02
302.001050523417859	3.082297e+02
303.001211162612037	3.082248e+02
304.000530831946662	3.082197e+02
304.999600659278087	3.082145e+02
306.001009509919697	3.082091e+02
307.001474429075984	3.082035e+02
308.001896955747839	3.081978e+02
309.00215953038952	3.081921e+02
310.002016522719316	3.081863e+02
311.002156067684552	3.081805e+02
312.000057874843549	3.081748e+02
313.001700906769599	3.081691e+02
314.000664442998186	3.081635e+02
314.99977162945703	3.081579e+02
316.001939997220234	3.081524e+02
317.000997667292268	3.081469e+02
317.999963426011846	3.081415e+02
319.001791186184562	3.081362e+02
320.000219021556404	3.081310e+02
321.001332443899855	3.081258e+02
322.002120766446581	3.081206e+02
322.999613956139115	3.081155e+02
324.000053809379779	3.081105e+02
325.000468122121561	3.081055e+02
326.000890696256192	3.081005e+02
327.001340404046516	3.080955e+02
328.00182603880279	3.080906e+02
328.999278542550144	3.080857e+02
329.999826816678308	3.080809e+02
331.000443477589613	3.080761e+02
332.001169817488744	3.080713e+02
333.002032037401875	3.080665e+02
333.999965515217639	3.080618e+02
335.001063632408773	3.080571e+02
335.999158109576854	3.080524e+02
337.000345463513611	3.080476e+02
338.001581848732201	3.080429e+02
338.999866861473265	3.080382e+02
340.001419974520957	3.080335e+02
341.000218753709873	3.080288e+02
341.99940043036537	3.080241e+02
343.002081691835315	3.080194e+02
344.002165716201716	3.080147e+02
344.999681204456522	3.080101e+02
346.000781392031456	3.080054e+02
346.999334514526993	3.080008e+02
348.001509094679818	3.079962e+02
349.001161782293025	3.079916e+02
350.001326394200078	3.079870e+02
351.001923782794222	3.079825e+02
351.999787371269576	3.079780e+02
353.00099769186096	3.079735e+02
353.999316873669443	3.079690e+02
355.00082920103489	3.079645e+02
355.999300697844262	3.079600e+02
357.000823793166319	3.079555e+02
357.999158030478213	3.079510e+02
359.00039992939594	3.079465e+02
360.001480671131844	3.079420e+02
360.9992815597804	3.079374e+02
361.999832472127878	3.079329e+02
362.999959745167416	3.079283e+02
363.999605892666068	3.079237e+02
365.001835951716942	3.079190e+02
366.000550017272076	3.079144e+02
367.0018850279655	3.079098e+02
367.999670433758126	3.079051e+02
369.000128039733795	3.079004e+02
370.000214705158442	3.078958e+02
370.999868519623192	3.078910e+02
371.999156450469172	3.078863e+02
373.001216022510619	3.078816e+02
373.999974084365817	3.078768e+02
375.001560862041572	3.078720e+02
375.999861740929703	3.078672e+02
377.000967028724972	3.078623e+02
378.001810983407267	3.078574e+02
378.999377343020058	3.078526e+02
379.999844133061458	3.078477e+02
381.000195256176255	3.078428e+02
382.000470770755555	3.078379e+02
383.000719578955398	3.078330e+02
384.000990581364249	3.078282e+02
385.001323372423997	3.078233e+02
386.001754888625783	3.078185e+02
386.999259078537648	3.078138e+02
387.999985820435654	3.078090e+02
389.000904470221769	3.078043e+02
390.002048686420665	3.077995e+02
391.000391269022714	3.077948e+02
392.002080357299462	3.077901e+02
393.001021889200786	3.077855e+02
394.000313761127586	3.077808e+02
394.999966805718827	3.077761e+02
396.000000737495156	3.077714e+02
397.000431194506007	3.077668e+02
398.001243466568894	3.077621e+02
398.999326681304808	3.077574e+02
400.000751341692762	3.077528e+02
400.999281060359692	3.077481e+02
402.000994149161556	3.077435e+02
402.999669211328353	3.077389e+02
404.001383904857562	3.077343e+02
404.999927130870162	3.077297e+02
406.001391002587809	3.077251e+02
406.999601684736604	3.077206e+02
408.000681472226745	3.077161e+02
409.001550340285974	3.077116e+02
410.002200812724368	3.077071e+02
410.999564337494576	3.077026e+02
411.999771379263905	3.076981e+02
412.999742635731366	3.076937e+02
413.999472666726717	3.076892e+02
415.002027021528761	3.076846e+02
416.001265735712195	3.076801e+02
417.00027961065382	3.076756e+02
418.002168361128668	3.076710e+02
419.000830570643586	3.076664e+02
419.999348062550951	3.076618e+02
421.000807412155893	3.076571e+02
422.002161809745814	3.076524e+02
423.000363478224813	3.076476e+02
424.001518449690877	3.076427e+02
424.999464893304832	3.076379e+02
426.00030369292142	3.076330e+02
427.00099127452637	3.076281e+02
428.001568160606212	3.076232e+02
429.002064812169294	3.076183e+02
429.99944102865561	3.076135e+02
430.999824061049083	3.076087e+02
432.000154087404724	3.076039e+02
433.000424325204449	3.075992e+02
434.00062092770537	3.075946e+02
435.000747573658373	3.075900e+02
436.00084101232062	3.075854e+02
437.000947099993482	3.075809e+02
438.001104957034727	3.075764e+02
439.001372516108916	3.075718e+02
440.001793093184403	3.075673e+02
440.999341095092859	3.075628e+02
442.000174895068085	3.075582e+02
443.001292886892941	3.075535e+02
443.999676892359332	3.075489e+02
445.001468249921118	3.075442e+02
446.0005412841561	3.075394e+02
446.999933551698859	3.075347e+02
447.99957269268856	3.075299e+02
448.99935313418041	3.075251e+02
449.99913949586778	3.075203e+02
451.001905425055099	3.075156e+02
452.001449724326449	3.075108e+02
453.000827018742655	3.075061e+02
454.000060016313171	3.075015e+02
455.002198157437931	3.074968e+02
456.001073655338701	3.074923e+02
456.999732738333421	3.074878e+02
458.00123783219243	3.074833e+02
458.999413706459279	3.074788e+02
460.000163836696743	3.074744e+02
461.000336822645636	3.074700e+02
462.000008779407551	3.074656e+02
462.999244201045997	3.074612e+02
464.001249828436698	3.074568e+02
465.000203846986892	3.074524e+02
465.999385247298903	3.074479e+02
467.001996124994605	3.074433e+02
468.001911059253757	3.074387e+02
469.002115217306198	3.074341e+02
469.999556206629677	3.074293e+02
471.000370882605068	3.074245e+02
472.001484397526838	3.074197e+02
472.999698394739198	3.074148e+02
474.000987097669451	3.074099e+02
475.002187011345541	3.074050e+02
476.000185397848838	3.074002e+02
477.001116975836737	3.073953e+02
478.001946023577034	3.073906e+02
478.999609814288533	3.073859e+02
480.000200582974514	3.073813e+02
481.000640765223636	3.073767e+02
482.000880314070741	3.073723e+02
483.000829945069484	3.073679e+02
484.000391984001851	3.073635e+02
484.999473983508892	3.073592e+02
486.001053223926704	3.073548e+02
487.002066538891711	3.073504e+02
487.999538386941651	3.073461e+02
488.999719400701622	3.073416e+02
489.999787496733063	3.073371e+02
490.999996222002039	3.073325e+02
492.000537937488446	3.073278e+02
493.001528185545851	3.073231e+02
494.000043348333691	3.073182e+02
494.999208302570253	3.073133e+02
496.002054096217819	3.073084e+02
496.999285033710748	3.073034e+02
497.999897188854902	3.072984e+02
499.000681167292043	3.072935e+02
500.001558474786805	3.072886e+02
500.999446010016641	3.072837e+02
502.000461577364092	3.072790e+02
503.001519412383175	3.072743e+02
503.999515874213841	3.072697e+02
505.000534591473297	3.072653e+02
506.001509888547616	3.072609e+02
507.002099204861224	3.072565e+02
508.001952459607026	3.072522e+02
509.000755663345956	3.072480e+02
510.001486862218997	3.072437e+02
511.001232487120603	3.072394e+02
512.000177563831585	3.072351e+02
513.001789287909901	3.072307e+02
514.00046415512486	3.072262e+02
514.99955479442508	3.072216e+02
515.999219044049141	3.072169e+02
516.999511772298206	3.072122e+02
518.000472374905598	3.072073e+02
519.002131619636771	3.072023e+02
520.001384632439681	3.071973e+02
521.001150454765366	3.071922e+02
522.001295794907037	3.071871e+02
523.001754521802923	3.071821e+02
523.999434406018167	3.071770e+02
525.000470145184181	3.071721e+02
526.001803413179573	3.071673e+02
527.000354396031071	3.071626e+02
527.99915328792224	3.071580e+02
529.001163035952914	3.071535e+02
529.999964345861144	3.071491e+02
531.0012454994461	3.071448e+02
532.001321133686361	3.071406e+02
532.999861796665527	3.071363e+02
534.000023953975301	3.071321e+02
535.001875234300201	3.071278e+02
535.99940115798131	3.071235e+02
536.99917090518386	3.071191e+02
538.001702907333424	3.071145e+02
539.001307213403038	3.071099e+02
540.001295571197147	3.071051e+02
541.001852747266639	3.071002e+02
542.000113862146009	3.070952e+02
542.99925261236649	3.070901e+02
543.999244945956434	3.070849e+02
544.999955860121077	3.070797e+02
546.001297232400361	3.070744e+02
547.000192963765812	3.070692e+02
547.999705276214399	3.070641e+02
548.9999173700038	3.070590e+02
550.000837994252493	3.070541e+02
550.999345650914734	3.070494e+02
552.001515635922487	3.070448e+02
553.001105488295934	3.070404e+02
554.00082469309541	3.070361e+02
555.000167760328509	3.070318e+02
556.001365889407907	3.070277e+02
557.000740602278597	3.070235e+02
558.001320209851997	3.070193e+02
559.000110213892867	3.070151e+02
560.000262559516386	3.070108e+02
560.99926184051003	3.070065e+02
562.0006160463181	3.070019e+02
563.00174009765351	3.069973e+02
564.00014104622926	3.069925e+02
564.999154569082179	3.069875e+02
566.001965079634488	3.069824e+02
566.999655573543009	3.069772e+02
568.001384470371249	3.069719e+02
569.000945280324004	3.069665e+02
570.001321185949223	3.069612e+02
570.999458110319438	3.069558e+02
572.001425298497111	3.069506e+02
573.001173122025079	3.069455e+02
574.001841467247459	3.069406e+02
575.000341047316283	3.069358e+02
575.999699363241348	3.069313e+02
576.999717356763654	3.069269e+02
577.999989358568769	3.069227e+02
578.999885849153543	3.069186e+02
580.001639232646653	3.069146e+02
581.001398899649303	3.069107e+02
582.001953020691985	3.069067e+02
583.000404394710699	3.069027e+02
584.000040789207219	3.068987e+02
585.000977102296929	3.068946e+02
586.000530345756715	3.068904e+02
586.999390607787518	3.068861e+02
588.001144122878259	3.068816e+02
589.000134475393111	3.068770e+02
589.999604690043157	3.068722e+02
590.999772563084207	3.068674e+02
592.000714664528573	3.068625e+02
592.999309139145566	3.068577e+02
594.001520821552276	3.068528e+02
595.001288064761411	3.068481e+02
596.001723137116073	3.068435e+02
596.999821477810087	3.068391e+02
598.00163901190831	3.068349e+02
599.001081933450678	3.068309e+02
600.001234037939525	3.068271e+02
601.001940910154531	3.068235e+02
601.999837888485331	3.068201e+02
603.00074770668266	3.068169e+02
604.001417181059651	3.068137e+02
605.001687215290872	3.068107e+02
606.001423520980666	3.068077e+02
607.000513557763156	3.068047e+02
608.00201169442164	3.068017e+02
609.000056043756331	3.067986e+02
610.001065509754426	3.067955e+02
610.999322067287608	3.067923e+02
612.001290099475682	3.067890e+02
613.00120910368264	3.067857e+02
613.999153626805764	3.067822e+02
615.001215520064648	3.067788e+02
616.001098613251429	3.067754e+02
617.001642391969199	3.067721e+02
617.999697263319149	3.067689e+02
619.001421452946829	3.067659e+02
620.000708426598749	3.067630e+02
621.000582813967867	3.067603e+02
622.001112512948225	3.067579e+02
622.999333074703259	3.067557e+02
624.001526337826249	3.067537e+02
625.001797992750539	3.067520e+02
626.00046178708601	3.067504e+02
627.000823918297669	3.067490e+02
627.99971611159765	3.067477e+02
629.000134610487748	3.067466e+02
630.001969376633838	3.067456e+02
631.002048189577636	3.067446e+02
632.0004285707289	3.067438e+02
633.000140181323104	3.067431e+02
634.000770489483443	3.067424e+02
635.001598749550453	3.067419e+02
636.002066656809347	3.067414e+02
637.001786905906442	3.067410e+02
637.999504703499269	3.067407e+02
639.000633690830796	3.067405e+02
639.99918786834246	3.067403e+02
641.001685653684603	3.067402e+02
641.999542269594372	3.067401e+02
642.999953332245013	3.067399e+02
644.000576416523131	3.067397e+02
645.001570642922729	3.067394e+02
645.999643539166868	3.067391e+02
647.000897338513028	3.067389e+02
647.999393108298932	3.067387e+02
649.001851529181295	3.067387e+02
649.999539178774853	3.067389e+02
651.001794109835942	3.067393e+02
651.999859218567849	3.067400e+02
652.999544433281699	3.067408e+02
653.999801568561224	3.067418e+02
654.999489441358605	3.067430e+02
656.000943333250348	3.067444e+02
657.000535376491371	3.067459e+02
658.000870871285201	3.067475e+02
659.001878863745446	3.067493e+02
660.001233104330709	3.067511e+02
661.000437464629726	3.067529e+02
662.001318534737948	3.067548e+02
662.9991663123335	3.067566e+02
664.000285830275857	3.067584e+02
665.000884472697294	3.067601e+02
666.000710235087126	3.067619e+02
667.000122997112726	3.067637e+02
668.001635112096551	3.067657e+02
669.000913257929483	3.067678e+02
669.999420760518205	3.067701e+02
670.999287944031153	3.067725e+02
672.002072327780297	3.067750e+02
673.000725547593561	3.067777e+02
674.001820541744451	3.067805e+02
675.000683714600314	3.067835e+02
675.999399580010731	3.067868e+02
677.002156536049142	3.067902e+02
678.000592297521962	3.067938e+02
679.002148617484863	3.067974e+02
680.001784788341638	3.068011e+02
680.999746126992932	3.068046e+02
682.001551099061089	3.068082e+02
683.001957194035526	3.068116e+02
683.99943363886166	3.068152e+02
684.999119040938353	3.068189e+02
686.000169280818113	3.068228e+02
687.000927326243527	3.068268e+02
688.001734230271609	3.068309e+02
689.000385540699199	3.068352e+02
690.000102986032516	3.068397e+02
691.000584174011692	3.068446e+02
692.001278119513586	3.068494e+02
692.998810184072113	3.068544e+02
694.000540359068509	3.068596e+02
694.999010773474538	3.068649e+02
695.999565635484373	3.068703e+02
697.001150977339762	3.068757e+02
698.001398222010494	3.068811e+02
698.999725805045159	3.068863e+02
700.001498724736734	3.068913e+02
700.999760782747671	3.068961e+02
702.00030560611242	3.069010e+02
703.001545842853716	3.069060e+02
703.998546867952086	3.069113e+02
705.000921811799685	3.069168e+02
705.99962011738819	3.069224e+02
706.999650543847679	3.069283e+02
708.000666672426519	3.069343e+02
708.999237894717226	3.069405e+02
710.001269207781093	3.069469e+02
711.00068407292008	3.069535e+02
711.999619119693762	3.069603e+02
713.000526590509253	3.069673e+02
713.998803280099537	3.069743e+02
715.000794775426357	3.069813e+02
715.999806607808409	3.069881e+02
717.001147277659015	3.069948e+02
717.999618727621851	3.070012e+02
719.001377582509349	3.070075e+02
719.999845347823111	3.070139e+02
721.000439443962705	3.070204e+02
721.998876129608675	3.070271e+02
722.998944888288406	3.070340e+02
724.00114311208813	3.070411e+02
724.998866032413844	3.070485e+02
726.001106170699586	3.070562e+02
727.001242939658482	3.070642e+02
727.999926591871031	3.070725e+02
728.998559988906209	3.070810e+02
730.001622066776122	3.070896e+02
731.000663074018917	3.070983e+02
731.999073254380278	3.071069e+02
732.999937744622798	3.071153e+02
733.999652488256629	3.071235e+02
735.000101756232084	3.071315e+02
735.999935767415082	3.071394e+02
737.001555677275633	3.071473e+02
737.998609831378303	3.071553e+02
739.000917515005426	3.071635e+02
739.999579389089149	3.071720e+02
741.000865824989205	3.071807e+02
742.001221721286811	3.071898e+02
742.9998251475198	3.071993e+02
743.999381362686222	3.072090e+02
745.000661640020667	3.072190e+02
745.999052092078955	3.072291e+02
746.999024049784566	3.072394e+02
748.001289256029395	3.072496e+02
748.99998594164947	3.072598e+02
750.000493470887022	3.072699e+02
751.00118734312548	3.072799e+02
752.000933119647812	3.072896e+02
752.998936581822591	3.072994e+02
754.001276251013905	3.073093e+02
754.999151737409875	3.073193e+02
755.999553005113967	3.073296e+02
756.999766152413599	3.073402e+02
757.999815231926959	3.073511e+02
758.999249365374908	3.073623e+02
760.00074675962378	3.073737e+02
761.001075912032888	3.073853e+02
762.000603060413027	3.073970e+02
763.000135315137868	3.074087e+02
764.000348738217554	3.074205e+02
765.001515277069643	3.074323e+02
766.000180917357966	3.074441e+02
766.998575464161149	3.074558e+02
767.998928480878021	3.074675e+02
769.0008602609538	3.074793e+02
770.001352425349751	3.074911e+02
771.000882636136907	3.075032e+02
771.999918369505622	3.075155e+02
772.998806968452868	3.075280e+02
774.000941714459373	3.075408e+02
775.000334162326453	3.075538e+02
776.000158078921004	3.075669e+02
777.000362560647091	3.075801e+02
778.000837514654791	3.075933e+02
779.001444253866225	3.076066e+02
779.998932096626277	3.076197e+02
780.999294900777159	3.076329e+02
781.999342827852388	3.076461e+02
782.999108211269913	3.076593e+02
783.998685302788545	3.076726e+02
785.001268894906502	3.076860e+02
786.000626433951197	3.076995e+02
786.999811633585182	3.077132e+02
787.998820800601152	3.077271e+02
789.000829230188174	3.077412e+02
789.999847145920967	3.077554e+02
790.999171168364683	3.077696e+02
791.99902125678841	3.077839e+02
792.999571968755276	3.077982e+02
794.000942685735822	3.078124e+02
795.000039267211605	3.078266e+02
795.999824847008995	3.078408e+02
797.00004227907823	3.078549e+02
798.000352229098212	3.078691e+02
799.000463290113203	3.078833e+02
800.000268040779247	3.078976e+02
800.999871383825734	3.079119e+02
801.999438918668716	3.079263e+02
802.999162635716857	3.079408e+02
803.999150184644463	3.079553e+02
804.999489574434278	3.079697e+02
806.000217659127884	3.079841e+02
807.001365643889585	3.079985e+02
807.99976032352879	3.080128e+02
809.001484647565803	3.080270e+02
810.000193134515371	3.080411e+02
810.998851293064718	3.080550e+02
812.000488119036959	3.080689e+02
812.998858862165093	3.080827e+02
814.000173863743385	3.080963e+02
815.001341913480928	3.081099e+02
815.999389005496141	3.081233e+02
817.000736505305099	3.081367e+02
817.999345361780456	3.081499e+02
819.001619323223736	3.081631e+02
820.001459451422306	3.081762e+02
820.998791650032786	3.081892e+02
821.999835648828935	3.082021e+02
823.001443597258117	3.082151e+02
824.000479166678019	3.082280e+02
825.000061539974695	3.082409e+02
826.000154788647023	3.082539e+02
827.000746153186583	3.082668e+02
827.998702254763771	3.082797e+02
829.000257981022514	3.082927e+02
829.999128928896084	3.083057e+02
831.001489294805879	3.083187e+02
832.000998249167878	3.083317e+02
833.00071269008447	3.083446e+02
834.000566630974504	3.083576e+02
835.000478943295093	3.083706e+02
836.000322319766724	3.083836e+02
836.999960958526117	3.083965e+02
837.999563778135894	3.084094e+02
838.999168539985249	3.084223e+02
839.998830256297879	3.084351e+02
840.998615871871266	3.084478e+02
842.00153524296104	3.084605e+02
843.001203686922736	3.084731e+02
844.000720130980653	3.084856e+02
845.000127664575871	3.084980e+02
845.999454980046153	3.085104e+02
846.998688989041057	3.085226e+02
848.000944380996543	3.085347e+02
848.999961869892672	3.085467e+02
849.998889864095986	3.085586e+02
851.000849864152087	3.085704e+02
851.999601594189471	3.085820e+02
853.001515988440019	3.085935e+02
854.000482909667198	3.086048e+02
854.999656519237647	3.086160e+02
855.99893769661162	3.086270e+02
857.001409319402342	3.086379e+02
858.000850150787869	3.086486e+02
859.00046238222626	3.086591e+02
860.000338609620371	3.086695e+02
861.00055942064489	3.086798e+02
862.00111120017948	3.086900e+02
862.998744885252336	3.087000e+02
863.999562963220342	3.087100e+02
865.000333438597977	3.087198e+02
866.000718484703725	3.087296e+02
867.000381215335096	3.087392e+02
867.999326859724874	3.087487e+02
869.000831713809248	3.087582e+02
869.998731560339024	3.087675e+02
870.99914408124846	3.087768e+02
871.998948856785773	3.087860e+02
873.001251550978509	3.087952e+02
873.999438886644043	3.088043e+02
874.999250714949312	3.088133e+02
876.000331079936132	3.088223e+02
876.999152904660036	3.088312e+02
877.999109606079287	3.088400e+02
879.001226105603337	3.088490e+02
880.000590679232914	3.088579e+02
881.001133877869847	3.088670e+02
882.000326707818431	3.088762e+02
882.998714442753908	3.088855e+02
883.999566477270491	3.088949e+02
884.999493633542215	3.089043e+02
886.001481871908709	3.089137e+02
886.999074026412359	3.089229e+02
888.001361691307693	3.089320e+02
888.998687333536395	3.089409e+02
889.999823340214903	3.089495e+02
891.000206741294278	3.089579e+02
892.001524768773493	3.089660e+02
892.999632733533304	3.089738e+02
893.998726334299249	3.089814e+02
895.001251636017628	3.089889e+02
895.99966766697446	3.089962e+02
897.000914273651915	3.090033e+02
897.99999523874294	3.090103e+02
899.0009590909807	3.090172e+02
900.002533407159831	3.090238e+02
901.001649579413879	3.090301e+02
902.002471845652622	3.090361e+02
903.00037772942153	3.090418e+02
904.002809723267433	3.090472e+02
904.999844958107929	3.090522e+02
905.999949295843749	3.090568e+02
907.000155261807322	3.090610e+02
908.000934451877697	3.090649e+02
909.002379459235726	3.090685e+02
910.001638080394969	3.090716e+02
911.001827591161145	3.090745e+02
912.002161111704822	3.090771e+02
913.000765935814343	3.090794e+02
914.00165379520945	3.090815e+02
915.000358634693953	3.090836e+02
916.000415810124309	3.090857e+02
917.000395916998968	3.090878e+02
918.002309347195592	3.090899e+02
919.001983037054401	3.090921e+02
920.000819481782173	3.090943e+02
921.002363494914448	3.090963e+02
922.000424353145945	3.090982e+02
923.000934642643074	3.090998e+02
923.999918588887567	3.091012e+02
925.002704718492851	3.091023e+02
926.002696914486023	3.091032e+02
927.000086321054596	3.091038e+02
928.001570287640334	3.091043e+02
929.001356130118779	3.091045e+02
930.002757190745569	3.091046e+02
931.001760013499052	3.091045e+02
932.002496640296386	3.091042e+02
933.002770722993091	3.091037e+02
934.001672547361977	3.091030e+02
935.002710266781264	3.091022e+02
936.00106170196193	3.091013e+02
937.001629816131526	3.091004e+02
938.000011724101114	3.090993e+02
939.000753615218969	3.090983e+02
940.001324817527461	3.090972e+02
941.001376824560111	3.090960e+02
942.000125615014554	3.090949e+02
943.000197233623226	3.090937e+02
944.001130840733822	3.090925e+02
945.002318494277233	3.090912e+02
946.000805384652267	3.090898e+02
946.999714333007546	3.090883e+02
948.002760436780932	3.090866e+02
949.000758457107054	3.090846e+02
950.00223440455909	3.090823e+02
950.999915305136028	3.090798e+02
952.002573059240035	3.090769e+02
953.00053643081435	3.090737e+02
953.999817725775301	3.090703e+02
955.000153551236735	3.090666e+02
956.001840701625952	3.090628e+02
957.002536753901836	3.090588e+02
958.002165369327372	3.090547e+02
959.000503621906432	3.090505e+02
960.001241601802349	3.090461e+02
961.00182415570373	3.090417e+02
962.002592048212477	3.090373e+02
963.000411513570498	3.090327e+02
964.001559919866963	3.090281e+02
964.999976972483296	3.090234e+02
966.001702405227775	3.090186e+02
967.000423207178301	3.090138e+02
968.002449167759096	3.090089e+02
969.001325984307641	3.090039e+02
970.002787921842923	3.089990e+02
971.000498195595242	3.089940e+02
972.000557081489774	3.089890e+02
973.002773597749297	3.089841e+02
974.000960477842796	3.089791e+02
975.001521410670648	3.089742e+02
976.001501783840467	3.089693e+02
977.001246241214403	3.089644e+02
978.001257707352806	3.089596e+02
979.001443710795343	3.089548e+02
980.001400281347969	3.089500e+02
981.000942252669802	3.089453e+02
982.000325255523308	3.089405e+02
983.002051484773006	3.089358e+02
984.002475988165884	3.089310e+02
985.002399010116505	3.089262e+02
986.001696966776649	3.089214e+02
986.999810322073017	3.089165e+02
988.00028649169144	3.089116e+02
989.000575804539949	3.089067e+02
990.000659609601257	3.089017e+02
991.000399298362254	3.088966e+02
991.999760921102165	3.088916e+02
993.001898745707194	3.088865e+02
994.000751777808432	3.088815e+02
995.002420509873673	3.088764e+02
996.000894017395353	3.088714e+02
997.002382656525015	3.088664e+02
998.000783479693723	3.088614e+02
999.0022674974648	3.088564e+02
1000.00085560744344	3.088515e+02
1001.00269509692077	3.088466e+02
1002.00166098345005	3.088418e+02
1003.00085863865502	3.088370e+02
1004.0003809664006	3.088322e+02
1005.00023397706707	3.088274e+02
1006.00038472691654	3.088227e+02
1007.00089075079302	3.088179e+02
1008.00176095633424	3.088132e+02
1008.99992234894955	3.088084e+02
1010.00150286438907	3.088036e+02
1011.00038192940849	3.087988e+02
1012.00263615528706	3.087939e+02
1013.00207769701899	3.087891e+02
1014.00173122067895	3.087842e+02
1015.00156740682974	3.087793e+02
1016.00158130024272	3.087744e+02
1017.00179324869418	3.087695e+02
1018.00220893405492	3.087647e+02
1018.99974171588326	3.087599e+02
1020.00057108310989	3.087551e+02
1021.00167020718982	3.087504e+02
1022.00001975314728	3.087457e+02
1023.00181891413922	3.087411e+02
1024.00096705349142	3.087365e+02
1025.00056589157703	3.087320e+02
1026.00061973882362	3.087275e+02
1027.00108111665872	3.087230e+02
1028.00189527269936	3.087186e+02
1028.99992399226335	3.087142e+02
1030.00124467002433	3.087098e+02
1031.00267731200938	3.087054e+02
1032.00105218086173	3.087010e+02
1033.00243969772782	3.086966e+02
1034.00061470947526	3.086921e+02
1035.00168359888221	3.086876e+02
1036.00249860069925	3.086831e+02
1036.99987937622768	3.086785e+02
1037.99987311999075	3.086738e+02
1039.0024032708186	3.086691e+02
1040.00135392480797	3.086644e+02
1040.999878712493	3.086596e+02
1042.00111745941422	3.086548e+02
1043.00206369308444	3.086500e+02
1044.00276709446734	3.086452e+02
1045.00018848085483	3.086404e+02
1046.00048858662194	3.086356e+02
1047.00049681895553	3.086309e+02
1048.00020112822381	3.086262e+02
1049.00268013289315	3.086216e+02
1050.00182109680622	3.086170e+02
1051.00087224398112	3.086124e+02
1051.99989462314875	3.086079e+02
1053.00187506253587	3.086033e+02
1054.00076610413726	3.085988e+02
1054.99973184103737	3.085942e+02
1056.00183053408614	3.085895e+02
1057.00089182120632	3.085848e+02
1057.99995816247588	3.085800e+02
1059.00213397608672	3.085751e+02
1060.00138246242204	3.085702e+02
1061.00080597989427	3.085652e+02
1062.00038595797014	3.085602e+02
1063.00010507932257	3.085552e+02
1063.99993240368121	3.085502e+02
1064.99983997466506	3.085452e+02
1065.99983784852839	3.085403e+02
1066.99997036446234	3.085354e+02
1068.00031321539632	3.085307e+02
1069.00093802167976	3.085259e+02
1070.00186504118665	3.085213e+02
1070.99999787082515	3.085167e+02
1072.00142011894172	3.085122e+02
1072.99992293207129	3.085077e+02
1074.00156718991116	3.085033e+02
1075.00010908368677	3.084988e+02
1076.00164440833282	3.084943e+02
1077.00001577052399	3.084898e+02
1078.00134937508915	3.084853e+02
1079.00261422088397	3.084806e+02
1080.0008004579272	3.084759e+02
1081.00203806036188	3.084712e+02
1082.0000936859808	3.084663e+02
1083.00099232441335	3.084614e+02
1084.00158448389084	3.084565e+02
1085.00184763915036	3.084515e+02
1086.00181224374819	3.084465e+02
1087.00150893746581	3.084415e+02
1088.00097722084752	3.084365e+02
1089.00023644996122	3.084316e+02
1090.00237091644681	3.084267e+02
1091.00128031511258	3.084219e+02
1092.00008777840162	3.084171e+02
1093.00193747221329	3.084124e+02
1094.00075467239367	3.084078e+02
1095.00269191563029	3.084032e+02
1096.00163632915996	3.083987e+02
1097.00066233535199	3.083942e+02
1097.99975699959123	3.083897e+02
1099.00197569590205	3.083852e+02
1100.00121817382069	3.083807e+02
1101.00051497928393	3.083761e+02
1101.99984050122021	3.083714e+02
1103.00230950820651	3.083667e+02
1104.00190742267068	3.083619e+02
1105.00168456578876	3.083569e+02
1106.00158856940266	3.083519e+02
1107.00157376966081	3.083469e+02
1108.00160616706557	3.083417e+02
1109.00165423799626	3.083366e+02
1110.00168722541184	3.083314e+02
1111.00167666294078	3.083263e+02
1112.00164100901338	3.083213e+02
1113.0016082368893	3.083163e+02
1114.0015811704302	3.083114e+02
1115.00158614022598	3.083067e+02
1116.00168214937594	3.083020e+02
1117.00178709406805	3.082974e+02
1118.00170395871783	3.082929e+02
1119.00131608142442	3.082885e+02
1120.00053988737955	3.082841e+02
1121.00244780601156	3.082797e+02
1122.00117117810055	3.082753e+02
1122.99996831972635	3.082709e+02
1124.00184955443547	3.082664e+02
1125.0008117509874	3.082618e+02
1126.00002150219325	3.082572e+02
1127.00255074076676	3.082524e+02
1128.00223106746057	3.082475e+02
1129.00200920869338	3.082425e+02
1130.00177712908544	3.082374e+02
1131.00147374108451	3.082323e+02
1132.00101893863257	3.082271e+02
1133.00041017420335	3.082219e+02
1134.00278128124137	3.082167e+02
1135.00207804170077	3.082116e+02
1136.00142492683199	3.082065e+02
1137.00087033014893	3.082016e+02
1138.00028922801084	3.081968e+02
1139.00244747980901	3.081920e+02
1140.0012223033134	3.081874e+02
1141.00237404415998	3.081829e+02
1142.00238371320052	3.081785e+02
1143.00166866327754	3.081741e+02
1144.00045207131211	3.081698e+02
1145.00140896645394	3.081654e+02
1146.00193472379215	3.081611e+02
1147.0024819924347	3.081566e+02
1148.0000594589801	3.081521e+02
1149.0007810781276	3.081474e+02
1150.00177227282438	3.081426e+02
1151.00016715046763	3.081377e+02
1152.00213740417257	3.081326e+02
1153.0015451623583	3.081274e+02
1154.00134472899663	3.081222e+02
1155.00153888477121	3.081170e+02
1156.00213266585183	3.081117e+02
1157.00006491856539	3.081064e+02
1158.00144956452573	3.081013e+02
1159.00018702758234	3.080962e+02
1160.00243290755111	3.080912e+02
1161.00199624302377	3.080864e+02
1162.00182318344082	3.080818e+02
1163.00178616921221	3.080772e+02
1164.00159441893129	3.080728e+02
1165.00091842607435	3.080685e+02
1166.00231310010463	3.080642e+02
1167.00246377691292	3.080600e+02
1168.00145692360547	3.080553e+02
1168.99942723795084	3.080511e+02
1169.99979268127572	3.080468e+02
1170.9998482534013	3.080424e+02
1171.99977573618571	3.080378e+02
1172.99970711423748	3.080331e+02
1173.99984895071702	3.080283e+02
1175.00048398354443	3.080233e+02
1176.0017852294759	3.080182e+02
1177.00067111765429	3.080130e+02
1178.00000052079463	3.080077e+02
1178.99964776748902	3.080024e+02
1179.9996500149507	3.079972e+02
1181.00011751790998	3.079920e+02
1182.00109274378019	3.079869e+02
1182.99953844046445	3.079819e+02
1184.00161975154674	3.079771e+02
1185.0010952845264	3.079723e+02
1186.00082077057436	3.079678e+02
1187.00052259694871	3.079633e+02
1187.99981967165877	3.079590e+02
1189.00100104239505	3.079547e+02
1190.00075818430082	3.079505e+02
1191.00229925142048	3.079463e+02
1192.00238138700774	3.079421e+02
1193.00115142059485	3.079379e+02
1194.00229233991195	3.079336e+02
1194.99991325910969	3.079292e+02
1196.00023564771027	3.079246e+02
1197.00049059507842	3.079198e+02
1198.00096832561576	3.079149e+02
1199.00196906711221	3.079099e+02
1200.00072330591365	3.079047e+02
1201.00032337418634	3.078994e+02
1202.00070921642305	3.078941e+02
1203.00178901727554	3.078888e+02
1204.00053344729099	3.078836e+02
1205.00006089014664	3.078784e+02
1206.00039809618579	3.078733e+02
1207.00151598089246	3.078684e+02
1208.00035781096744	3.078636e+02
1208.99987153087022	3.078590e+02
1209.99979481689934	3.078545e+02
1210.99990631732817	3.078502e+02
1211.99983363515344	3.078460e+02
1213.0017097821742	3.078418e+02
1214.0021506782607	3.078377e+02
1215.00116107686085	3.078336e+02
1216.00141195242895	3.078295e+02
1217.00038530247593	3.078253e+02
1218.00163738450669	3.078210e+02
1219.00191638025217	3.078165e+02
1220.00175449950575	3.078119e+02
1221.00164270278879	3.078072e+02
1222.00177634713282	3.078023e+02
1223.00238456964007	3.077972e+02
1224.00073988087343	3.077920e+02
1224.99994067277544	3.077868e+02
1225.99988755455593	3.077815e+02
1227.00052770662251	3.077763e+02
1228.00185086165811	3.077710e+02
1229.00085501987633	3.077659e+02
1230.00063862211573	3.077609e+02
1231.00120464337965	3.077560e+02
1231.99946905427805	3.077512e+02
1233.00143015099479	3.077466e+02
1234.00073198825248	3.077422e+02
1235.00016940806972	3.077378e+02
1236.00243736717289	3.077336e+02
1237.00067041578154	3.077294e+02
1238.00048635038979	3.077253e+02
1239.00190729616907	3.077212e+02
1240.00200350179421	3.077170e+02
1241.00072930942611	3.077128e+02
1242.00120417448375	3.077085e+02
1243.00079487614312	3.077040e+02
1244.00003539312388	3.076994e+02
1245.00239127967575	3.076946e+02
1246.00203964125558	3.076896e+02
1247.00225056698514	3.076845e+02
1248.00021967876341	3.076793e+02
1249.00209280594663	3.076741e+02
1250.0017432442155	3.076688e+02
1251.00223105776399	3.076635e+02
1252.00042478383716	3.076582e+02
1253.00236105416661	3.076530e+02
1254.00199279181561	3.076479e+02
1255.00239793528704	3.076430e+02
1256.0004753739197	3.076382e+02
1257.00226193670846	3.076336e+02
1258.00142996505519	3.076291e+02
1259.00078220803221	3.076247e+02
1259.99991128766237	3.076205e+02
1261.00125664209122	3.076163e+02
1262.00120878328926	3.076121e+02
1262.99986208942869	3.076079e+02
1264.00044668269834	3.076037e+02
1264.99972316733647	3.075994e+02
1266.0003879788535	3.075950e+02
1267.00033864845113	3.075904e+02
1267.99998568574119	3.075857e+02
1269.00241130910103	3.075809e+02
1270.00212418921797	3.075759e+02
1270.99949781502346	3.075708e+02
1272.00069961486156	3.075656e+02
1272.99960364584672	3.075603e+02
1274.00234622308585	3.075550e+02
1274.99986669649093	3.075496e+02
1276.00123938136585	3.075443e+02
1277.000207835541	3.075390e+02
1277.99978615834652	3.075338e+02
1278.99999296406304	3.075288e+02
1280.00078588853944	3.075239e+02
1281.00218925132981	3.075191e+02
1282.001000308627	3.075145e+02
1282.99989982189345	3.075101e+02
1284.00160128966195	3.075057e+02
1284.99949913572163	3.075014e+02
1285.99948525349669	3.074971e+02
1287.00143195195619	3.074928e+02
1288.0022296618929	3.074885e+02
1289.00193007721691	3.074841e+02
1290.00039502276127	3.074796e+02
1291.00113276644925	3.074750e+02
1292.00123467932281	3.074702e+02
1293.00090210048734	3.074654e+02
1294.00087284951906	3.074603e+02
1295.00153186770967	3.074552e+02
1295.99987680909931	3.074499e+02
1297.00202598392593	3.074445e+02
1298.00198132145988	3.074391e+02
1298.99978490434228	3.074337e+02
1300.00148177374126	3.074282e+02
1301.00084461737083	3.074228e+02
1302.0007922119737	3.074175e+02
1303.00126152487223	3.074123e+02
1304.00222154247763	3.074072e+02
1305.00055956380015	3.074023e+02
1306.00236143979669	3.073976e+02
1307.00113861308932	3.073929e+02
1307.99970352336413	3.073884e+02
1309.00082301903626	3.073839e+02
1310.00105060529063	3.073795e+02
1311.0001943644661	3.073751e+02
1312.00149514521718	3.073706e+02
1313.00181865880609	3.073661e+02
1314.00101850295437	3.073615e+02
1314.99966948671727	3.073568e+02
1316.00094251422252	3.073520e+02
1317.00175474054163	3.073470e+02
1317.99973445341038	3.073419e+02
1319.0011838583041	3.073366e+02
1320.00006145143266	3.073313e+02
1320.9998786588244	3.073258e+02
1322.00059475559601	3.073203e+02
1323.00210252745683	3.073147e+02
1324.00150249071521	3.073092e+02
1325.001828280268	3.073036e+02
1325.99982418465379	3.072982e+02
1327.00134061151948	3.072928e+02
1327.99995232619585	3.072875e+02
1329.00180752360143	3.072824e+02
1330.00047049555064	3.072773e+02
1331.00202380001542	3.072724e+02
1332.00022600971192	3.072677e+02
1333.00110556656159	3.072630e+02
1334.00157945354044	3.072583e+02
1335.00132119213072	3.072537e+02
1336.00020147994837	3.072491e+02
1337.00144249976211	3.072444e+02
1338.00187539297303	3.072396e+02
1339.00179980415351	3.072348e+02
1340.0016842205041	3.072298e+02
1341.00129452928695	3.072247e+02
1342.00090668375151	3.072194e+02
1343.00106692536019	3.072141e+02
1344.00164754809566	3.072086e+02
1344.9995518319779	3.072031e+02
1346.00117803193439	3.071975e+02
1347.00058294570135	3.071919e+02
1348.00065221684781	3.071863e+02
1349.00136195362552	3.071807e+02
1349.99964389572051	3.071751e+02
1351.00132676663816	3.071696e+02
1352.00010720266232	3.071642e+02
1353.00215635971608	3.071588e+02
1354.00093085089838	3.071536e+02
1355.00229045060428	3.071485e+02
1356.00039744744981	3.071435e+02
1357.00151050956129	3.071385e+02
1358.00223619059966	3.071336e+02
1358.99939708340594	3.071287e+02
1359.99940372392257	3.071238e+02
1361.00212330046543	3.071189e+02
1362.00134583883619	3.071139e+02
1363.00052368254137	3.071088e+02
1363.99970074483099	3.071036e+02
1365.00189773459147	3.070983e+02
1366.00131001497152	3.070929e+02
1367.00107700075932	3.070875e+02
1368.0010993491303	3.070820e+02
1369.00152064225426	3.070764e+02
1370.00242757796013	3.070708e+02
1371.00061275779763	3.070651e+02
1372.00225436233609	3.070595e+02
1373.00132172492476	3.070538e+02
1374.00072976524916	3.070482e+02
1375.00047486011385	3.070427e+02
1376.00057610548834	3.070372e+02
1377.00094119779419	3.070317e+02
1378.00147969323575	3.070264e+02
1379.00206281419082	3.070212e+02
1379.99960835852539	3.070160e+02
1381.00035315717696	3.070110e+02
1382.00117982417487	3.070060e+02
1383.00188842857392	3.070011e+02
1384.00238074751178	3.069962e+02
1384.99956844715962	3.069913e+02
1385.9995144857171	3.069865e+02
1387.00206609297879	3.069817e+02
1388.00113261640308	3.069769e+02
1388.99979272700102	3.069720e+02
1390.00100797844289	3.069672e+02
1391.00175440717067	3.069624e+02
1392.00207531668116	3.069575e+02
1393.00194194733967	3.069527e+02
1394.00136542118298	3.069479e+02
1395.00040574753643	3.069431e+02
1396.00215173643983	3.069383e+02
1397.00054185882527	3.069336e+02
1398.0017606700294	3.069288e+02
1398.99976246545953	3.069242e+02
1400.00067484689248	3.069196e+02
1401.00147965706424	3.069150e+02
1402.00219265735041	3.069105e+02
1402.99974176259661	3.069061e+02
1404.00022969408224	3.069017e+02
1405.00059873208011	3.068974e+02
1406.00078672673521	3.068932e+02
1407.0007648413191	3.068891e+02
1408.00052971976174	3.068850e+02
1409.00002698930848	3.068810e+02
1410.00228156024286	3.068771e+02
1411.00118097564541	3.068732e+02
1411.99975509059163	3.068694e+02
1413.00107292269581	3.068657e+02
1414.00213952720424	3.068620e+02
1414.99992407696914	3.068583e+02
1416.00048167130171	3.068547e+02
1417.00075655608157	3.068512e+02
1418.00076763720131	3.068477e+02
1419.000554672622	3.068443e+02
1420.00014793516266	3.068409e+02
1420.99955837955667	3.068376e+02
1422.00182019670569	3.068343e+02
1423.00086064730885	3.068311e+02
1423.99974808299248	3.068280e+02
1425.00155270657524	3.068250e+02
1426.00021303310587	3.068221e+02
1427.00180606315939	3.068192e+02
1428.00027117868967	3.068164e+02
1429.0017150724359	3.068137e+02
1430.00009498698455	3.068111e+02
1431.00148637769485	3.068085e+02
1431.99983459352961	3.068061e+02
1433.00122372700935	3.068037e+02
1433.99958504823076	3.068014e+02
1435.00099013086469	3.067992e+02
1436.00243049145433	3.067971e+02
1437.00092542327593	3.067950e+02
1437.99958640234604	3.067931e+02
1439.00155438035927	3.067912e+02
1440.0008606903175	3.067894e+02
1441.00067439768281	3.067877e+02
1442.00115921649444	3.067861e+02
1442.9994869696277	3.067846e+02
1444.00200200168956	3.067832e+02
1444.99983316629164	3.067819e+02
1446.00244001918691	3.067808e+02
1447.0009158599828	3.067798e+02
1448.00162168231577	3.067790e+02
1449.00147096406477	3.067783e+02
1450.00031629733826	3.067778e+02
1451.00110556522736	3.067776e+02
1452.00062725779549	3.067775e+02
1453.00189060908019	3.067776e+02
1454.00168470785093	3.067779e+02
1454.99982438806978	3.067784e+02
1456.00234023965163	3.067791e+02
1457.00247151166786	3.067800e+02
1457.99978250547156	3.067810e+02
1459.0000124022597	3.067822e+02
1459.9995264321692	3.067835e+02
1461.0012289927638	3.067849e+02
1462.00232118737358	3.067865e+02
1463.00029809577313	3.067881e+02
1464.00179723596398	3.067899e+02
1465.00072702734246	3.067917e+02
1466.00032453342374	3.067935e+02
1467.0007842909647	3.067953e+02
1468.00233265395582	3.067971e+02
1469.0024429164198	3.067990e+02
1470.00076987063153	3.068009e+02
1471.0020755894061	3.068030e+02
1472.00185651071888	3.068051e+02
1473.0019727176757	3.068074e+02
1474.0018970851163	3.068099e+02
1475.00196698163882	3.068125e+02
1476.00021590997676	3.068152e+02
1477.0006522291103	3.068180e+02
1478.00060194689854	3.068209e+02
1479.00007764097563	3.068239e+02
1479.99938356386815	3.068269e+02
1480.99952132620911	3.068298e+02
1482.00159064828904	3.068327e+02
1483.00023121288996	3.068356e+02
1483.99944084453546	3.068386e+02
1485.00228560442292	3.068415e+02
1486.00048169832712	3.068446e+02
1487.00101512764513	3.068478e+02
1487.99948263876536	3.068511e+02
1489.00164878039186	3.068546e+02
1490.00120211845046	3.068583e+02
1491.00149582673566	3.068621e+02
1491.99957597045659	3.068660e+02
1493.00217855849564	3.068702e+02
1494.00152038810575	3.068745e+02
1495.00232985045204	3.068789e+02
1495.99957868875367	3.068835e+02
1497.00041299866211	3.068883e+02
1498.00228026435752	3.068931e+02
1499.0019717056748	3.068979e+02
1499.99944198550452	3.069028e+02
1501.00197434916413	3.069077e+02
1502.00097798465208	3.069125e+02
1503.00095592908497	3.069174e+02
1504.00100045218869	3.069224e+02
1505.00138450374584	3.069274e+02
1505.99963133765618	3.069324e+02
1507.00218859816141	3.069376e+02
1508.00215459009792	3.069429e+02
1509.00145067798485	3.069483e+02
1510.0004111013784	3.069539e+02
1511.00043633165319	3.069596e+02
1512.00090013349381	3.069654e+02
1513.00150129576082	3.069713e+02
1514.00045613390421	3.069772e+02
1515.0004895439115	3.069830e+02
1516.00064640102619	3.069885e+02
1517.00025946888468	3.069938e+02
1518.00180260865295	3.069988e+02
1519.00094428725606	3.070035e+02
1519.99947743220218	3.070083e+02
1520.99967138157922	3.070132e+02
1522.00110347006535	3.070183e+02
1523.00085806139145	3.070236e+02
1524.00227354593676	3.070291e+02
1525.00214313299193	3.070349e+02
1526.00015786992503	3.070410e+02
1527.00225177713651	3.070474e+02
1528.0001851478421	3.070542e+02
1529.00168708036381	3.070612e+02
1530.00184077485028	3.070686e+02
1531.00138248521512	3.070760e+02
1532.00054613347834	3.070835e+02
1532.99935756371656	3.070909e+02
1534.00080229890591	3.070981e+02
1535.00063800180737	3.071050e+02
1536.00044809441829	3.071118e+02
1537.0024513020403	3.071185e+02
1538.00021715961134	3.071254e+02
1539.00022536233246	3.071324e+02
1539.99965146088675	3.071398e+02
1541.00160632775419	3.071475e+02
1542.00242846992796	3.071555e+02
1543.00146703839664	3.071639e+02
1544.00122770013149	3.071726e+02
1545.00229609782764	3.071816e+02
1546.00005043585611	3.071908e+02
1547.00231625834817	3.072001e+02
1548.00075620504799	3.072095e+02
1549.0018650204122	3.072189e+02
1550.00243819486718	3.072282e+02
1551.0020190543928	3.072374e+02
1552.00188377580912	3.072464e+02
1553.00061469208367	3.072554e+02
1554.00061680319368	3.072644e+02
1555.00160644996754	3.072736e+02
1556.00103445746504	3.072829e+02
1556.9994068021947	3.072925e+02
1558.00018298727855	3.073023e+02
1559.00006911144374	3.073124e+02
1560.00154254704034	3.073228e+02
1561.00136399896451	3.073335e+02
1562.00043796229738	3.073444e+02
1563.00021025949127	3.073554e+02
1564.0019983830025	3.073665e+02
1565.00040247734796	3.073776e+02
1566.00159256775419	3.073888e+02
1567.00076829848354	3.073999e+02
1567.99969698232621	3.074109e+02
1569.00080821864981	3.074219e+02
1570.00041200809414	3.074329e+02
1571.0017829885478	3.074440e+02
1572.00230063813865	3.074551e+02
1572.9994080157328	3.074665e+02
1573.99991457438978	3.074781e+02
1575.00099178592723	3.074899e+02
1575.99936336314477	3.075020e+02
1577.00090348195931	3.075143e+02
1578.0023832285392	3.075267e+02
1579.0006851629214	3.075391e+02
1580.00212364575168	3.075515e+02
1581.00060599417634	3.075639e+02
1582.0022305594332	3.075763e+02
1583.00067724483029	3.075887e+02
1584.00192758469302	3.076009e+02
1585.00235790405236	3.076132e+02
1586.00149275982881	3.076254e+02
1587.00222385816323	3.076377e+02
1588.00146541143567	3.076501e+02
1588.99958546689709	3.076628e+02
1590.00006341164863	3.076758e+02
1591.00005538963728	3.076891e+02
1591.99975114748372	3.077026e+02
1593.00243515408761	3.077164e+02
1594.00204142697703	3.077302e+02
1595.00164709542446	3.077440e+02
1596.00119063272928	3.077578e+02
1597.00052817956089	3.077716e+02
1597.99952182841821	3.077853e+02
1599.00130684936221	3.077990e+02
1599.99981535713846	3.078125e+02
1601.00145051019399	3.078262e+02
1602.00010329296651	3.078397e+02
1603.00191414534584	3.078534e+02
1604.00051873423399	3.078671e+02
1605.00191450489137	3.078809e+02
1605.99975262272596	3.078947e+02
1607.00023190400702	3.079086e+02
1608.00043648950623	3.079225e+02
1609.00055999963502	3.079364e+02
1610.0009170024116	3.079502e+02
1611.001741257418	3.079638e+02
1612.0001706721118	3.079774e+02
1612.999404804264	3.079910e+02
1613.9995002829116	3.080045e+02
1615.0003973314017	3.080180e+02
1616.00190457780104	3.080315e+02
1617.00081760004173	3.080451e+02
1618.00021618120877	3.080586e+02
1619.00012759630522	3.080722e+02
1620.00058389813239	3.080859e+02
1621.00153054397197	3.080996e+02
1621.99990632452636	3.081133e+02
1623.00186297378309	3.081270e+02
1624.00109695929541	3.081407e+02
1625.00060884548589	3.081544e+02
1626.00037577899548	3.081680e+02
1627.00034948603729	3.081816e+02
1628.00057745026311	3.081951e+02
1629.00102148624933	3.082085e+02
1630.00169563352665	3.082219e+02
1630.99943060590749	3.082351e+02
1632.00040985007013	3.082483e+02
1633.00151218209294	3.082613e+02
1633.99962168989737	3.082743e+02
1635.00099494452138	3.082872e+02
1635.99951230194438	3.083000e+02
1637.0015764402583	3.083128e+02
1638.00095035058303	3.083255e+02
1639.00084290852033	3.083382e+02
1640.00127968392349	3.083508e+02
1641.00231041250436	3.083635e+02
1642.00085439373447	3.083761e+02
1643.00006424387175	3.083887e+02
1643.99993741584012	3.084014e+02
1645.00046120292927	3.084140e+02
1646.00154547154466	3.084267e+02
1646.99998948904863	3.084392e+02
1648.0019560656674	3.084518e+02
1649.00108395298275	3.084643e+02
1650.00040923495135	3.084767e+02
1650.9998145295267	3.084891e+02
1652.00228328488492	3.085015e+02
1653.00135786075043	3.085137e+02
1653.99990519593848	3.085258e+02
1655.00094263863707	3.085379e+02
1656.00144990515332	3.085499e+02
1657.001486180342	3.085619e+02
1658.00114828848768	3.085737e+02
1659.00056125673336	3.085855e+02
1659.99983203648662	3.085971e+02
1661.00217269050086	3.086087e+02
1662.00136381713992	3.086202e+02
1663.00060897905269	3.086316e+02
1664.00000080221275	3.086428e+02
1664.99961876574889	3.086539e+02
1665.9994337060391	3.086649e+02
1666.99945094847817	3.086758e+02
1667.99969823608831	3.086865e+02
1669.0002503347398	3.086971e+02
1670.00112697989584	3.087076e+02
1671.00223801401739	3.087179e+02
1672.00029298165714	3.087281e+02
1673.00147125443232	3.087382e+02
1674.0024235614801	3.087482e+02
1674.99991810012102	3.087580e+02
1676.00018549485685	3.087678e+02
1677.00034258195728	3.087775e+02
1678.0006078432657	3.087871e+02
1679.00074318016118	3.087967e+02
1680.00061815672484	3.088062e+02
1680.99996409869118	3.088157e+02
1682.00176703641841	3.088249e+02
1682.9994812510713	3.088342e+02
1684.00210582807949	3.088434e+02
1684.9997232986882	3.088527e+02
1686.00162352087023	3.088619e+02
1686.99928511856547	3.088711e+02
1688.00013261928802	3.088804e+02
1689.00208923491664	3.088898e+02
1689.99973834586353	3.088992e+02
1690.99948128723213	3.089087e+02
1692.00121101059153	3.089183e+02
1693.00136240399593	3.089278e+02
1693.99957141443906	3.089372e+02
1695.00190741234201	3.089466e+02
1696.00013208434189	3.089557e+02
1697.00077737072206	3.089647e+02
1698.00160860480719	3.089734e+02
1699.00195378476951	3.089819e+02
1700.00183178807356	3.089901e+02
1701.00212652200298	3.089980e+02
1702.00197227292597	3.090056e+02
1702.99924638317179	3.090130e+02
1704.00077320654168	3.090203e+02
1704.99997854296589	3.090273e+02
1706.00161548434903	3.090342e+02
1707.00146394703415	3.090410e+02
1707.99926734734345	3.090475e+02
1709.00170158088281	3.090537e+02
1710.00025709872853	3.090597e+02
1711.00200663532223	3.090653e+02
1712.00099446604986	3.090706e+02
1713.00023424793358	3.090755e+02
1713.99943710887783	3.090800e+02
1715.00202866329209	3.090842e+02
1716.00197178756753	3.090879e+02
1716.99942580786842	3.090913e+02
1718.00083168834226	3.090942e+02
1718.99953573065409	3.090969e+02
1720.00078094724836	3.090993e+02
1721.00014633540104	3.091014e+02
1721.99924175523415	3.091033e+02
1723.00042829580616	3.091049e+02
1724.00113965048058	3.091066e+02
1724.99954316198364	3.091084e+02
1726.0002667158908	3.091101e+02
1727.00192361754353	3.091118e+02
1727.99944069978505	3.091134e+02
1728.99928636835784	3.091150e+02
1730.00114352220453	3.091163e+02
1731.00170482415865	3.091175e+02
1732.00057964351049	3.091186e+02
1733.00037499755285	3.091194e+02
1734.00094982649284	3.091201e+02
1734.99938763210798	3.091206e+02
1736.00232569371678	3.091210e+02
1737.00073653296545	3.091212e+02
1738.0009665585801	3.091213e+02
1739.00225875173533	3.091212e+02
1739.99989089831297	3.091209e+02
1741.00141984554466	3.091205e+02
1741.99934770596747	3.091199e+02
1742.99990019412962	3.091191e+02
1744.00091572768224	3.091182e+02
1745.00068450912227	3.091172e+02
1746.00062133516371	3.091162e+02
1747.00198500961801	3.091151e+02
1748.00224695144425	3.091139e+02
1749.00126858479257	3.091128e+02
1750.00161968650377	3.091116e+02
1750.9997092020028	3.091104e+02
1752.00144777802461	3.091092e+02
1753.00026170735805	3.091079e+02
1754.00218669342166	3.091065e+02
1755.00139858895091	3.091050e+02
1756.00128267370133	3.091032e+02
1757.00205770201205	3.091012e+02
1758.00002264717455	3.090989e+02
1759.00062327042133	3.090962e+02
1760.00025216299309	3.090932e+02
1761.00187348628788	3.090899e+02
1762.00212852821619	3.090864e+02
1763.00081485484156	3.090826e+02
1764.00107686984484	3.090787e+02
1764.9998568213789	3.090747e+02
1766.00019417094722	3.090705e+02
1767.0017915733315	3.090663e+02
1768.00125262652091	3.090621e+02
1768.99937462505045	3.090578e+02
1769.99997874569317	3.090535e+02
1771.00060046397971	3.090491e+02
1772.00124592962334	3.090446e+02
1773.00211127545663	3.090401e+02
1774.00011331133851	3.090356e+02
1775.00109214504914	3.090309e+02
1776.00195505511169	3.090262e+02
1776.99985129126799	3.090214e+02
1778.00076166344184	3.090166e+02
1779.00138012028287	3.090117e+02
1780.00177172110102	3.090067e+02
1781.00190062878801	3.090018e+02
1782.00144119139713	3.089969e+02
1783.00066928198794	3.089919e+02
1783.99998476426481	3.089870e+02
1785.00226558580243	3.089821e+02
1786.00144910440167	3.089772e+02
1787.00124547982864	3.089724e+02
1788.00168827893708	3.089677e+02
1789.0022080209028	3.089630e+02
1789.9995911069966	3.089583e+02
1791.00010002287286	3.089536e+02
1792.00026048073732	3.089490e+02
1792.99940565161046	3.089443e+02
1794.00095048029311	3.089397e+02
1795.0022039799876	3.089350e+02
1796.0023919818257	3.089303e+02
1797.0014321338056	3.089256e+02
1798.0031820424424	3.089208e+02
1799.00156390193	3.089160e+02
1800.00253116195722	3.089112e+02
1801.00297931816453	3.089064e+02
1802.00299992428063	3.089015e+02
1803.0026530194275	3.088966e+02
1804.00192578488122	3.088918e+02
1805.000839223203	3.088869e+02
1806.00251118268443	3.088820e+02
1807.00089268304328	3.088771e+02
1808.00212839875189	3.088723e+02
1809.00322868427702	3.088674e+02
1810.00123368741583	3.088626e+02
1811.00235695240326	3.088578e+02
1812.00364398830607	3.088531e+02
1813.00213186630731	3.088483e+02
1814.00095316821785	3.088436e+02
1815.00329309993526	3.088389e+02
1816.00313267045703	3.088342e+02
1817.00359492397411	3.088295e+02
1818.00164024281912	3.088249e+02
1819.00338250235836	3.088202e+02
1820.0026825321338	3.088155e+02
1821.00259879485566	3.088108e+02
1822.00308566601916	3.088061e+02
1823.0010054460347	3.088014e+02
1824.00245336836861	3.087966e+02
1825.00125472971558	3.087919e+02
1826.00354656955096	3.087872e+02
1827.00317555549532	3.087825e+02
1828.00316531953194	3.087778e+02
1829.00344495855757	3.087731e+02
1830.00091375567354	3.087685e+02
1831.00170963893424	3.087639e+02
1832.00275104385969	3.087593e+02
1833.00099577118704	3.087548e+02
1834.00262212345956	3.087503e+02
1835.00145909217144	3.087459e+02
1836.00363627737488	3.087415e+02
1837.00284107066341	3.087371e+02
1838.0020743905136	3.087328e+02
1839.00126184375517	3.087284e+02
1840.00347155332656	3.087241e+02
1841.0025508381018	3.087197e+02
1842.00155061300438	3.087154e+02
1843.00350071229127	3.087110e+02
1844.00220903286663	3.087066e+02
1845.00068662928334	3.087021e+02
1846.00192323909232	3.086977e+02
1847.00263463570627	3.086931e+02
1848.00268451952502	3.086886e+02
1849.00213299693814	3.086840e+02
1850.00100608008006	3.086793e+02
1851.0022153825455	3.086746e+02
1852.00270173464378	3.086699e+02
1853.00272756874369	3.086651e+02
1854.00229258205809	3.086604e+02
1855.0012055603006	3.086556e+02
1856.00257166980896	3.086508e+02
1857.00343100416558	3.086460e+02
1858.00078343365203	3.086413e+02
1859.00083484139236	3.086366e+02
1860.00369642245778	3.086319e+02
1861.00354752279736	3.086272e+02
1862.00350560142761	3.086226e+02
1863.0035626065021	3.086179e+02
1864.00370203119996	3.086133e+02
1865.00088835834981	3.086086e+02
1866.00129610488921	3.086039e+02
1867.0019502342202	3.085992e+02
1868.00292411733312	3.085944e+02
1869.00119235790589	3.085896e+02
1870.00291698685533	3.085848e+02
1871.00203684173857	3.085799e+02
1872.00166842417707	3.085751e+02
1873.00183204891277	3.085702e+02
1874.00253244347687	3.085653e+02
1875.00067797616498	3.085605e+02
1876.00235570301584	3.085557e+02
1877.00134049012922	3.085510e+02
1878.00370017286377	3.085463e+02
1879.00323184173499	3.085417e+02
1880.00296275255596	3.085372e+02
1881.00285955580875	3.085327e+02
1882.00289861750957	3.085282e+02
1883.00301181904797	3.085238e+02
1884.00309687418894	3.085194e+02
1885.00306864686081	3.085149e+02
1886.00284294952485	3.085105e+02
1887.00234465961034	3.085060e+02
1888.00154075534124	3.085015e+02
1889.00351601047259	3.084970e+02
1890.00211980521772	3.084924e+02
1891.00345882449597	3.084877e+02
1892.00132752346803	3.084831e+02
1893.00179110609611	3.084784e+02
1894.00172549117133	3.084736e+02
1895.00114435379396	3.084689e+02
1896.00317729971152	3.084641e+02
1897.00176541026667	3.084593e+02
1898.00310227232353	3.084545e+02
1899.00112432637047	3.084496e+02
1900.00199415479256	3.084448e+02
1901.00268508550562	3.084401e+02
1902.00324489102627	3.084353e+02
1903.00067780807171	3.084306e+02
1904.00116893688096	3.084259e+02
1905.00172753394645	3.084212e+02
1906.00243050581662	3.084166e+02
1907.00331604072176	3.084120e+02
1908.00133635087923	3.084073e+02
1909.00263672734468	3.084027e+02
1910.00112222546841	3.083981e+02
1911.00296088655296	3.083934e+02
1912.00207679922892	3.083887e+02
1913.00157131657738	3.083840e+02
1914.0014659620997	3.083792e+02
1915.00176211387065	3.083744e+02
1916.00241713867035	3.083696e+02
1917.00337970135502	3.083647e+02
1918.00152410672695	3.083598e+02
1919.00295446820815	3.083550e+02
1920.00147821812379	3.083501e+02
1921.00319250787675	3.083453e+02
1922.00190018356329	3.083405e+02
1923.00367667732939	3.083357e+02
1924.00231320394983	3.083310e+02
1925.00085054596752	3.083264e+02
1926.00234658928684	3.083218e+02
1927.00066827513706	3.083172e+02
1928.00197339102033	3.083127e+02
1929.00317185618997	3.083082e+02
1930.00115662418966	3.083038e+02
1931.0020289618908	3.082993e+02
1932.00266997339349	3.082949e+02
1933.00304026816934	3.082904e+02
1934.00312706944919	3.082859e+02
1935.00293311370251	3.082814e+02
1936.00249483846096	3.082768e+02
1937.00187742966887	3.082722e+02
1938.00107481601731	3.082675e+02
1939.00308913791719	3.082627e+02
1940.00173789337691	3.082579e+02
1941.00314031610674	3.082530e+02
1942.00119715363758	3.082480e+02
1943.00207359093361	3.082430e+02
1944.00276290757347	3.082380e+02
1945.00332228851448	3.082330e+02
1946.00069841411573	3.082280e+02
1947.00100086764428	3.082230e+02
1948.00112948035917	3.082181e+02
1949.00105557928305	3.082133e+02
1950.00082971662141	3.082086e+02
1951.00361115546343	3.082039e+02
1952.00337636038716	3.081993e+02
1953.00321626309483	3.081948e+02
1954.00312215679037	3.081903e+02
1955.00307609289462	3.081858e+02
1956.00305144581966	3.081813e+02
1957.00301968329859	3.081768e+02
1958.00297924992606	3.081723e+02
1959.00297882971608	3.081677e+02
1960.00312658187727	3.081631e+02
1961.00358033289103	3.081584e+02
1962.00136260513614	3.081536e+02
1963.00265034820723	3.081487e+02
1964.00129665287682	3.081437e+02
1965.0033080088167	3.081387e+02
1966.00242611211615	3.081336e+02
1967.00166093293751	3.081286e+02
1968.00098542149908	3.081235e+02
1969.003452924155	3.081185e+02
1970.00293097017425	3.081136e+02
1971.00246494421754	3.081087e+02
1972.00199676307739	3.081040e+02
1973.00145048211289	3.080994e+02
1974.00077325672851	3.080948e+02
1975.00299685821983	3.080903e+02
1976.00181342653332	3.080859e+02
1977.00312543315886	3.080815e+02
1978.00365643496116	3.080771e+02
1979.00344036292677	3.080727e+02
1980.0026816542811	3.080683e+02
1981.00158498880023	3.080639e+02
1982.00346116157039	3.080594e+02
1983.002419493557	3.080548e+02
1984.00170847316303	3.080501e+02
1985.00132753220259	3.080454e+02
1986.00126051317852	3.080405e+02
1987.00152162155882	3.080355e+02
1988.00204114705662	3.080304e+02
1989.00275316103739	3.080253e+02
1990.00360847035699	3.080201e+02
1991.00149199161046	3.080149e+02
1992.00253880279774	3.080097e+02
1993.00068093046866	3.080046e+02
1994.00206961461663	3.079996e+02
1995.00364827253907	3.079946e+02
1996.0023038099821	3.079898e+02
1997.00096741491438	3.079850e+02
1998.0024228172017	3.079804e+02
1999.00350276918516	3.079759e+02
2000.00075446259234	3.079715e+02
2001.00296706496329	3.079671e+02
2002.0012220535034	3.079627e+02
2003.00192095665057	3.079584e+02
2004.00176193355696	3.079540e+02
2005.00108269350926	3.079496e+02
2006.00338639999222	3.079451e+02
2007.0027700639771	3.079405e+02
2008.00233465768588	3.079357e+02
2009.00225032238359	3.079308e+02
2010.00273508872078	3.079258e+02
2011.00083002076485	3.079207e+02
2012.00260824764155	3.079154e+02
2013.00191475351971	3.079101e+02
2014.00177235648471	3.079048e+02
2015.00216108675841	3.078995e+02
2016.00306214790498	3.078942e+02
2017.00143718481513	3.078891e+02
2018.00339522475929	3.078840e+02
2019.00281029238272	3.078791e+02
2020.00267571088489	3.078743e+02
2021.00281098375672	3.078697e+02
2022.00296304469157	3.078652e+02
2023.00271257443978	3.078608e+02
2024.00124321984322	3.078565e+02
2025.00122630078977	3.078522e+02
2026.00286915903871	3.078480e+02
2027.00303655528046	3.078437e+02
2028.00179934005905	3.078394e+02
2029.00278567070768	3.078350e+02
2030.00323845515754	3.078304e+02
2031.00350808922417	3.078257e+02
2032.00084460318817	3.078209e+02
2033.0015562340775	3.078159e+02
2034.00281575636041	3.078108e+02
2035.00179230511208	3.078055e+02
2036.0015614141937	3.078002e+02
2037.00202313901968	3.077948e+02
2038.00318164159421	3.077895e+02
2039.00196530910466	3.077841e+02
2040.00143296293118	3.077789e+02
2041.00161664371512	3.077737e+02
2042.00252340873794	3.077687e+02
2043.00111591430982	3.077638e+02
2044.00342272583976	3.077591e+02
2045.00301109498173	3.077545e+02
2046.00267185356074	3.077501e+02
2047.00202035945949	3.077458e+02
2048.00326126993423	3.077415e+02
2049.00286771681613	3.077373e+02
2050.00098288773688	3.077331e+02
2051.00356602766078	3.077288e+02
2052.00170870704915	3.077245e+02
2053.00194536252684	3.077201e+02
2054.00136057740929	3.077155e+02
2055.00356838141215	3.077108e+02
2056.00292317413505	3.077059e+02
2057.00267008224546	3.077008e+02
2058.00304079799389	3.076956e+02
2059.00126023695793	3.076903e+02
2060.00344594271428	3.076850e+02
2061.00341804538948	3.076795e+02
2062.00119629217079	3.076742e+02
2063.0028516889297	3.076688e+02
2064.00222567329592	3.076635e+02
2065.00239829428983	3.076584e+02
2066.00341150416216	3.076534e+02
2067.00219639353782	3.076486e+02
2068.00171200319846	3.076439e+02
2069.0016618419404	3.076394e+02
2070.00171616364332	3.076350e+02
2071.0015048238688	3.076307e+02
2072.00334501653242	3.076264e+02
2073.00342561357093	3.076222e+02
2074.0019323071092	3.076180e+02
2075.00222941611082	3.076138e+02
2076.00096495335811	3.076094e+02
2077.00115350474061	3.076050e+02
2078.00372173416645	3.076004e+02
2079.00288396348196	3.075956e+02
2080.00198859696138	3.075907e+02
2081.00155863485861	3.075857e+02
2082.00185503933471	3.075805e+02
2083.00295785878325	3.075752e+02
2084.00184358332945	3.075698e+02
2085.00162963801267	3.075644e+02
2086.00239181526513	3.075589e+02
2087.00097364334943	3.075536e+02
2088.00332476475933	3.075482e+02
2089.00330772718553	3.075430e+02
2090.0009166415839	3.075380e+02
2091.00225344570572	3.075331e+02
2092.0012445459829	3.075284e+02
2093.0006934425769	3.075238e+02
2094.0032326763012	3.075194e+02
2095.0025080074879	3.075150e+02
2096.00101780323212	3.075108e+02
2097.00124825450257	3.075065e+02
2098.0032595536909	3.075022e+02
2099.00129492441147	3.074979e+02
2100.00075973148159	3.074935e+02
2101.00185287318254	3.074890e+02
2102.00249111287667	3.074844e+02
2103.00240377888713	3.074796e+02
2104.00202410932661	3.074747e+02
2105.00223081911054	3.074696e+02
2106.00310211248643	3.074644e+02
2107.00164171949382	3.074591e+02
2108.00104572009877	3.074538e+02
2109.00142436276656	3.074483e+02
2110.00277566998011	3.074429e+02
2111.00196703177608	3.074374e+02
2112.00191128419783	3.074321e+02
2113.00244528067424	3.074268e+02
2114.003485032551	3.074216e+02
2115.0019373895957	3.074166e+02
2116.00083694385967	3.074118e+02
2117.00311810845051	3.074071e+02
2118.00229165387236	3.074025e+02
2119.0012222957198	3.073980e+02
2120.00269066419878	3.073936e+02
2121.003144314981	3.073892e+02
2122.0024150366994	3.073848e+02
2123.00092105317572	3.073804e+02
2124.00145393584626	3.073759e+02
2125.00094681794053	3.073713e+02
2126.00310919082358	3.073666e+02
2127.00171237041377	3.073618e+02
2128.00296901846423	3.073568e+02
2129.0014414031516	3.073517e+02
2130.00337991044671	3.073465e+02
2131.00294446678481	3.073411e+02
2132.00335781073318	3.073357e+02
2133.00151957377284	3.073302e+02
2134.00361650851119	3.073247e+02
2135.00358297861021	3.073192e+02
2136.00128483326444	3.073138e+02
2137.00275044738373	3.073084e+02
2138.00152180095256	3.073031e+02
2139.00354819323184	3.072978e+02
2140.00265016500089	3.072928e+02
2141.00146836417889	3.072878e+02
2142.00318211652984	3.072830e+02
2143.00171898960298	3.072783e+02
2144.00293483093992	3.072736e+02
2145.00370166064613	3.072690e+02
2146.00083282030437	3.072644e+02
2147.00336573237473	3.072598e+02
2148.00218501494828	3.072551e+02
2149.00370381196899	3.072503e+02
2150.00185310760025	3.072455e+02
2151.00267934925841	3.072405e+02
2152.00352558224495	3.072354e+02
2153.00156079542103	3.072303e+02
2154.00277182069476	3.072250e+02
2155.00126391157755	3.072196e+02
2156.00337579065899	3.072141e+02
2157.00295903740016	3.072087e+02
2158.0031103561796	3.072031e+02
2159.00089488253207	3.071976e+02
2160.00224171053605	3.071921e+02
2161.00088277653049	3.071867e+02
2162.00295674707922	3.071813e+02
2163.0022145830485	3.071760e+02
2164.00151641944831	3.071707e+02
2165.0037007761407	3.071655e+02
2166.0026573043883	3.071609e+02
2167.0046533909699	3.071559e+02
2168.003601550879	3.071509e+02
2169.0024720152578	3.071460e+02
2170.00427070776459	3.071411e+02
2171.00291971750903	3.071362e+02
2172.00451722358275	3.071313e+02
2173.00293606658306	3.071263e+02
2174.00440079226973	3.071212e+02
2175.00287674348783	3.071161e+02
2176.00445491961227	3.071110e+02
2177.00306363457867	3.071057e+02
2178.00493823364604	3.071004e+02
2179.00393298125437	3.070951e+02
2180.00316521739842	3.070897e+02
2181.00270729721115	3.070843e+02
2182.00255340593776	3.070788e+02
2183.0027612512522	3.070734e+02
2184.00343312634368	3.070679e+02
2185.00455711753602	3.070625e+02
2186.00304032911936	3.070571e+02
2187.0050750398068	3.070517e+02
2188.0045447959078	3.070464e+02
2189.00446784087035	3.070412e+02
2190.00478689352713	3.070360e+02
2191.00233478928112	3.070309e+02
2192.00317310535047	3.070259e+02
2193.00414791706407	3.070210e+02
2194.00520597156537	3.070161e+02
2195.00315193152665	3.070114e+02
2196.00401482119923	3.070066e+02
2197.00462871744367	3.070020e+02
2198.00485833761195	3.069973e+02
2199.00465061427531	3.069928e+02
2200.0039397326027	3.069882e+02
2201.00269980830899	3.069837e+02
2202.0039898191972	3.069790e+02
2203.0047052543105	3.069745e+02
