# Region type : patch node2U_4_Inlet_0
#   Faces  : 148
#   Area   : 1.734596e-02
#        Time	areaAverage(T)
     0.999427	3.031500e+02
      2.00049	3.031500e+02
      3.00031	3.031494e+02
      3.99973	3.031494e+02
      4.99982	3.031498e+02
      6.00096	3.031499e+02
      7.00036	3.031500e+02
      8.00025	3.031500e+02
      8.99988	3.031500e+02
    10.001085	3.031498e+02
    11.000692	3.031495e+02
    12.001192	3.031491e+02
    12.999654	3.031488e+02
    14.001553	3.031484e+02
  15.00191378	3.031480e+02
  15.99990726	3.031471e+02
  17.00021302	3.031448e+02
  18.00201162	3.031402e+02
    19.001665	3.031379e+02
 20.001063064	3.031387e+02
 21.000223408	3.031378e+02
 22.000868674	3.031317e+02
 22.999568146	3.031214e+02
  24.00203262	3.031115e+02
25.00206209729	3.031059e+02
25.9997240433	3.031035e+02
27.00155800819	3.031016e+02
28.00198841907	3.030988e+02
29.00100132413	3.030934e+02
30.0012255059946	3.030832e+02
31.0020125996283	3.030680e+02
31.9997203434261	3.030499e+02
33.0000159367413	3.030351e+02
33.9999993471484	3.030334e+02
35.0001409482367123	3.030515e+02
36.0010399662744121	3.030884e+02
37.000256075600312	3.031371e+02
38.0011334139074748	3.031897e+02
39.0001093232681626	3.032387e+02
39.9994296677075454	3.032773e+02
41.001577972869228	3.033016e+02
42.000199945820512	3.033116e+02
43.0015357555295594	3.033119e+02
44.0000908474563985	3.033066e+02
44.999720034311153	3.032988e+02
46.0011036185372717	3.032903e+02
47.0017015365830488	3.032817e+02
48.001828578469862	3.032728e+02
49.0009987208578792	3.032633e+02
50.001646775172766	3.032537e+02
51.0004873107095733	3.032455e+02
52.0004965650810149	3.032403e+02
53.0016782245142934	3.032386e+02
54.0010911490910033	3.032405e+02
55.0018322131206503	3.032454e+02
56.0008311045826801	3.032531e+02
57.0009505745707656	3.032634e+02
58.0018173874204663	3.032761e+02
58.9998754286462415	3.032911e+02
60.0007253884735974	3.033078e+02
61.000729949421661	3.033257e+02
61.9994469747591523	3.033442e+02
62.9997307278246481	3.033630e+02
64.0016132336676264	3.033816e+02
65.0021195847200062	3.033996e+02
66.0013755148593475	3.034168e+02
66.9994618408717173	3.034327e+02
67.9995567282688285	3.034472e+02
69.0018710907051513	3.034601e+02
70.0005020403649496	3.034713e+02
71.0017759000867983	3.034811e+02
71.9997917061677697	3.034895e+02
73.0007626398363385	3.034968e+02
74.0017781164737585	3.035033e+02
74.9999419786135348	3.035093e+02
76.0015844890211554	3.035154e+02
77.00072239299773	3.035220e+02
78.0004746440082357	3.035292e+02
79.0007523688503994	3.035372e+02
80.0017080025030367	3.035463e+02
81.0004119802447349	3.035565e+02
81.9999292237897635	3.035678e+02
83.0001885797195058	3.035798e+02
84.0008505180802274	3.035919e+02
85.0015387397775584	3.036038e+02
86.0016440249805925	3.036151e+02
87.0005454702849761	3.036256e+02
88.0008545399135187	3.036355e+02
89.0021930695815655	3.036450e+02
90.0016302263138357	3.036543e+02
91.002174366868033	3.036637e+02
92.0010182300664496	3.036733e+02
93.0013450760332745	3.036833e+02
94.0003161743501465	3.036936e+02
95.0010570184568053	3.037044e+02
96.0007746328522842	3.037156e+02
96.9996630297850828	3.037271e+02
98.0009484938242394	3.037389e+02
99.0017864968606887	3.037510e+02
99.9993158549129504	3.037632e+02
100.999686726631666	3.037755e+02
101.999978489330886	3.037879e+02
103.000261993464633	3.038003e+02
104.000541499501338	3.038125e+02
105.000800443492778	3.038244e+02
106.001026051885219	3.038360e+02
107.001221026466325	3.038471e+02
108.001370521164162	3.038577e+02
109.001483834954172	3.038677e+02
110.001570880767829	3.038772e+02
111.001639397267027	3.038859e+02
112.001691850402395	3.038941e+02
113.001723550038278	3.039015e+02
114.001722531996805	3.039084e+02
115.001688189451627	3.039146e+02
116.001613455088133	3.039202e+02
117.001515885901682	3.039252e+02
118.001399825818325	3.039298e+02
119.00127979677535	3.039340e+02
120.001166177764588	3.039379e+02
121.001081732862403	3.039415e+02
122.001048584949245	3.039450e+02
123.001071870744425	3.039484e+02
124.001154706657402	3.039517e+02
125.001275712311497	3.039550e+02
126.001409099885151	3.039582e+02
127.001505571405914	3.039614e+02
128.001520918692876	3.039646e+02
129.001402911285169	3.039680e+02
130.001116511936488	3.039714e+02
131.000614246332248	3.039750e+02
131.999921018561707	3.039787e+02
133.002057892161417	3.039828e+02
134.001047481116501	3.039870e+02
134.999918542921648	3.039916e+02
136.001802808679997	3.039965e+02
137.000722192789738	3.040018e+02
137.999722857611772	3.040074e+02
139.001822047630924	3.040135e+02
140.001006477596889	3.040199e+02
141.000279937221819	3.040266e+02
141.999610839514531	3.040337e+02
143.002000997207233	3.040411e+02
144.001416430672435	3.040489e+02
145.000845281827281	3.040571e+02
146.000219852035571	3.040657e+02
146.999516132038053	3.040744e+02
148.001580804985281	3.040835e+02
149.00037623196738	3.040927e+02
150.002041994228136	3.041022e+02
151.000659972712299	3.041118e+02
151.999442445215436	3.041215e+02
153.001677289877819	3.041311e+02
154.00172177073722	3.041408e+02
154.999891828328799	3.041498e+02
155.999586603544287	3.041582e+02
157.001135382558516	3.041660e+02
158.001515024317882	3.041730e+02
159.000452904609233	3.041788e+02
160.000936841011566	3.041833e+02
160.999840760413548	3.041863e+02
162.000128449045548	3.041878e+02
163.001721118222179	3.041877e+02
164.001466615174991	3.041857e+02
164.999469516720637	3.041817e+02
166.001895769050151	3.041753e+02
166.999623230678878	3.041664e+02
168.001980176455106	3.041549e+02
168.999797111832464	3.041409e+02
169.999327931056797	3.041245e+02
171.000741704657912	3.041056e+02
172.000933317836058	3.040846e+02
172.999858258248878	3.040617e+02
174.000459309810481	3.040370e+02
174.999230964081022	3.040107e+02
176.001823974840363	3.039820e+02
177.001677528293413	3.039509e+02
178.001897432278639	3.039180e+02
178.999477284530741	3.038842e+02
180.000876929608779	3.038509e+02
181.000129702013908	3.038192e+02
182.000620718633769	3.037897e+02
182.999341833524653	3.037636e+02
183.999269602900625	3.037388e+02
185.000290159403136	3.037144e+02
185.999138254646653	3.036908e+02
187.00192819901423	3.036690e+02
188.002100753132737	3.036510e+02
188.999401948011354	3.036381e+02
190.000009576696584	3.036299e+02
191.000602512052552	3.036226e+02
192.000903248552049	3.036122e+02
193.000646632122681	3.035966e+02
193.999514181629451	3.035764e+02
195.000731162499932	3.035544e+02
196.001754937982156	3.035326e+02
197.000071045045672	3.035117e+02
198.002007170686312	3.034910e+02
199.000916881997426	3.034698e+02
199.999612353780066	3.034478e+02
201.001058917549273	3.034254e+02
202.002077889812654	3.034041e+02
202.99938204591723	3.033853e+02
204.002095543813795	3.033699e+02
205.000992474260471	3.033586e+02
205.999660504312885	3.033512e+02
207.001238886837569	3.033468e+02
207.999298004801517	3.033416e+02
208.999745348981605	3.033353e+02
210.001458903139991	3.033288e+02
211.000242198910087	3.033228e+02
212.001905389240108	3.033192e+02
213.000223120931452	3.033190e+02
214.001889103766104	3.033215e+02
215.001311938262972	3.033271e+02
216.001580318367957	3.033366e+02
217.001009526045266	3.033499e+02
218.001233887792552	3.033665e+02
219.000201883343749	3.033860e+02
220.000910902737701	3.034079e+02
220.999826318389324	3.034304e+02
221.999484042010948	3.034499e+02
222.999573556478197	3.034651e+02
223.999571260102471	3.034759e+02
224.999167544001807	3.034800e+02
226.001862355567113	3.034772e+02
227.00167849316307	3.034699e+02
228.001230841940497	3.034591e+02
229.000424212989913	3.034452e+02
229.99931272453972	3.034292e+02
231.00035149821332	3.034111e+02
232.000417678477731	3.033910e+02
232.999637483021473	3.033694e+02
234.000027860813049	3.033469e+02
235.001748350051628	3.033233e+02
235.999212579281817	3.032982e+02
237.000768684014673	3.032714e+02
238.000500060854421	3.032440e+02
238.999379413751882	3.032161e+02
240.000061065156473	3.031886e+02
240.999783874352488	3.031630e+02
241.999217412811873	3.031404e+02
243.001333347997786	3.031205e+02
244.000329816981377	3.031036e+02
244.999756118580478	3.030898e+02
245.999764393046519	3.030786e+02
247.000524241728925	3.030700e+02
247.999354188237049	3.030634e+02
248.999494081416515	3.030579e+02
250.001110696175971	3.030523e+02
251.001532993736845	3.030461e+02
252.000921614597075	3.030391e+02
252.999282849031687	3.030317e+02
253.999850497343544	3.030244e+02
255.00004543105274	3.030175e+02
256.000365920649983	3.030109e+02
257.001261638921392	3.030036e+02
257.999548103657958	3.029959e+02
258.99971364117971	3.029882e+02
260.002149025808819	3.029809e+02
261.000921947821837	3.029745e+02
261.99950686948381	3.029695e+02
263.001191272204949	3.029665e+02
263.999778419957408	3.029655e+02
265.00119059435292	3.029665e+02
265.999549940802126	3.029697e+02
267.000749356106553	3.029748e+02
268.000742203287302	3.029819e+02
269.00002621556996	3.029905e+02
270.002192130799926	3.030006e+02
271.001116008764257	3.030109e+02
271.999828284674436	3.030203e+02
273.001202936759398	3.030266e+02
274.001992594249884	3.030273e+02
274.999358152233697	3.030209e+02
276.000078489080693	3.030073e+02
277.001423281625193	3.029876e+02
277.999774269456566	3.029646e+02
279.000338809060509	3.029409e+02
279.999803239072378	3.029194e+02
281.00199923250301	3.029019e+02
282.001237742896592	3.028874e+02
283.000845865006283	3.028732e+02
284.000919283847736	3.028564e+02
285.001505169815289	3.028359e+02
286.001983379887918	3.028115e+02
287.000860649189406	3.027845e+02
287.99976925718363	3.027570e+02
289.001216652992298	3.027304e+02
289.999289276536729	3.027050e+02
291.001202684429529	3.026809e+02
292.001880769330967	3.026594e+02
293.001939873465119	3.026421e+02
294.001406762787269	3.026293e+02
294.999860841462578	3.026206e+02
296.00082332633508	3.026156e+02
296.999440942767023	3.026134e+02
297.999750996092871	3.026129e+02
299.001606963360757	3.026131e+02
300.00096349475109	3.026124e+02
300.999913314513492	3.026092e+02
302.001050523417859	3.026026e+02
303.001211162612037	3.025923e+02
304.000530831946662	3.025780e+02
304.999600659278087	3.025597e+02
306.001009509919697	3.025383e+02
307.001474429075984	3.025155e+02
308.001896955747839	3.024931e+02
309.00215953038952	3.024715e+02
310.002016522719316	3.024509e+02
311.002156067684552	3.024322e+02
312.000057874843549	3.024152e+02
313.001700906769599	3.023993e+02
314.000664442998186	3.023846e+02
314.99977162945703	3.023726e+02
316.001939997220234	3.023640e+02
317.000997667292268	3.023582e+02
317.999963426011846	3.023541e+02
319.001791186184562	3.023511e+02
320.000219021556404	3.023493e+02
321.001332443899855	3.023483e+02
322.002120766446581	3.023474e+02
322.999613956139115	3.023455e+02
324.000053809379779	3.023416e+02
325.000468122121561	3.023352e+02
326.000890696256192	3.023262e+02
327.001340404046516	3.023160e+02
328.00182603880279	3.023057e+02
328.999278542550144	3.022965e+02
329.999826816678308	3.022883e+02
331.000443477589613	3.022805e+02
332.001169817488744	3.022727e+02
333.002032037401875	3.022652e+02
333.999965515217639	3.022578e+02
335.001063632408773	3.022510e+02
335.999158109576854	3.022450e+02
337.000345463513611	3.022397e+02
338.001581848732201	3.022350e+02
338.999866861473265	3.022308e+02
340.001419974520957	3.022272e+02
341.000218753709873	3.022242e+02
341.99940043036537	3.022214e+02
343.002081691835315	3.022196e+02
344.002165716201716	3.022191e+02
344.999681204456522	3.022200e+02
346.000781392031456	3.022220e+02
346.999334514526993	3.022250e+02
348.001509094679818	3.022286e+02
349.001161782293025	3.022324e+02
350.001326394200078	3.022362e+02
351.001923782794222	3.022397e+02
351.999787371269576	3.022430e+02
353.00099769186096	3.022457e+02
353.999316873669443	3.022473e+02
355.00082920103489	3.022474e+02
355.999300697844262	3.022461e+02
357.000823793166319	3.022433e+02
357.999158030478213	3.022394e+02
359.00039992939594	3.022343e+02
360.001480671131844	3.022284e+02
360.9992815597804	3.022217e+02
361.999832472127878	3.022144e+02
362.999959745167416	3.022065e+02
363.999605892666068	3.021980e+02
365.001835951716942	3.021890e+02
366.000550017272076	3.021800e+02
367.0018850279655	3.021712e+02
367.999670433758126	3.021629e+02
369.000128039733795	3.021547e+02
370.000214705158442	3.021467e+02
370.999868519623192	3.021391e+02
371.999156450469172	3.021320e+02
373.001216022510619	3.021254e+02
373.999974084365817	3.021192e+02
375.001560862041572	3.021133e+02
375.999861740929703	3.021075e+02
377.000967028724972	3.021016e+02
378.001810983407267	3.020956e+02
378.999377343020058	3.020892e+02
379.999844133061458	3.020826e+02
381.000195256176255	3.020760e+02
382.000470770755555	3.020697e+02
383.000719578955398	3.020637e+02
384.000990581364249	3.020580e+02
385.001323372423997	3.020527e+02
386.001754888625783	3.020476e+02
386.999259078537648	3.020426e+02
387.999985820435654	3.020380e+02
389.000904470221769	3.020336e+02
390.002048686420665	3.020296e+02
391.000391269022714	3.020264e+02
392.002080357299462	3.020237e+02
393.001021889200786	3.020217e+02
394.000313761127586	3.020205e+02
394.999966805718827	3.020200e+02
396.000000737495156	3.020204e+02
397.000431194506007	3.020216e+02
398.001243466568894	3.020236e+02
398.999326681304808	3.020260e+02
400.000751341692762	3.020288e+02
400.999281060359692	3.020316e+02
402.000994149161556	3.020343e+02
402.999669211328353	3.020364e+02
404.001383904857562	3.020375e+02
404.999927130870162	3.020374e+02
406.001391002587809	3.020357e+02
406.999601684736604	3.020322e+02
408.000681472226745	3.020269e+02
409.001550340285974	3.020198e+02
410.002200812724368	3.020112e+02
410.999564337494576	3.020014e+02
411.999771379263905	3.019907e+02
412.999742635731366	3.019796e+02
413.999472666726717	3.019686e+02
415.002027021528761	3.019581e+02
416.001265735712195	3.019485e+02
417.00027961065382	3.019398e+02
418.002168361128668	3.019320e+02
419.000830570643586	3.019252e+02
419.999348062550951	3.019194e+02
421.000807412155893	3.019144e+02
422.002161809745814	3.019101e+02
423.000363478224813	3.019064e+02
424.001518449690877	3.019030e+02
424.999464893304832	3.018998e+02
426.00030369292142	3.018965e+02
427.00099127452637	3.018929e+02
428.001568160606212	3.018889e+02
429.002064812169294	3.018846e+02
429.99944102865561	3.018804e+02
430.999824061049083	3.018757e+02
432.000154087404724	3.018708e+02
433.000424325204449	3.018656e+02
434.00062092770537	3.018601e+02
435.000747573658373	3.018539e+02
436.00084101232062	3.018470e+02
437.000947099993482	3.018396e+02
438.001104957034727	3.018320e+02
439.001372516108916	3.018245e+02
440.001793093184403	3.018176e+02
440.999341095092859	3.018117e+02
442.000174895068085	3.018070e+02
443.001292886892941	3.018037e+02
443.999676892359332	3.018016e+02
445.001468249921118	3.018007e+02
446.0005412841561	3.018010e+02
446.999933551698859	3.018024e+02
447.99957269268856	3.018047e+02
448.99935313418041	3.018074e+02
449.99913949586778	3.018103e+02
451.001905425055099	3.018130e+02
452.001449724326449	3.018147e+02
453.000827018742655	3.018149e+02
454.000060016313171	3.018132e+02
455.002198157437931	3.018096e+02
456.001073655338701	3.018039e+02
456.999732738333421	3.017962e+02
458.00123783219243	3.017867e+02
458.999413706459279	3.017760e+02
460.000163836696743	3.017643e+02
461.000336822645636	3.017526e+02
462.000008779407551	3.017415e+02
462.999244201045997	3.017305e+02
464.001249828436698	3.017198e+02
465.000203846986892	3.017104e+02
465.999385247298903	3.017029e+02
467.001996124994605	3.016975e+02
468.001911059253757	3.016945e+02
469.002115217306198	3.016937e+02
469.999556206629677	3.016942e+02
471.000370882605068	3.016957e+02
472.001484397526838	3.016977e+02
472.999698394739198	3.017000e+02
474.000987097669451	3.017021e+02
475.002187011345541	3.017038e+02
476.000185397848838	3.017046e+02
477.001116975836737	3.017043e+02
478.001946023577034	3.017024e+02
478.999609814288533	3.016990e+02
480.000200582974514	3.016937e+02
481.000640765223636	3.016864e+02
482.000880314070741	3.016769e+02
483.000829945069484	3.016651e+02
484.000391984001851	3.016512e+02
484.999473983508892	3.016364e+02
486.001053223926704	3.016214e+02
487.002066538891711	3.016070e+02
487.999538386941651	3.015941e+02
488.999719400701622	3.015832e+02
489.999787496733063	3.015748e+02
490.999996222002039	3.015692e+02
492.000537937488446	3.015665e+02
493.001528185545851	3.015669e+02
494.000043348333691	3.015700e+02
494.999208302570253	3.015751e+02
496.002054096217819	3.015815e+02
496.999285033710748	3.015885e+02
497.999897188854902	3.015953e+02
499.000681167292043	3.016015e+02
500.001558474786805	3.016068e+02
500.999446010016641	3.016108e+02
502.000461577364092	3.016132e+02
503.001519412383175	3.016133e+02
503.999515874213841	3.016103e+02
505.000534591473297	3.016038e+02
506.001509888547616	3.015937e+02
507.002099204861224	3.015803e+02
508.001952459607026	3.015645e+02
509.000755663345956	3.015473e+02
510.001486862218997	3.015289e+02
511.001232487120603	3.015103e+02
512.000177563831585	3.014929e+02
513.001789287909901	3.014778e+02
514.00046415512486	3.014662e+02
514.99955479442508	3.014583e+02
515.999219044049141	3.014546e+02
516.999511772298206	3.014550e+02
518.000472374905598	3.014588e+02
519.002131619636771	3.014652e+02
520.001384632439681	3.014731e+02
521.001150454765366	3.014819e+02
522.001295794907037	3.014905e+02
523.001754521802923	3.014984e+02
523.999434406018167	3.015056e+02
525.000470145184181	3.015114e+02
526.001803413179573	3.015152e+02
527.000354396031071	3.015161e+02
527.99915328792224	3.015134e+02
529.001163035952914	3.015063e+02
529.999964345861144	3.014946e+02
531.0012454994461	3.014786e+02
532.001321133686361	3.014597e+02
532.999861796665527	3.014379e+02
534.000023953975301	3.014140e+02
535.001875234300201	3.013897e+02
535.99940115798131	3.013673e+02
536.99917090518386	3.013483e+02
538.001702907333424	3.013337e+02
539.001307213403038	3.013240e+02
540.001295571197147	3.013191e+02
541.001852747266639	3.013191e+02
542.000113862146009	3.013232e+02
542.99925261236649	3.013309e+02
543.999244945956434	3.013413e+02
544.999955860121077	3.013534e+02
546.001297232400361	3.013662e+02
547.000192963765812	3.013788e+02
547.999705276214399	3.013904e+02
548.9999173700038	3.014006e+02
550.000837994252493	3.014086e+02
550.999345650914734	3.014136e+02
552.001515635922487	3.014145e+02
553.001105488295934	3.014102e+02
554.00082469309541	3.013998e+02
555.000167760328509	3.013840e+02
556.001365889407907	3.013640e+02
557.000740602278597	3.013403e+02
558.001320209851997	3.013141e+02
559.000110213892867	3.012870e+02
560.000262559516386	3.012607e+02
560.99926184051003	3.012378e+02
562.0006160463181	3.012198e+02
563.00174009765351	3.012072e+02
564.00014104622926	3.011999e+02
564.999154569082179	3.011980e+02
566.001965079634488	3.012011e+02
566.999655573543009	3.012086e+02
568.001384470371249	3.012198e+02
569.000945280324004	3.012337e+02
570.001321185949223	3.012488e+02
570.999458110319438	3.012645e+02
572.001425298497111	3.012802e+02
573.001173122025079	3.012946e+02
574.001841467247459	3.013074e+02
575.000341047316283	3.013180e+02
575.999699363241348	3.013239e+02
576.999717356763654	3.013238e+02
577.999989358568769	3.013175e+02
578.999885849153543	3.013051e+02
580.001639232646653	3.012876e+02
581.001398899649303	3.012665e+02
582.001953020691985	3.012423e+02
583.000404394710699	3.012170e+02
584.000040789207219	3.011927e+02
585.000977102296929	3.011715e+02
586.000530345756715	3.011547e+02
586.999390607787518	3.011428e+02
588.001144122878259	3.011352e+02
589.000134475393111	3.011321e+02
589.999604690043157	3.011338e+02
590.999772563084207	3.011405e+02
592.000714664528573	3.011519e+02
592.999309139145566	3.011672e+02
594.001520821552276	3.011854e+02
595.001288064761411	3.012053e+02
596.001723137116073	3.012256e+02
596.999821477810087	3.012448e+02
598.00163901190831	3.012623e+02
599.001081933450678	3.012770e+02
600.001234037939525	3.012875e+02
601.001940910154531	3.012935e+02
601.999837888485331	3.012943e+02
603.00074770668266	3.012892e+02
604.001417181059651	3.012787e+02
605.001687215290872	3.012640e+02
606.001423520980666	3.012463e+02
607.000513557763156	3.012276e+02
608.00201169442164	3.012099e+02
609.000056043756331	3.011942e+02
610.001065509754426	3.011811e+02
610.999322067287608	3.011714e+02
612.001290099475682	3.011655e+02
613.00120910368264	3.011640e+02
613.999153626805764	3.011673e+02
615.001215520064648	3.011757e+02
616.001098613251429	3.011892e+02
617.001642391969199	3.012075e+02
617.999697263319149	3.012299e+02
619.001421452946829	3.012555e+02
620.000708426598749	3.012830e+02
621.000582813967867	3.013110e+02
622.001112512948225	3.013383e+02
622.999333074703259	3.013637e+02
624.001526337826249	3.013865e+02
625.001797992750539	3.014052e+02
626.00046178708601	3.014187e+02
627.000823918297669	3.014270e+02
627.99971611159765	3.014303e+02
629.000134610487748	3.014297e+02
630.001969376633838	3.014265e+02
631.002048189577636	3.014221e+02
632.0004285707289	3.014177e+02
633.000140181323104	3.014145e+02
634.000770489483443	3.014137e+02
635.001598749550453	3.014149e+02
636.002066656809347	3.014181e+02
637.001786905906442	3.014230e+02
637.999504703499269	3.014304e+02
639.000633690830796	3.014401e+02
639.99918786834246	3.014506e+02
641.001685653684603	3.014598e+02
641.999542269594372	3.014650e+02
642.999953332245013	3.014652e+02
644.000576416523131	3.014607e+02
645.001570642922729	3.014531e+02
645.999643539166868	3.014457e+02
647.000897338513028	3.014412e+02
647.999393108298932	3.014415e+02
649.001851529181295	3.014461e+02
649.999539178774853	3.014538e+02
651.001794109835942	3.014631e+02
651.999859218567849	3.014729e+02
652.999544433281699	3.014829e+02
653.999801568561224	3.014935e+02
654.999489441358605	3.015048e+02
656.000943333250348	3.015162e+02
657.000535376491371	3.015272e+02
658.000870871285201	3.015366e+02
659.001878863745446	3.015441e+02
660.001233104330709	3.015494e+02
661.000437464629726	3.015521e+02
662.001318534737948	3.015529e+02
662.9991663123335	3.015537e+02
664.000285830275857	3.015567e+02
665.000884472697294	3.015636e+02
666.000710235087126	3.015741e+02
667.000122997112726	3.015854e+02
668.001635112096551	3.015948e+02
669.000913257929483	3.016006e+02
669.999420760518205	3.016038e+02
670.999287944031153	3.016081e+02
672.002072327780297	3.016178e+02
673.000725547593561	3.016342e+02
674.001820541744451	3.016550e+02
675.000683714600314	3.016769e+02
675.999399580010731	3.016977e+02
677.002156536049142	3.017153e+02
678.000592297521962	3.017273e+02
679.002148617484863	3.017333e+02
680.001784788341638	3.017336e+02
680.999746126992932	3.017313e+02
682.001551099061089	3.017303e+02
683.001957194035526	3.017346e+02
683.99943363886166	3.017457e+02
684.999119040938353	3.017613e+02
686.000169280818113	3.017788e+02
687.000927326243527	3.017977e+02
688.001734230271609	3.018196e+02
689.000385540699199	3.018458e+02
690.000102986032516	3.018748e+02
691.000584174011692	3.019038e+02
692.001278119513586	3.019318e+02
692.998810184072113	3.019587e+02
694.000540359068509	3.019828e+02
694.999010773474538	3.020016e+02
695.999565635484373	3.020129e+02
697.001150977339762	3.020164e+02
698.001398222010494	3.020118e+02
698.999725805045159	3.020013e+02
700.001498724736734	3.019916e+02
700.999760782747671	3.019897e+02
702.00030560611242	3.019967e+02
703.001545842853716	3.020101e+02
703.998546867952086	3.020267e+02
705.000921811799685	3.020467e+02
705.99962011738819	3.020707e+02
706.999650543847679	3.020997e+02
708.000666672426519	3.021332e+02
708.999237894717226	3.021693e+02
710.001269207781093	3.022056e+02
711.00068407292008	3.022376e+02
711.999619119693762	3.022621e+02
713.000526590509253	3.022782e+02
713.998803280099537	3.022858e+02
715.000794775426357	3.022844e+02
715.999806607808409	3.022751e+02
717.001147277659015	3.022629e+02
717.999618727621851	3.022551e+02
719.001377582509349	3.022562e+02
719.999845347823111	3.022658e+02
721.000439443962705	3.022816e+02
721.998876129608675	3.023031e+02
722.998944888288406	3.023317e+02
724.00114311208813	3.023676e+02
724.998866032413844	3.024086e+02
726.001106170699586	3.024511e+02
727.001242939658482	3.024912e+02
727.999926591871031	3.025254e+02
728.998559988906209	3.025511e+02
730.001622066776122	3.025677e+02
731.000663074018917	3.025752e+02
731.999073254380278	3.025739e+02
732.999937744622798	3.025651e+02
733.999652488256629	3.025528e+02
735.000101756232084	3.025436e+02
735.999935767415082	3.025438e+02
737.001555677275633	3.025556e+02
737.998609831378303	3.025777e+02
739.000917515005426	3.026089e+02
739.999579389089149	3.026472e+02
741.000865824989205	3.026905e+02
742.001221721286811	3.027358e+02
742.9998251475198	3.027795e+02
743.999381362686222	3.028180e+02
745.000661640020667	3.028488e+02
745.999052092078955	3.028710e+02
746.999024049784566	3.028856e+02
748.001289256029395	3.028935e+02
748.99998594164947	3.028955e+02
750.000493470887022	3.028927e+02
751.00118734312548	3.028887e+02
752.000933119647812	3.028893e+02
752.998936581822591	3.028993e+02
754.001276251013905	3.029213e+02
754.999151737409875	3.029545e+02
755.999553005113967	3.029967e+02
756.999766152413599	3.030437e+02
757.999815231926959	3.030915e+02
758.999249365374908	3.031356e+02
760.00074675962378	3.031718e+02
761.001075912032888	3.031997e+02
762.000603060413027	3.032210e+02
763.000135315137868	3.032367e+02
764.000348738217554	3.032476e+02
765.001515277069643	3.032563e+02
766.000180917357966	3.032656e+02
766.998575464161149	3.032771e+02
767.998928480878021	3.032936e+02
769.0008602609538	3.033187e+02
770.001352425349751	3.033550e+02
771.000882636136907	3.034020e+02
771.999918369505622	3.034564e+02
772.998806968452868	3.035119e+02
774.000941714459373	3.035614e+02
775.000334162326453	3.036006e+02
776.000158078921004	3.036291e+02
777.000362560647091	3.036494e+02
778.000837514654791	3.036644e+02
779.001444253866225	3.036768e+02
779.998932096626277	3.036887e+02
780.999294900777159	3.037021e+02
781.999342827852388	3.037188e+02
782.999108211269913	3.037407e+02
783.998685302788545	3.037684e+02
785.001268894906502	3.038003e+02
786.000626433951197	3.038327e+02
786.999811633585182	3.038624e+02
787.998820800601152	3.038879e+02
789.000829230188174	3.039091e+02
789.999847145920967	3.039268e+02
790.999171168364683	3.039421e+02
791.99902125678841	3.039561e+02
792.999571968755276	3.039696e+02
794.000942685735822	3.039834e+02
795.000039267211605	3.039978e+02
795.999824847008995	3.040138e+02
797.00004227907823	3.040319e+02
798.000352229098212	3.040516e+02
799.000463290113203	3.040710e+02
800.000268040779247	3.040887e+02
800.999871383825734	3.041044e+02
801.999438918668716	3.041181e+02
802.999162635716857	3.041304e+02
803.999150184644463	3.041417e+02
804.999489574434278	3.041524e+02
806.000217659127884	3.041624e+02
807.001365643889585	3.041718e+02
807.99976032352879	3.041804e+02
809.001484647565803	3.041883e+02
810.000193134515371	3.041953e+02
810.998851293064718	3.042014e+02
812.000488119036959	3.042063e+02
812.998858862165093	3.042099e+02
814.000173863743385	3.042119e+02
815.001341913480928	3.042123e+02
815.999389005496141	3.042111e+02
817.000736505305099	3.042087e+02
817.999345361780456	3.042053e+02
819.001619323223736	3.042013e+02
820.001459451422306	3.041971e+02
820.998791650032786	3.041929e+02
821.999835648828935	3.041888e+02
823.001443597258117	3.041850e+02
824.000479166678019	3.041818e+02
825.000061539974695	3.041791e+02
826.000154788647023	3.041767e+02
827.000746153186583	3.041750e+02
827.998702254763771	3.041735e+02
829.000257981022514	3.041720e+02
829.999128928896084	3.041711e+02
831.001489294805879	3.041707e+02
832.000998249167878	3.041713e+02
833.00071269008447	3.041731e+02
834.000566630974504	3.041759e+02
835.000478943295093	3.041795e+02
836.000322319766724	3.041836e+02
836.999960958526117	3.041880e+02
837.999563778135894	3.041923e+02
838.999168539985249	3.041963e+02
839.998830256297879	3.041998e+02
840.998615871871266	3.042029e+02
842.00153524296104	3.042055e+02
843.001203686922736	3.042075e+02
844.000720130980653	3.042088e+02
845.000127664575871	3.042096e+02
845.999454980046153	3.042100e+02
846.998688989041057	3.042098e+02
848.000944380996543	3.042088e+02
848.999961869892672	3.042070e+02
849.998889864095986	3.042046e+02
851.000849864152087	3.042013e+02
851.999601594189471	3.041973e+02
853.001515988440019	3.041930e+02
854.000482909667198	3.041885e+02
854.999656519237647	3.041835e+02
855.99893769661162	3.041786e+02
857.001409319402342	3.041738e+02
858.000850150787869	3.041696e+02
859.00046238222626	3.041662e+02
860.000338609620371	3.041632e+02
861.00055942064489	3.041604e+02
862.00111120017948	3.041575e+02
862.998744885252336	3.041548e+02
863.999562963220342	3.041525e+02
865.000333438597977	3.041510e+02
866.000718484703725	3.041503e+02
867.000381215335096	3.041501e+02
867.999326859724874	3.041502e+02
869.000831713809248	3.041508e+02
869.998731560339024	3.041523e+02
870.99914408124846	3.041532e+02
871.998948856785773	3.041520e+02
873.001251550978509	3.041490e+02
873.999438886644043	3.041470e+02
874.999250714949312	3.041487e+02
876.000331079936132	3.041580e+02
876.999152904660036	3.041776e+02
877.999109606079287	3.042081e+02
879.001226105603337	3.042484e+02
880.000590679232914	3.042935e+02
881.001133877869847	3.043399e+02
882.000326707818431	3.043850e+02
882.998714442753908	3.044266e+02
883.999566477270491	3.044655e+02
884.999493633542215	3.045037e+02
886.001481871908709	3.045402e+02
886.999074026412359	3.045705e+02
888.001361691307693	3.045913e+02
888.998687333536395	3.046013e+02
889.999823340214903	3.046030e+02
891.000206741294278	3.046003e+02
892.001524768773493	3.045955e+02
892.999632733533304	3.045899e+02
893.998726334299249	3.045847e+02
895.001251636017628	3.045804e+02
895.99966766697446	3.045765e+02
897.000914273651915	3.045725e+02
897.99999523874294	3.045675e+02
899.0009590909807	3.045602e+02
900.002533407159831	3.045488e+02
901.001649579413879	3.045327e+02
902.002471845652622	3.045125e+02
903.00037772942153	3.044901e+02
904.002809723267433	3.044670e+02
904.999844958107929	3.044440e+02
905.999949295843749	3.044216e+02
907.000155261807322	3.043990e+02
908.000934451877697	3.043736e+02
909.002379459235726	3.043430e+02
910.001638080394969	3.043070e+02
911.001827591161145	3.042665e+02
912.002161111704822	3.042241e+02
913.000765935814343	3.041838e+02
914.00165379520945	3.041492e+02
915.000358634693953	3.041231e+02
916.000415810124309	3.041062e+02
917.000395916998968	3.040973e+02
918.002309347195592	3.040937e+02
919.001983037054401	3.040928e+02
920.000819481782173	3.040919e+02
921.002363494914448	3.040891e+02
922.000424353145945	3.040836e+02
923.000934642643074	3.040755e+02
923.999918588887567	3.040654e+02
925.002704718492851	3.040540e+02
926.002696914486023	3.040419e+02
927.000086321054596	3.040287e+02
928.001570287640334	3.040137e+02
929.001356130118779	3.039961e+02
930.002757190745569	3.039759e+02
931.001760013499052	3.039539e+02
932.002496640296386	3.039313e+02
933.002770722993091	3.039095e+02
934.001672547361977	3.038898e+02
935.002710266781264	3.038731e+02
936.00106170196193	3.038597e+02
937.001629816131526	3.038496e+02
938.000011724101114	3.038426e+02
939.000753615218969	3.038384e+02
940.001324817527461	3.038366e+02
941.001376824560111	3.038371e+02
942.000125615014554	3.038391e+02
943.000197233623226	3.038420e+02
944.001130840733822	3.038452e+02
945.002318494277233	3.038470e+02
946.000805384652267	3.038453e+02
946.999714333007546	3.038385e+02
948.002760436780932	3.038266e+02
949.000758457107054	3.038099e+02
950.00223440455909	3.037885e+02
950.999915305136028	3.037631e+02
952.002573059240035	3.037326e+02
953.00053643081435	3.036990e+02
953.999817725775301	3.036633e+02
955.000153551236735	3.036272e+02
956.001840701625952	3.035933e+02
957.002536753901836	3.035639e+02
958.002165369327372	3.035385e+02
959.000503621906432	3.035172e+02
960.001241601802349	3.035008e+02
961.00182415570373	3.034896e+02
962.002592048212477	3.034829e+02
963.000411513570498	3.034786e+02
964.001559919866963	3.034752e+02
964.999976972483296	3.034716e+02
966.001702405227775	3.034673e+02
967.000423207178301	3.034615e+02
968.002449167759096	3.034538e+02
969.001325984307641	3.034440e+02
970.002787921842923	3.034323e+02
971.000498195595242	3.034192e+02
972.000557081489774	3.034050e+02
973.002773597749297	3.033900e+02
974.000960477842796	3.033751e+02
975.001521410670648	3.033606e+02
976.001501783840467	3.033464e+02
977.001246241214403	3.033323e+02
978.001257707352806	3.033184e+02
979.001443710795343	3.033050e+02
980.001400281347969	3.032915e+02
981.000942252669802	3.032777e+02
982.000325255523308	3.032637e+02
983.002051484773006	3.032502e+02
984.002475988165884	3.032378e+02
985.002399010116505	3.032263e+02
986.001696966776649	3.032152e+02
986.999810322073017	3.032043e+02
988.00028649169144	3.031936e+02
989.000575804539949	3.031826e+02
990.000659609601257	3.031706e+02
991.000399298362254	3.031583e+02
991.999760921102165	3.031462e+02
993.001898745707194	3.031340e+02
994.000751777808432	3.031219e+02
995.002420509873673	3.031098e+02
996.000894017395353	3.030979e+02
997.002382656525015	3.030861e+02
998.000783479693723	3.030744e+02
999.0022674974648	3.030627e+02
1000.00085560744344	3.030514e+02
1001.00269509692077	3.030404e+02
1002.00166098345005	3.030301e+02
1003.00085863865502	3.030204e+02
1004.0003809664006	3.030112e+02
1005.00023397706707	3.030027e+02
1006.00038472691654	3.029950e+02
1007.00089075079302	3.029881e+02
1008.00176095633424	3.029822e+02
1008.99992234894955	3.029774e+02
1010.00150286438907	3.029738e+02
1011.00038192940849	3.029713e+02
1012.00263615528706	3.029698e+02
1013.00207769701899	3.029693e+02
1014.00173122067895	3.029699e+02
1015.00156740682974	3.029712e+02
1016.00158130024272	3.029730e+02
1017.00179324869418	3.029750e+02
1018.00220893405492	3.029770e+02
1018.99974171588326	3.029787e+02
1020.00057108310989	3.029802e+02
1021.00167020718982	3.029811e+02
1022.00001975314728	3.029815e+02
1023.00181891413922	3.029815e+02
1024.00096705349142	3.029811e+02
1025.00056589157703	3.029802e+02
1026.00061973882362	3.029792e+02
1027.00108111665872	3.029781e+02
1028.00189527269936	3.029772e+02
1028.99992399226335	3.029764e+02
1030.00124467002433	3.029759e+02
1031.00267731200938	3.029758e+02
1032.00105218086173	3.029761e+02
1033.00243969772782	3.029767e+02
1034.00061470947526	3.029775e+02
1035.00168359888221	3.029779e+02
1036.00249860069925	3.029777e+02
1036.99987937622768	3.029764e+02
1037.99987311999075	3.029740e+02
1039.0024032708186	3.029699e+02
1040.00135392480797	3.029640e+02
1040.999878712493	3.029565e+02
1042.00111745941422	3.029473e+02
1043.00206369308444	3.029367e+02
1044.00276709446734	3.029254e+02
1045.00018848085483	3.029141e+02
1046.00048858662194	3.029034e+02
1047.00049681895553	3.028937e+02
1048.00020112822381	3.028854e+02
1049.00268013289315	3.028784e+02
1050.00182109680622	3.028720e+02
1051.00087224398112	3.028661e+02
1051.99989462314875	3.028609e+02
1053.00187506253587	3.028565e+02
1054.00076610413726	3.028532e+02
1054.99973184103737	3.028508e+02
1056.00183053408614	3.028491e+02
1057.00089182120632	3.028478e+02
1057.99995816247588	3.028464e+02
1059.00213397608672	3.028446e+02
1060.00138246242204	3.028422e+02
1061.00080597989427	3.028396e+02
1062.00038595797014	3.028366e+02
1063.00010507932257	3.028334e+02
1063.99993240368121	3.028305e+02
1064.99983997466506	3.028281e+02
1065.99983784852839	3.028261e+02
1066.99997036446234	3.028242e+02
1068.00031321539632	3.028222e+02
1069.00093802167976	3.028197e+02
1070.00186504118665	3.028162e+02
1070.99999787082515	3.028118e+02
1072.00142011894172	3.028063e+02
1072.99992293207129	3.028003e+02
1074.00156718991116	3.027939e+02
1075.00010908368677	3.027875e+02
1076.00164440833282	3.027814e+02
1077.00001577052399	3.027757e+02
1078.00134937508915	3.027706e+02
1079.00261422088397	3.027664e+02
1080.0008004579272	3.027631e+02
1081.00203806036188	3.027606e+02
1082.0000936859808	3.027587e+02
1083.00099232441335	3.027573e+02
1084.00158448389084	3.027557e+02
1085.00184763915036	3.027538e+02
1086.00181224374819	3.027511e+02
1087.00150893746581	3.027474e+02
1088.00097722084752	3.027425e+02
1089.00023644996122	3.027367e+02
1090.00237091644681	3.027300e+02
1091.00128031511258	3.027225e+02
1092.00008777840162	3.027139e+02
1093.00193747221329	3.027045e+02
1094.00075467239367	3.026946e+02
1095.00269191563029	3.026844e+02
1096.00163632915996	3.026747e+02
1097.00066233535199	3.026658e+02
1097.99975699959123	3.026580e+02
1099.00197569590205	3.026512e+02
1100.00121817382069	3.026456e+02
1101.00051497928393	3.026414e+02
1101.99984050122021	3.026385e+02
1103.00230950820651	3.026367e+02
1104.00190742267068	3.026358e+02
1105.00168456578876	3.026356e+02
1106.00158856940266	3.026357e+02
1107.00157376966081	3.026358e+02
1108.00160616706557	3.026356e+02
1109.00165423799626	3.026353e+02
1110.00168722541184	3.026346e+02
1111.00167666294078	3.026335e+02
1112.00164100901338	3.026320e+02
1113.0016082368893	3.026300e+02
1114.0015811704302	3.026271e+02
1115.00158614022598	3.026225e+02
1116.00168214937594	3.026159e+02
1117.00178709406805	3.026071e+02
1118.00170395871783	3.025968e+02
1119.00131608142442	3.025860e+02
1120.00053988737955	3.025750e+02
1121.00244780601156	3.025635e+02
1122.00117117810055	3.025523e+02
1122.99996831972635	3.025425e+02
1124.00184955443547	3.025350e+02
1125.0008117509874	3.025299e+02
1126.00002150219325	3.025268e+02
1127.00255074076676	3.025253e+02
1128.00223106746057	3.025251e+02
1129.00200920869338	3.025260e+02
1130.00177712908544	3.025271e+02
1131.00147374108451	3.025280e+02
1132.00101893863257	3.025281e+02
1133.00041017420335	3.025271e+02
1134.00278128124137	3.025250e+02
1135.00207804170077	3.025217e+02
1136.00142492683199	3.025171e+02
1137.00087033014893	3.025113e+02
1138.00028922801084	3.025038e+02
1139.00244747980901	3.024943e+02
1140.0012223033134	3.024827e+02
1141.00237404415998	3.024698e+02
1142.00238371320052	3.024556e+02
1143.00166866327754	3.024403e+02
1144.00045207131211	3.024247e+02
1145.00140896645394	3.024100e+02
1146.00193472379215	3.023973e+02
1147.0024819924347	3.023874e+02
1148.0000594589801	3.023809e+02
1149.0007810781276	3.023778e+02
1150.00177227282438	3.023773e+02
1151.00016715046763	3.023786e+02
1152.00213740417257	3.023819e+02
1153.0015451623583	3.023866e+02
1154.00134472899663	3.023921e+02
1155.00153888477121	3.023975e+02
1156.00213266585183	3.024020e+02
1157.00006491856539	3.024054e+02
1158.00144956452573	3.024077e+02
1159.00018702758234	3.024089e+02
1160.00243290755111	3.024094e+02
1161.00199624302377	3.024086e+02
1162.00182318344082	3.024057e+02
1163.00178616921221	3.023999e+02
1164.00159441893129	3.023903e+02
1165.00091842607435	3.023773e+02
1166.00231310010463	3.023622e+02
1167.00246377691292	3.023452e+02
1168.00145692360547	3.023268e+02
1168.99942723795084	3.023084e+02
1169.99979268127572	3.022920e+02
1170.9998482534013	3.022789e+02
1171.99977573618571	3.022698e+02
1172.99970711423748	3.022652e+02
1173.99984895071702	3.022641e+02
1175.00048398354443	3.022657e+02
1176.0017852294759	3.022696e+02
1177.00067111765429	3.022757e+02
1178.00000052079463	3.022830e+02
1178.99964776748902	3.022906e+02
1179.9996500149507	3.022973e+02
1181.00011751790998	3.023029e+02
1182.00109274378019	3.023067e+02
1182.99953844046445	3.023081e+02
1184.00161975154674	3.023074e+02
1185.0010952845264	3.023042e+02
1186.00082077057436	3.022981e+02
1187.00052259694871	3.022884e+02
1187.99981967165877	3.022753e+02
1189.00100104239505	3.022600e+02
1190.00075818430082	3.022425e+02
1191.00229925142048	3.022234e+02
1192.00238138700774	3.022035e+02
1193.00115142059485	3.021842e+02
1194.00229233991195	3.021673e+02
1194.99991325910969	3.021540e+02
1196.00023564771027	3.021450e+02
1197.00049059507842	3.021408e+02
1198.00096832561576	3.021408e+02
1199.00196906711221	3.021441e+02
1200.00072330591365	3.021500e+02
1201.00032337418634	3.021579e+02
1202.00070921642305	3.021673e+02
1203.00178901727554	3.021773e+02
1204.00053344729099	3.021869e+02
1205.00006089014664	3.021957e+02
1206.00039809618579	3.022031e+02
1207.00151598089246	3.022082e+02
1208.00035781096744	3.022110e+02
1208.99987153087022	3.022112e+02
1209.99979481689934	3.022081e+02
1210.99990631732817	3.022010e+02
1211.99983363515344	3.021897e+02
1213.0017097821742	3.021750e+02
1214.0021506782607	3.021575e+02
1215.00116107686085	3.021374e+02
1216.00141195242895	3.021156e+02
1217.00038530247593	3.020940e+02
1218.00163738450669	3.020744e+02
1219.00191638025217	3.020586e+02
1220.00175449950575	3.020475e+02
1221.00164270278879	3.020413e+02
1222.00177634713282	3.020395e+02
1223.00238456964007	3.020415e+02
1224.00073988087343	3.020464e+02
1224.99994067277544	3.020535e+02
1225.99988755455593	3.020624e+02
1227.00052770662251	3.020722e+02
1228.00185086165811	3.020823e+02
1229.00085501987633	3.020923e+02
1230.00063862211573	3.021013e+02
1231.00120464337965	3.021082e+02
1231.99946905427805	3.021123e+02
1233.00143015099479	3.021132e+02
1234.00073198825248	3.021104e+02
1235.00016940806972	3.021033e+02
1236.00243736717289	3.020919e+02
1237.00067041578154	3.020773e+02
1238.00048635038979	3.020597e+02
1239.00190729616907	3.020397e+02
1240.00200350179421	3.020182e+02
1241.00072930942611	3.019965e+02
1242.00120417448375	3.019765e+02
1243.00079487614312	3.019595e+02
1244.00003539312388	3.019468e+02
1245.00239127967575	3.019387e+02
1246.00203964125558	3.019350e+02
1247.00225056698514	3.019356e+02
1248.00021967876341	3.019396e+02
1249.00209280594663	3.019461e+02
1250.0017432442155	3.019543e+02
1251.00223105776399	3.019638e+02
1252.00042478383716	3.019740e+02
1253.00236105416661	3.019845e+02
1254.00199279181561	3.019947e+02
1255.00239793528704	3.020036e+02
1256.0004753739197	3.020104e+02
1257.00226193670846	3.020145e+02
1258.00142996505519	3.020147e+02
1259.00078220803221	3.020100e+02
1259.99991128766237	3.020004e+02
1261.00125664209122	3.019864e+02
1262.00120878328926	3.019689e+02
1262.99986208942869	3.019484e+02
1264.00044668269834	3.019258e+02
1264.99972316733647	3.019030e+02
1266.0003879788535	3.018817e+02
1267.00033864845113	3.018632e+02
1267.99998568574119	3.018484e+02
1269.00241130910103	3.018378e+02
1270.00212418921797	3.018311e+02
1270.99949781502346	3.018286e+02
1272.00069961486156	3.018301e+02
1272.99960364584672	3.018344e+02
1274.00234622308585	3.018410e+02
1274.99986669649093	3.018492e+02
1276.00123938136585	3.018584e+02
1277.000207835541	3.018682e+02
1277.99978615834652	3.018781e+02
1278.99999296406304	3.018874e+02
1280.00078588853944	3.018955e+02
1281.00218925132981	3.019015e+02
1282.001000308627	3.019038e+02
1282.99989982189345	3.019016e+02
1284.00160128966195	3.018943e+02
1284.99949913572163	3.018827e+02
1285.99948525349669	3.018668e+02
1287.00143195195619	3.018473e+02
1288.0022296618929	3.018255e+02
1289.00193007721691	3.018030e+02
1290.00039502276127	3.017814e+02
1291.00113276644925	3.017621e+02
1292.00123467932281	3.017459e+02
1293.00090210048734	3.017333e+02
1294.00087284951906	3.017244e+02
1295.00153186770967	3.017189e+02
1295.99987680909931	3.017171e+02
1297.00202598392593	3.017186e+02
1298.00198132145988	3.017229e+02
1298.99978490434228	3.017292e+02
1300.00148177374126	3.017367e+02
1301.00084461737083	3.017452e+02
1302.0007922119737	3.017542e+02
1303.00126152487223	3.017634e+02
1304.00222154247763	3.017719e+02
1305.00055956380015	3.017792e+02
1306.00236143979669	3.017837e+02
1307.00113861308932	3.017840e+02
1307.99970352336413	3.017800e+02
1309.00082301903626	3.017715e+02
1310.00105060529063	3.017585e+02
1311.0001943644661	3.017413e+02
1312.00149514521718	3.017206e+02
1313.00181865880609	3.016984e+02
1314.00101850295437	3.016767e+02
1314.99966948671727	3.016568e+02
1316.00094251422252	3.016390e+02
1317.00175474054163	3.016237e+02
1317.99973445341038	3.016115e+02
1319.0011838583041	3.016031e+02
1320.00006145143266	3.015979e+02
1320.9998786588244	3.015961e+02
1322.00059475559601	3.015973e+02
1323.00210252745683	3.016010e+02
1324.00150249071521	3.016068e+02
1325.001828280268	3.016139e+02
1325.99982418465379	3.016216e+02
1327.00134061151948	3.016299e+02
1327.99995232619585	3.016377e+02
1329.00180752360143	3.016449e+02
1330.00047049555064	3.016503e+02
1331.00202380001542	3.016529e+02
1332.00022600971192	3.016518e+02
1333.00110556656159	3.016466e+02
1334.00157945354044	3.016370e+02
1335.00132119213072	3.016235e+02
1336.00020147994837	3.016071e+02
1337.00144249976211	3.015888e+02
1338.00187539297303	3.015697e+02
1339.00179980415351	3.015508e+02
1340.0016842205041	3.015328e+02
1341.00129452928695	3.015169e+02
1342.00090668375151	3.015035e+02
1343.00106692536019	3.014928e+02
1344.00164754809566	3.014849e+02
1344.9995518319779	3.014798e+02
1346.00117803193439	3.014770e+02
1347.00058294570135	3.014772e+02
1348.00065221684781	3.014796e+02
1349.00136195362552	3.014833e+02
1349.99964389572051	3.014880e+02
1351.00132676663816	3.014934e+02
1352.00010720266232	3.014985e+02
1353.00215635971608	3.015029e+02
1354.00093085089838	3.015063e+02
1355.00229045060428	3.015079e+02
1356.00039744744981	3.015070e+02
1357.00151050956129	3.015031e+02
1358.00223619059966	3.014959e+02
1358.99939708340594	3.014856e+02
1359.99940372392257	3.014727e+02
1361.00212330046543	3.014579e+02
1362.00134583883619	3.014419e+02
1363.00052368254137	3.014253e+02
1363.99970074483099	3.014091e+02
1365.00189773459147	3.013941e+02
1366.00131001497152	3.013807e+02
1367.00107700075932	3.013694e+02
1368.0010993491303	3.013603e+02
1369.00152064225426	3.013534e+02
1370.00242757796013	3.013486e+02
1371.00061275779763	3.013460e+02
1372.00225436233609	3.013452e+02
1373.00132172492476	3.013458e+02
1374.00072976524916	3.013482e+02
1375.00047486011385	3.013522e+02
1376.00057610548834	3.013570e+02
1377.00094119779419	3.013621e+02
1378.00147969323575	3.013669e+02
1379.00206281419082	3.013708e+02
1379.99960835852539	3.013734e+02
1381.00035315717696	3.013743e+02
1382.00117982417487	3.013732e+02
1383.00188842857392	3.013699e+02
1384.00238074751178	3.013647e+02
1384.99956844715962	3.013577e+02
1385.9995144857171	3.013492e+02
1387.00206609297879	3.013396e+02
1388.00113261640308	3.013294e+02
1388.99979272700102	3.013192e+02
1390.00100797844289	3.013094e+02
1391.00175440717067	3.013004e+02
1392.00207531668116	3.012924e+02
1393.00194194733967	3.012856e+02
1394.00136542118298	3.012801e+02
1395.00040574753643	3.012759e+02
1396.00215173643983	3.012732e+02
1397.00054185882527	3.012719e+02
1398.0017606700294	3.012721e+02
1398.99976246545953	3.012737e+02
1400.00067484689248	3.012766e+02
1401.00147965706424	3.012804e+02
1402.00219265735041	3.012848e+02
1402.99974176259661	3.012895e+02
1404.00022969408224	3.012943e+02
1405.00059873208011	3.012988e+02
1406.00078672673521	3.013029e+02
1407.0007648413191	3.013064e+02
1408.00052971976174	3.013092e+02
1409.00002698930848	3.013112e+02
1410.00228156024286	3.013126e+02
1411.00118097564541	3.013134e+02
1411.99975509059163	3.013139e+02
1413.00107292269581	3.013142e+02
1414.00213952720424	3.013147e+02
1414.99992407696914	3.013154e+02
1416.00048167130171	3.013168e+02
1417.00075655608157	3.013190e+02
1418.00076763720131	3.013223e+02
1419.000554672622	3.013266e+02
1420.00014793516266	3.013317e+02
1420.99955837955667	3.013374e+02
1422.00182019670569	3.013436e+02
1423.00086064730885	3.013502e+02
1423.99974808299248	3.013571e+02
1425.00155270657524	3.013641e+02
1426.00021303310587	3.013711e+02
1427.00180606315939	3.013780e+02
1428.00027117868967	3.013848e+02
1429.0017150724359	3.013915e+02
1430.00009498698455	3.013981e+02
1431.00148637769485	3.014045e+02
1431.99983459352961	3.014108e+02
1433.00122372700935	3.014170e+02
1433.99958504823076	3.014230e+02
1435.00099013086469	3.014288e+02
1436.00243049145433	3.014345e+02
1437.00092542327593	3.014401e+02
1437.99958640234604	3.014457e+02
1439.00155438035927	3.014515e+02
1440.0008606903175	3.014575e+02
1441.00067439768281	3.014639e+02
1442.00115921649444	3.014711e+02
1442.9994869696277	3.014791e+02
1444.00200200168956	3.014883e+02
1444.99983316629164	3.014988e+02
1446.00244001918691	3.015107e+02
1447.0009158599828	3.015242e+02
1448.00162168231577	3.015392e+02
1449.00147096406477	3.015558e+02
1450.00031629733826	3.015738e+02
1451.00110556522736	3.015928e+02
1452.00062725779549	3.016125e+02
1453.00189060908019	3.016328e+02
1454.00168470785093	3.016535e+02
1454.99982438806978	3.016737e+02
1456.00234023965163	3.016934e+02
1457.00247151166786	3.017126e+02
1457.99978250547156	3.017313e+02
1459.0000124022597	3.017501e+02
1459.9995264321692	3.017695e+02
1461.0012289927638	3.017890e+02
1462.00232118737358	3.018070e+02
1463.00029809577313	3.018211e+02
1464.00179723596398	3.018296e+02
1465.00072702734246	3.018313e+02
1466.00032453342374	3.018276e+02
1467.0007842909647	3.018214e+02
1468.00233265395582	3.018149e+02
1469.0024429164198	3.018097e+02
1470.00076987063153	3.018065e+02
1471.0020755894061	3.018056e+02
1472.00185651071888	3.018073e+02
1473.0019727176757	3.018119e+02
1474.0018970851163	3.018194e+02
1475.00196698163882	3.018288e+02
1476.00021590997676	3.018393e+02
1477.0006522291103	3.018495e+02
1478.00060194689854	3.018575e+02
1479.00007764097563	3.018624e+02
1479.99938356386815	3.018646e+02
1480.99952132620911	3.018658e+02
1482.00159064828904	3.018678e+02
1483.00023121288996	3.018713e+02
1483.99944084453546	3.018764e+02
1485.00228560442292	3.018822e+02
1486.00048169832712	3.018881e+02
1487.00101512764513	3.018933e+02
1487.99948263876536	3.018979e+02
1489.00164878039186	3.019029e+02
1490.00120211845046	3.019095e+02
1491.00149582673566	3.019185e+02
1491.99957597045659	3.019293e+02
1493.00217855849564	3.019410e+02
1494.00152038810575	3.019528e+02
1495.00232985045204	3.019652e+02
1495.99957868875367	3.019772e+02
1497.00041299866211	3.019874e+02
1498.00228026435752	3.019943e+02
1499.0019717056748	3.019983e+02
1499.99944198550452	3.020010e+02
1501.00197434916413	3.020040e+02
1502.00097798465208	3.020068e+02
1503.00095592908497	3.020096e+02
1504.00100045218869	3.020150e+02
1505.00138450374584	3.020255e+02
1505.99963133765618	3.020422e+02
1507.00218859816141	3.020635e+02
1508.00215459009792	3.020873e+02
1509.00145067798485	3.021111e+02
1510.0004111013784	3.021319e+02
1511.00043633165319	3.021483e+02
1512.00090013349381	3.021602e+02
1513.00150129576082	3.021674e+02
1514.00045613390421	3.021683e+02
1515.0004895439115	3.021613e+02
1516.00064640102619	3.021474e+02
1517.00025946888468	3.021301e+02
1518.00180260865295	3.021159e+02
1519.00094428725606	3.021110e+02
1519.99947743220218	3.021171e+02
1520.99967138157922	3.021321e+02
1522.00110347006535	3.021535e+02
1523.00085806139145	3.021808e+02
1524.00227354593676	3.022142e+02
1525.00214313299193	3.022531e+02
1526.00015786992503	3.022953e+02
1527.00225177713651	3.023378e+02
1528.0001851478421	3.023771e+02
1529.00168708036381	3.024100e+02
1530.00184077485028	3.024338e+02
1531.00138248521512	3.024478e+02
1532.00054613347834	3.024521e+02
1532.99935756371656	3.024474e+02
1534.00080229890591	3.024363e+02
1535.00063800180737	3.024247e+02
1536.00044809441829	3.024196e+02
1537.0024513020403	3.024254e+02
1538.00021715961134	3.024426e+02
1539.00022536233246	3.024703e+02
1539.99965146088675	3.025071e+02
1541.00160632775419	3.025510e+02
1542.00242846992796	3.025977e+02
1543.00146703839664	3.026430e+02
1544.00122770013149	3.026840e+02
1545.00229609782764	3.027180e+02
1546.00005043585611	3.027437e+02
1547.00231625834817	3.027616e+02
1548.00075620504799	3.027724e+02
1549.0018650204122	3.027764e+02
1550.00243819486718	3.027750e+02
1551.0020190543928	3.027717e+02
1552.00188377580912	3.027712e+02
1553.00061469208367	3.027774e+02
1554.00061680319368	3.027918e+02
1555.00160644996754	3.028147e+02
1556.00103445746504	3.028466e+02
1556.9994068021947	3.028870e+02
1558.00018298727855	3.029332e+02
1559.00006911144374	3.029816e+02
1560.00154254704034	3.030281e+02
1561.00136399896451	3.030687e+02
1562.00043796229738	3.031005e+02
1563.00021025949127	3.031240e+02
1564.0019983830025	3.031409e+02
1565.00040247734796	3.031527e+02
1566.00159256775419	3.031603e+02
1567.00076829848354	3.031648e+02
1567.99969698232621	3.031688e+02
1569.00080821864981	3.031759e+02
1570.00041200809414	3.031893e+02
1571.0017829885478	3.032108e+02
1572.00230063813865	3.032415e+02
1572.9994080157328	3.032817e+02
1573.99991457438978	3.033293e+02
1575.00099178592723	3.033781e+02
1575.99936336314477	3.034212e+02
1577.00090348195931	3.034562e+02
1578.0023832285392	3.034820e+02
1579.0006851629214	3.034991e+02
1580.00212364575168	3.035098e+02
1581.00060599417634	3.035178e+02
1582.0022305594332	3.035250e+02
1583.00067724483029	3.035323e+02
1584.00192758469302	3.035424e+02
1585.00235790405236	3.035585e+02
1586.00149275982881	3.035840e+02
1587.00222385816323	3.036205e+02
1588.00146541143567	3.036655e+02
1588.99958546689709	3.037134e+02
1590.00006341164863	3.037586e+02
1591.00005538963728	3.037974e+02
1591.99975114748372	3.038295e+02
1593.00243515408761	3.038551e+02
1594.00204142697703	3.038749e+02
1595.00164709542446	3.038906e+02
1596.00119063272928	3.039044e+02
1597.00052817956089	3.039178e+02
1597.99952182841821	3.039320e+02
1599.00130684936221	3.039479e+02
1599.99981535713846	3.039657e+02
1601.00145051019399	3.039849e+02
1602.00010329296651	3.040042e+02
1603.00191414534584	3.040233e+02
1604.00051873423399	3.040415e+02
1605.00191450489137	3.040589e+02
1605.99975262272596	3.040749e+02
1607.00023190400702	3.040891e+02
1608.00043648950623	3.041003e+02
1609.00055999963502	3.041081e+02
1610.0009170024116	3.041133e+02
1611.001741257418	3.041170e+02
1612.0001706721118	3.041205e+02
1612.999404804264	3.041252e+02
1613.9995002829116	3.041321e+02
1615.0003973314017	3.041417e+02
1616.00190457780104	3.041533e+02
1617.00081760004173	3.041661e+02
1618.00021618120877	3.041790e+02
1619.00012759630522	3.041917e+02
1620.00058389813239	3.042039e+02
1621.00153054397197	3.042155e+02
1621.99990632452636	3.042263e+02
1623.00186297378309	3.042363e+02
1624.00109695929541	3.042453e+02
1625.00060884548589	3.042533e+02
1626.00037577899548	3.042601e+02
1627.00034948603729	3.042652e+02
1628.00057745026311	3.042685e+02
1629.00102148624933	3.042699e+02
1630.00169563352665	3.042697e+02
1630.99943060590749	3.042680e+02
1632.00040985007013	3.042652e+02
1633.00151218209294	3.042616e+02
1633.99962168989737	3.042575e+02
1635.00099494452138	3.042534e+02
1635.99951230194438	3.042497e+02
1637.0015764402583	3.042470e+02
1638.00095035058303	3.042458e+02
1639.00084290852033	3.042459e+02
1640.00127968392349	3.042472e+02
1641.00231041250436	3.042493e+02
1642.00085439373447	3.042518e+02
1643.00006424387175	3.042540e+02
1643.99993741584012	3.042553e+02
1645.00046120292927	3.042555e+02
1646.00154547154466	3.042546e+02
1646.99998948904863	3.042527e+02
1648.0019560656674	3.042503e+02
1649.00108395298275	3.042476e+02
1650.00040923495135	3.042448e+02
1650.9998145295267	3.042422e+02
1652.00228328488492	3.042399e+02
1653.00135786075043	3.042384e+02
1653.99990519593848	3.042380e+02
1655.00094263863707	3.042385e+02
1656.00144990515332	3.042396e+02
1657.001486180342	3.042413e+02
1658.00114828848768	3.042434e+02
1659.00056125673336	3.042453e+02
1659.99983203648662	3.042468e+02
1661.00217269050086	3.042478e+02
1662.00136381713992	3.042479e+02
1663.00060897905269	3.042472e+02
1664.00000080221275	3.042457e+02
1664.99961876574889	3.042436e+02
1665.9994337060391	3.042408e+02
1666.99945094847817	3.042374e+02
1667.99969823608831	3.042337e+02
1669.0002503347398	3.042298e+02
1670.00112697989584	3.042261e+02
1671.00223801401739	3.042225e+02
1672.00029298165714	3.042190e+02
1673.00147125443232	3.042159e+02
1674.0024235614801	3.042134e+02
1674.99991810012102	3.042120e+02
1676.00018549485685	3.042125e+02
1677.00034258195728	3.042150e+02
1678.0006078432657	3.042175e+02
1679.00074318016118	3.042184e+02
1680.00061815672484	3.042183e+02
1680.99996409869118	3.042190e+02
1682.00176703641841	3.042229e+02
1682.9994812510713	3.042322e+02
1684.00210582807949	3.042490e+02
1684.9997232986882	3.042739e+02
1686.00162352087023	3.043074e+02
1686.99928511856547	3.043484e+02
1688.00013261928802	3.043927e+02
1689.00208923491664	3.044370e+02
1689.99973834586353	3.044777e+02
1690.99948128723213	3.045133e+02
1692.00121101059153	3.045441e+02
1693.00136240399593	3.045723e+02
1693.99957141443906	3.045978e+02
1695.00190741234201	3.046192e+02
1696.00013208434189	3.046339e+02
1697.00077737072206	3.046405e+02
1698.00160860480719	3.046393e+02
1699.00195378476951	3.046320e+02
1700.00183178807356	3.046216e+02
1701.00212652200298	3.046109e+02
1702.00197227292597	3.046021e+02
1702.99924638317179	3.045958e+02
1704.00077320654168	3.045917e+02
1704.99997854296589	3.045883e+02
1706.00161548434903	3.045836e+02
1707.00146394703415	3.045756e+02
1707.99926734734345	3.045630e+02
1709.00170158088281	3.045455e+02
1710.00025709872853	3.045243e+02
1711.00200663532223	3.045012e+02
1712.00099446604986	3.044778e+02
1713.00023424793358	3.044543e+02
1713.99943710887783	3.044308e+02
1715.00202866329209	3.044062e+02
1716.00197178756753	3.043795e+02
1716.99942580786842	3.043499e+02
1718.00083168834226	3.043167e+02
1718.99953573065409	3.042805e+02
1720.00078094724836	3.042434e+02
1721.00014633540104	3.042081e+02
1721.99924175523415	3.041771e+02
1723.00042829580616	3.041518e+02
1724.00113965048058	3.041328e+02
1724.99954316198364	3.041193e+02
1726.0002667158908	3.041097e+02
1727.00192361754353	3.041020e+02
1727.99944069978505	3.040951e+02
1728.99928636835784	3.040880e+02
1730.00114352220453	3.040804e+02
1731.00170482415865	3.040721e+02
1732.00057964351049	3.040635e+02
1733.00037499755285	3.040550e+02
1734.00094982649284	3.040465e+02
1734.99938763210798	3.040371e+02
1736.00232569371678	3.040260e+02
1737.00073653296545	3.040124e+02
1738.0009665585801	3.039961e+02
1739.00225875173533	3.039774e+02
1739.99989089831297	3.039573e+02
1741.00141984554466	3.039367e+02
1741.99934770596747	3.039168e+02
1742.99990019412962	3.038986e+02
1744.00091572768224	3.038830e+02
1745.00068450912227	3.038704e+02
1746.00062133516371	3.038612e+02
1747.00198500961801	3.038551e+02
1748.00224695144425	3.038521e+02
1749.00126858479257	3.038513e+02
1750.00161968650377	3.038525e+02
1750.9997092020028	3.038552e+02
1752.00144777802461	3.038580e+02
1753.00026170735805	3.038594e+02
1754.00218669342166	3.038572e+02
1755.00139858895091	3.038499e+02
1756.00128267370133	3.038372e+02
1757.00205770201205	3.038192e+02
1758.00002264717455	3.037967e+02
1759.00062327042133	3.037707e+02
1760.00025216299309	3.037418e+02
1761.00187348628788	3.037107e+02
1762.00212852821619	3.036787e+02
1763.00081485484156	3.036469e+02
1764.00107686984484	3.036162e+02
1764.9998568213789	3.035880e+02
1766.00019417094722	3.035632e+02
1767.0017915733315	3.035422e+02
1768.00125262652091	3.035248e+02
1768.99937462505045	3.035113e+02
1769.99997874569317	3.035010e+02
1771.00060046397971	3.034928e+02
1772.00124592962334	3.034859e+02
1773.00211127545663	3.034799e+02
1774.00011331133851	3.034743e+02
1775.00109214504914	3.034686e+02
1776.00195505511169	3.034621e+02
1776.99985129126799	3.034543e+02
1778.00076166344184	3.034444e+02
1779.00138012028287	3.034325e+02
1780.00177172110102	3.034189e+02
1781.00190062878801	3.034046e+02
1782.00144119139713	3.033905e+02
1783.00066928198794	3.033771e+02
1783.99998476426481	3.033646e+02
1785.00226558580243	3.033526e+02
1786.00144910440167	3.033409e+02
1787.00124547982864	3.033290e+02
1788.00168827893708	3.033171e+02
1789.0022080209028	3.033049e+02
1789.9995911069966	3.032925e+02
1791.00010002287286	3.032797e+02
1792.00026048073732	3.032667e+02
1792.99940565161046	3.032541e+02
1794.00095048029311	3.032420e+02
1795.0022039799876	3.032300e+02
1796.0023919818257	3.032180e+02
1797.0014321338056	3.032059e+02
1798.0031820424424	3.031936e+02
1799.00156390193	3.031808e+02
1800.00253116195722	3.031673e+02
1801.00297931816453	3.031535e+02
1802.00299992428063	3.031401e+02
1803.0026530194275	3.031268e+02
1804.00192578488122	3.031136e+02
1805.000839223203	3.031010e+02
1806.00251118268443	3.030890e+02
1807.00089268304328	3.030777e+02
1808.00212839875189	3.030670e+02
1809.00322868427702	3.030569e+02
1810.00123368741583	3.030477e+02
1811.00235695240326	3.030392e+02
1812.00364398830607	3.030315e+02
1813.00213186630731	3.030245e+02
1814.00095316821785	3.030181e+02
1815.00329309993526	3.030125e+02
1816.00313267045703	3.030076e+02
1817.00359492397411	3.030034e+02
1818.00164024281912	3.030000e+02
1819.00338250235836	3.029974e+02
1820.0026825321338	3.029959e+02
1821.00259879485566	3.029953e+02
1822.00308566601916	3.029957e+02
1823.0010054460347	3.029971e+02
1824.00245336836861	3.029993e+02
1825.00125472971558	3.030022e+02
1826.00354656955096	3.030057e+02
1827.00317555549532	3.030094e+02
1828.00316531953194	3.030134e+02
1829.00344495855757	3.030176e+02
1830.00091375567354	3.030216e+02
1831.00170963893424	3.030254e+02
1832.00275104385969	3.030285e+02
1833.00099577118704	3.030309e+02
1834.00262212345956	3.030325e+02
1835.00145909217144	3.030333e+02
1836.00363627737488	3.030333e+02
1837.00284107066341	3.030326e+02
1838.0020743905136	3.030313e+02
1839.00126184375517	3.030293e+02
1840.00347155332656	3.030271e+02
1841.0025508381018	3.030243e+02
1842.00155061300438	3.030212e+02
1843.00350071229127	3.030181e+02
1844.00220903286663	3.030156e+02
1845.00068662928334	3.030130e+02
1846.00192323909232	3.030096e+02
1847.00263463570627	3.030051e+02
1848.00268451952502	3.029995e+02
1849.00213299693814	3.029926e+02
1850.00100608008006	3.029843e+02
1851.0022153825455	3.029747e+02
1852.00270173464378	3.029639e+02
1853.00272756874369	3.029522e+02
1854.00229258205809	3.029399e+02
1855.0012055603006	3.029274e+02
1856.00257166980896	3.029151e+02
1857.00343100416558	3.029039e+02
1858.00078343365203	3.028939e+02
1859.00083484139236	3.028850e+02
1860.00369642245778	3.028771e+02
1861.00354752279736	3.028705e+02
1862.00350560142761	3.028648e+02
1863.0035626065021	3.028602e+02
1864.00370203119996	3.028568e+02
1865.00088835834981	3.028547e+02
1866.00129610488921	3.028532e+02
1867.0019502342202	3.028522e+02
1868.00292411733312	3.028515e+02
1869.00119235790589	3.028511e+02
1870.00291698685533	3.028508e+02
1871.00203684173857	3.028508e+02
1872.00166842417707	3.028509e+02
1873.00183204891277	3.028511e+02
1874.00253244347687	3.028515e+02
1875.00067797616498	3.028523e+02
1876.00235570301584	3.028537e+02
1877.00134049012922	3.028556e+02
1878.00370017286377	3.028576e+02
1879.00323184173499	3.028593e+02
1880.00296275255596	3.028599e+02
1881.00285955580875	3.028590e+02
1882.00289861750957	3.028564e+02
1883.00301181904797	3.028523e+02
1884.00309687418894	3.028470e+02
1885.00306864686081	3.028410e+02
1886.00284294952485	3.028346e+02
1887.00234465961034	3.028279e+02
1888.00154075534124	3.028213e+02
1889.00351601047259	3.028147e+02
1890.00211980521772	3.028082e+02
1891.00345882449597	3.028019e+02
1892.00132752346803	3.027958e+02
1893.00179110609611	3.027898e+02
1894.00172549117133	3.027837e+02
1895.00114435379396	3.027773e+02
1896.00317729971152	3.027704e+02
1897.00176541026667	3.027630e+02
1898.00310227232353	3.027550e+02
1899.00112432637047	3.027469e+02
1900.00199415479256	3.027388e+02
1901.00268508550562	3.027308e+02
1902.00324489102627	3.027231e+02
1903.00067780807171	3.027157e+02
1904.00116893688096	3.027085e+02
1905.00172753394645	3.027015e+02
1906.00243050581662	3.026949e+02
1907.00331604072176	3.026889e+02
1908.00133635087923	3.026835e+02
1909.00263672734468	3.026787e+02
1910.00112222546841	3.026746e+02
1911.00296088655296	3.026712e+02
1912.00207679922892	3.026684e+02
1913.00157131657738	3.026662e+02
1914.0014659620997	3.026646e+02
1915.00176211387065	3.026637e+02
1916.00241713867035	3.026635e+02
1917.00337970135502	3.026642e+02
1918.00152410672695	3.026654e+02
1919.00295446820815	3.026670e+02
1920.00147821812379	3.026687e+02
1921.00319250787675	3.026702e+02
1922.00190018356329	3.026712e+02
1923.00367667732939	3.026714e+02
1924.00231320394983	3.026706e+02
1925.00085054596752	3.026683e+02
1926.00234658928684	3.026643e+02
1927.00066827513706	3.026584e+02
1928.00197339102033	3.026506e+02
1929.00317185618997	3.026416e+02
1930.00115662418966	3.026316e+02
1931.0020289618908	3.026214e+02
1932.00266997339349	3.026114e+02
1933.00304026816934	3.026019e+02
1934.00312706944919	3.025932e+02
1935.00293311370251	3.025853e+02
1936.00249483846096	3.025783e+02
1937.00187742966887	3.025722e+02
1938.00107481601731	3.025669e+02
1939.00308913791719	3.025623e+02
1940.00173789337691	3.025583e+02
1941.00314031610674	3.025543e+02
1942.00119715363758	3.025502e+02
1943.00207359093361	3.025456e+02
1944.00276290757347	3.025405e+02
1945.00332228851448	3.025350e+02
1946.00069841411573	3.025294e+02
1947.00100086764428	3.025238e+02
1948.00112948035917	3.025183e+02
1949.00105557928305	3.025125e+02
1950.00082971662141	3.025061e+02
1951.00361115546343	3.024988e+02
1952.00337636038716	3.024905e+02
1953.00321626309483	3.024815e+02
1954.00312215679037	3.024726e+02
1955.00307609289462	3.024642e+02
1956.00305144581966	3.024567e+02
1957.00301968329859	3.024503e+02
1958.00297924992606	3.024449e+02
1959.00297882971608	3.024405e+02
1960.00312658187727	3.024372e+02
1961.00358033289103	3.024351e+02
1962.00136260513614	3.024342e+02
1963.00265034820723	3.024344e+02
1964.00129665287682	3.024358e+02
1965.0033080088167	3.024382e+02
1966.00242611211615	3.024412e+02
1967.00166093293751	3.024443e+02
1968.00098542149908	3.024471e+02
1969.003452924155	3.024492e+02
1970.00293097017425	3.024506e+02
1971.00246494421754	3.024508e+02
1972.00199676307739	3.024496e+02
1973.00145048211289	3.024464e+02
1974.00077325672851	3.024403e+02
1975.00299685821983	3.024312e+02
1976.00181342653332	3.024193e+02
1977.00312543315886	3.024054e+02
1978.00365643496116	3.023912e+02
1979.00344036292677	3.023765e+02
1980.0026816542811	3.023618e+02
1981.00158498880023	3.023483e+02
1982.00346116157039	3.023366e+02
1983.002419493557	3.023277e+02
1984.00170847316303	3.023218e+02
1985.00132753220259	3.023188e+02
1986.00126051317852	3.023179e+02
1987.00152162155882	3.023186e+02
1988.00204114705662	3.023203e+02
1989.00275316103739	3.023225e+02
1990.00360847035699	3.023247e+02
1991.00149199161046	3.023266e+02
1992.00253880279774	3.023279e+02
1993.00068093046866	3.023282e+02
1994.00206961461663	3.023274e+02
1995.00364827253907	3.023253e+02
1996.0023038099821	3.023215e+02
1997.00096741491438	3.023154e+02
1998.0024228172017	3.023066e+02
1999.00350276918516	3.022949e+02
2000.00075446259234	3.022814e+02
2001.00296706496329	3.022664e+02
2002.0012220535034	3.022500e+02
2003.00192095665057	3.022330e+02
2004.00176193355696	3.022167e+02
2005.00108269350926	3.022025e+02
2006.00338639999222	3.021913e+02
2007.0027700639771	3.021838e+02
2008.00233465768588	3.021801e+02
2009.00225032238359	3.021796e+02
2010.00273508872078	3.021814e+02
2011.00083002076485	3.021851e+02
2012.00260824764155	3.021904e+02
2013.00191475351971	3.021966e+02
2014.00177235648471	3.022029e+02
2015.00216108675841	3.022092e+02
2016.00306214790498	3.022147e+02
2017.00143718481513	3.022190e+02
2018.00339522475929	3.022219e+02
2019.00281029238272	3.022233e+02
2020.00267571088489	3.022223e+02
2021.00281098375672	3.022180e+02
2022.00296304469157	3.022095e+02
2023.00271257443978	3.021972e+02
2024.00124321984322	3.021815e+02
2025.00122630078977	3.021631e+02
2026.00286915903871	3.021424e+02
2027.00303655528046	3.021204e+02
2028.00179934005905	3.020987e+02
2029.00278567070768	3.020793e+02
2030.00323845515754	3.020641e+02
2031.00350808922417	3.020538e+02
2032.00084460318817	3.020485e+02
2033.0015562340775	3.020472e+02
2034.00281575636041	3.020493e+02
2035.00179230511208	3.020542e+02
2036.0015614141937	3.020614e+02
2037.00202313901968	3.020700e+02
2038.00318164159421	3.020791e+02
2039.00196530910466	3.020882e+02
2040.00143296293118	3.020965e+02
2041.00161664371512	3.021035e+02
2042.00252340873794	3.021085e+02
2043.00111591430982	3.021110e+02
2044.00342272583976	3.021106e+02
2045.00301109498173	3.021064e+02
2046.00267185356074	3.020979e+02
2047.00202035945949	3.020853e+02
2048.00326126993423	3.020696e+02
2049.00286771681613	3.020512e+02
2050.00098288773688	3.020303e+02
2051.00356602766078	3.020080e+02
2052.00170870704915	3.019860e+02
2053.00194536252684	3.019660e+02
2054.00136057740929	3.019497e+02
2055.00356838141215	3.019381e+02
2056.00292317413505	3.019318e+02
2057.00267008224546	3.019300e+02
2058.00304079799389	3.019321e+02
2059.00126023695793	3.019374e+02
2060.00344594271428	3.019453e+02
2061.00341804538948	3.019550e+02
2062.00119629217079	3.019657e+02
2063.0028516889297	3.019770e+02
2064.00222567329592	3.019882e+02
2065.00239829428983	3.019984e+02
2066.00341150416216	3.020068e+02
2067.00219639353782	3.020123e+02
2068.00171200319846	3.020143e+02
2069.0016618419404	3.020121e+02
2070.00171616364332	3.020047e+02
2071.0015048238688	3.019927e+02
2072.00334501653242	3.019765e+02
2073.00342561357093	3.019573e+02
2074.0019323071092	3.019353e+02
2075.00222941611082	3.019120e+02
2076.00096495335811	3.018888e+02
2077.00115350474061	3.018677e+02
2078.00372173416645	3.018500e+02
2079.00288396348196	3.018367e+02
2080.00198859696138	3.018281e+02
2081.00155863485861	3.018235e+02
2082.00185503933471	3.018233e+02
2083.00295785878325	3.018268e+02
2084.00184358332945	3.018332e+02
2085.00162963801267	3.018417e+02
2086.00239181526513	3.018521e+02
2087.00097364334943	3.018630e+02
2088.00332476475933	3.018742e+02
2089.00330772718553	3.018850e+02
2090.0009166415839	3.018948e+02
2091.00225344570572	3.019027e+02
2092.0012445459829	3.019077e+02
2093.0006934425769	3.019085e+02
2094.0032326763012	3.019043e+02
2095.0025080074879	3.018953e+02
2096.00101780323212	3.018819e+02
2097.00124825450257	3.018646e+02
2098.0032595536909	3.018441e+02
2099.00129492441147	3.018218e+02
2100.00075973148159	3.017994e+02
2101.00185287318254	3.017781e+02
2102.00249111287667	3.017592e+02
2103.00240377888713	3.017438e+02
2104.00202410932661	3.017325e+02
2105.00223081911054	3.017250e+02
2106.00310211248643	3.017214e+02
2107.00164171949382	3.017212e+02
2108.00104572009877	3.017241e+02
2109.00142436276656	3.017300e+02
2110.00277566998011	3.017379e+02
2111.00196703177608	3.017470e+02
2112.00191128419783	3.017567e+02
2113.00244528067424	3.017665e+02
2114.003485032551	3.017761e+02
2115.0019373895957	3.017846e+02
2116.00083694385967	3.017914e+02
2117.00311810845051	3.017948e+02
2118.00229165387236	3.017938e+02
2119.0012222957198	3.017886e+02
2120.00269066419878	3.017789e+02
2121.003144314981	3.017649e+02
2122.0024150366994	3.017470e+02
2123.00092105317572	3.017262e+02
2124.00145393584626	3.017044e+02
2125.00094681794053	3.016836e+02
2126.00310919082358	3.016645e+02
2127.00171237041377	3.016476e+02
2128.00296901846423	3.016333e+02
2129.0014414031516	3.016222e+02
2130.00337991044671	3.016147e+02
2131.00294446678481	3.016104e+02
2132.00335781073318	3.016094e+02
2133.00151957377284	3.016112e+02
2134.00361650851119	3.016156e+02
2135.00358297861021	3.016217e+02
2136.00128483326444	3.016290e+02
2137.00275044738373	3.016368e+02
2138.00152180095256	3.016448e+02
2139.00354819323184	3.016521e+02
2140.00265016500089	3.016586e+02
2141.00146836417889	3.016634e+02
2142.00318211652984	3.016653e+02
2143.00171898960298	3.016637e+02
2144.00293483093992	3.016580e+02
2145.00370166064613	3.016483e+02
2146.00083282030437	3.016353e+02
2147.00336573237473	3.016196e+02
2148.00218501494828	3.016022e+02
2149.00370381196899	3.015842e+02
2150.00185310760025	3.015664e+02
2151.00267934925841	3.015495e+02
2152.00352558224495	3.015345e+02
2153.00156079542103	3.015217e+02
2154.00277182069476	3.015114e+02
2155.00126391157755	3.015038e+02
2156.00337579065899	3.014988e+02
2157.00295903740016	3.014960e+02
2158.0031103561796	3.014956e+02
2159.00089488253207	3.014971e+02
2160.00224171053605	3.014999e+02
2161.00088277653049	3.015033e+02
2162.00295674707922	3.015074e+02
2163.0022145830485	3.015113e+02
2164.00151641944831	3.015146e+02
2165.0037007761407	3.015169e+02
2166.0026573043883	3.015179e+02
2167.0046533909699	3.015169e+02
2168.003601550879	3.015134e+02
2169.0024720152578	3.015072e+02
2170.00427070776459	3.014985e+02
2171.00291971750903	3.014875e+02
2172.00451722358275	3.014748e+02
2173.00293606658306	3.014608e+02
2174.00440079226973	3.014461e+02
2175.00287674348783	3.014316e+02
2176.00445491961227	3.014178e+02
2177.00306363457867	3.014052e+02
2178.00493823364604	3.013941e+02
2179.00393298125437	3.013848e+02
2180.00316521739842	3.013773e+02
2181.00270729721115	3.013717e+02
2182.00255340593776	3.013678e+02
2183.0027612512522	3.013655e+02
2184.00343312634368	3.013645e+02
2185.00455711753602	3.013653e+02
2186.00304032911936	3.013679e+02
2187.0050750398068	3.013721e+02
2188.0045447959078	3.013769e+02
2189.00446784087035	3.013819e+02
2190.00478689352713	3.013867e+02
2191.00233478928112	3.013909e+02
2192.00317310535047	3.013943e+02
2193.00414791706407	3.013967e+02
2194.00520597156537	3.013977e+02
2195.00315193152665	3.013972e+02
2196.00401482119923	3.013952e+02
2197.00462871744367	3.013916e+02
2198.00485833761195	3.013869e+02
2199.00465061427531	3.013814e+02
2200.0039397326027	3.013755e+02
2201.00269980830899	3.013696e+02
2202.0039898191972	3.013641e+02
2203.0047052543105	3.013593e+02
