# Region type : patch node4U_0_Inlet_0
#   Faces  : 252
#   Area   : 3.465319e-02
#        Time	areaAverage(T)
     0.999427	3.001500e+02
      2.00049	3.001500e+02
      3.00031	3.001500e+02
      3.99974	3.001500e+02
     4.999837	3.001500e+02
      6.00101	3.001500e+02
     7.000448	3.001500e+02
     8.000372	3.001500e+02
     9.000012	3.001500e+02
   10.0011397	3.001500e+02
   11.0005124	3.001499e+02
   12.0006243	3.001496e+02
    13.001107	3.001465e+02
   13.9997402	3.001345e+02
  14.99964955	3.001167e+02
  15.99955708	3.001051e+02
  17.00134405	3.001042e+02
  18.00000337	3.001163e+02
  19.00006167	3.001309e+02
 20.001505108	3.001399e+02
 20.999254464	3.001443e+02
  22.00150266	3.001467e+02
 23.001714829	3.001480e+02
 23.999634984	3.001478e+02
25.00095516804	3.001456e+02
25.9996836352	3.001421e+02
26.99932842931	3.001384e+02
28.00029166142	3.001353e+02
28.99937441246	3.001321e+02
30.002134441893	3.001276e+02
31.002014765417	3.001211e+02
32.001552166551	3.001128e+02
33.000560257147	3.001046e+02
33.999249928093	3.000982e+02
35.00108530523362	3.000941e+02
36.00057592118466	3.000914e+02
37.00120630448001	3.000893e+02
38.00022932106895	3.000880e+02
39.00052258115672	3.000897e+02
40.0012943804983152	3.000974e+02
41.0019879837090926	3.001144e+02
41.9992708912271695	3.001419e+02
43.0021545135227328	3.001792e+02
44.0019391598090266	3.002224e+02
44.9992995861729526	3.002668e+02
46.0009844670853099	3.003085e+02
47.0014489491798813	3.003452e+02
48.0008801364990703	3.003764e+02
48.9995304912996801	3.004022e+02
50.0001794237682375	3.004229e+02
50.9993551299025256	3.004391e+02
51.9998205148969248	3.004518e+02
53.0015311001695864	3.004625e+02
54.0013696283965601	3.004731e+02
54.9993238877661597	3.004848e+02
56.0015339065886479	3.004983e+02
57.0018205760141825	3.005135e+02
58.000096433294182	3.005301e+02
58.9991359299691496	3.005476e+02
60.0016627635771727	3.005660e+02
61.0010778941215932	3.005851e+02
62.0000130700834902	3.006051e+02
63.0010986270090001	3.006260e+02
64.0009690790207202	3.006478e+02
64.9994918949116851	3.006703e+02
65.9998560646141783	3.006933e+02
66.9992477683962306	3.007161e+02
68.0009249354785794	3.007385e+02
69.0019475640447695	3.007601e+02
69.9993513960609874	3.007810e+02
70.9993591323269015	3.008012e+02
72.0020465187059102	3.008209e+02
73.0013581031466714	3.008398e+02
74.000423255190384	3.008579e+02
74.9993458644687365	3.008750e+02
76.0013508435945511	3.008913e+02
77.0005510755528491	3.009066e+02
78.0000113736252843	3.009211e+02
78.9992549610128236	3.009348e+02
80.0009720943383229	3.009480e+02
81.0020589541296232	3.009609e+02
81.9992454193614009	3.009738e+02
83.0014611672898184	3.009868e+02
83.9993628440124525	3.009999e+02
85.0020431376517678	3.010132e+02
86.000333987758637	3.010267e+02
87.0003695380874404	3.010405e+02
88.0020658759812022	3.010547e+02
88.9993795452335519	3.010693e+02
90.0015696379174557	3.010840e+02
90.9997903684166971	3.010986e+02
92.0003898830139377	3.011130e+02
93.0006194266289867	3.011271e+02
94.0007057145538596	3.011408e+02
95.0007997335581251	3.011539e+02
96.0009686444809773	3.011662e+02
97.0012373806239623	3.011775e+02
98.0016053172324462	3.011878e+02
99.0020344570527584	3.011971e+02
99.9994552294174497	3.012057e+02
100.999851234731452	3.012138e+02
102.000136850138333	3.012215e+02
103.000241500016131	3.012290e+02
104.000073061910427	3.012363e+02
104.999552930719901	3.012435e+02
106.001633206025147	3.012507e+02
107.000192996165325	3.012581e+02
108.001260471577879	3.012654e+02
109.001819915586253	3.012726e+02
110.001932009313407	3.012800e+02
111.001635624775176	3.012875e+02
112.000980310532839	3.012951e+02
113.000018915714335	3.013023e+02
114.001807672044521	3.013087e+02
115.000361508444968	3.013142e+02
116.001781982353393	3.013188e+02
117.000048097326257	3.013225e+02
118.00122264940498	3.013253e+02
118.999382617868164	3.013272e+02
120.000616562993542	3.013279e+02
121.002007225989203	3.013269e+02
122.000661640430124	3.013243e+02
122.999734831133267	3.013209e+02
123.99952262735836	3.013179e+02
125.000333848736219	3.013163e+02
125.999642959708595	3.013168e+02
127.000956414914896	3.013197e+02
128.001293686371213	3.013252e+02
129.000700621259568	3.013333e+02
130.002135701572797	3.013450e+02
130.999533849213833	3.013606e+02
131.999244240588723	3.013795e+02
133.001101245812436	3.014001e+02
134.0020971077968	3.014207e+02
135.002075643628388	3.014399e+02
136.000848975566782	3.014570e+02
137.001309026256649	3.014717e+02
138.000254544982795	3.014843e+02
139.000649575250975	3.014954e+02
139.999224934568531	3.015059e+02
141.002036637829093	3.015167e+02
141.999654446908238	3.015278e+02
143.001271960468813	3.015393e+02
144.000548532269903	3.015506e+02
145.00044839448563	3.015614e+02
146.000849050599697	3.015717e+02
147.001677167223932	3.015812e+02
147.99975047252525	3.015899e+02
149.001369451029944	3.015976e+02
150.000282434108982	3.016044e+02
150.999551328031998	3.016106e+02
151.999184896249147	3.016164e+02
152.999208185270845	3.016215e+02
153.999585696359787	3.016261e+02
155.00029833082661	3.016300e+02
156.001343237128225	3.016334e+02
156.999457705577299	3.016362e+02
158.000686168546764	3.016385e+02
159.001776087131674	3.016403e+02
159.999561059721657	3.016418e+02
161.000550527382018	3.016433e+02
162.001972559951867	3.016455e+02
163.000888609676053	3.016491e+02
164.000316687785954	3.016544e+02
165.000096140130211	3.016607e+02
166.000088612179667	3.016668e+02
167.000061340522421	3.016714e+02
167.999782828424799	3.016737e+02
168.999172341489157	3.016734e+02
170.001230534148533	3.016708e+02
170.999544804163264	3.016666e+02
172.00045496321485	3.016614e+02
173.000757901779707	3.016562e+02
174.000444045117518	3.016513e+02
174.999760596408947	3.016467e+02
176.002157779350711	3.016425e+02
177.001661582702695	3.016384e+02
178.001628294344187	3.016345e+02
178.999162606507298	3.016302e+02
180.000503473761029	3.016248e+02
180.999207866690625	3.016176e+02
182.001208593017452	3.016074e+02
183.000047488950003	3.015933e+02
184.001808139786192	3.015747e+02
184.999937399233318	3.015523e+02
186.000595667805044	3.015274e+02
187.000530755139152	3.015017e+02
187.999425330199387	3.014762e+02
189.000062339945401	3.014511e+02
189.999357851741564	3.014255e+02
191.001057008974414	3.013972e+02
191.999795576908383	3.013592e+02
193.002046035564831	3.013021e+02
194.001168212745995	3.012273e+02
195.000232847940111	3.011485e+02
195.99953641592225	3.010835e+02
196.999439237675062	3.010443e+02
197.999269378639354	3.010252e+02
199.000650340503455	3.010133e+02
200.000842022656059	3.009950e+02
201.00119110761409	3.009643e+02
202.001134602567248	3.009273e+02
202.999417775043128	3.008945e+02
204.000827370954454	3.008707e+02
205.000559713225243	3.008602e+02
206.000502514791634	3.008618e+02
207.00011763453864	3.008698e+02
207.999195525308778	3.008771e+02
209.000671541921633	3.008768e+02
210.001817201873507	3.008638e+02
211.0002458890323	3.008331e+02
211.999364130299796	3.007848e+02
213.001839980993253	3.007307e+02
214.000870215088923	3.006819e+02
215.002023773923156	3.006398e+02
216.001504856122665	3.006055e+02
217.002189670235424	3.005790e+02
218.001143521538211	3.005568e+02
219.001212277794565	3.005352e+02
219.999323567592427	3.005139e+02
221.002031393932299	3.004932e+02
222.000217558785977	3.004741e+02
222.99997324448853	3.004593e+02
224.001867206834618	3.004509e+02
225.000375206176443	3.004485e+02
226.00200082573221	3.004509e+02
227.000972114187221	3.004556e+02
228.000539892764351	3.004609e+02
229.000893584517286	3.004677e+02
229.999159920018428	3.004766e+02
231.001639840260879	3.004867e+02
231.999283063040082	3.004982e+02
233.00130211069677	3.005121e+02
234.001698960598503	3.005289e+02
235.000597990278322	3.005481e+02
236.001193587127887	3.005688e+02
237.000556169397072	3.005901e+02
238.001863471893813	3.006121e+02
239.002111919382003	3.006352e+02
240.001418570662111	3.006610e+02
240.999928434963607	3.006874e+02
242.000753346005581	3.007134e+02
243.000790839895984	3.007385e+02
244.000120610590187	3.007626e+02
245.0016559814066	3.007860e+02
246.000482859716641	3.008082e+02
246.99990715638009	3.008286e+02
247.999403010268622	3.008460e+02
249.001563930534189	3.008597e+02
249.99991638000995	3.008688e+02
251.00124377511591	3.008737e+02
252.000612908785769	3.008755e+02
253.001586776589619	3.008747e+02
254.001036030762123	3.008714e+02
254.999975551401036	3.008655e+02
256.000901604547437	3.008564e+02
257.000429744924418	3.008437e+02
258.001671223638084	3.008274e+02
259.001589548794925	3.008081e+02
260.000266655218695	3.007859e+02
261.000969535167712	3.007600e+02
262.000494430921947	3.007287e+02
263.002051357954429	3.006934e+02
263.999663054152222	3.006575e+02
264.999816340629877	3.006236e+02
265.999646482167861	3.005929e+02
266.999122460407477	3.005667e+02
268.001488989346399	3.005471e+02
269.000493605175279	3.005352e+02
270.001990224823089	3.005339e+02
270.999337872084311	3.005431e+02
272.001339823267472	3.005588e+02
273.001474013986467	3.005764e+02
273.999720630411105	3.005932e+02
274.999301622459257	3.006069e+02
276.00038858779908	3.006165e+02
277.000037429810845	3.006211e+02
277.99913815271151	3.006195e+02
279.001896234752223	3.006141e+02
279.999861762659407	3.006101e+02
280.999488359605721	3.006092e+02
282.000390167863145	3.006092e+02
283.001987050804189	3.006048e+02
284.000403045574728	3.005882e+02
285.001459538132849	3.005586e+02
286.001911629869539	3.005222e+02
287.001710184502201	3.004837e+02
288.000877315806576	3.004466e+02
288.999535921458005	3.004164e+02
290.000849147452925	3.003963e+02
291.001784583192489	3.003875e+02
291.999470265078116	3.003884e+02
293.000350726228248	3.003956e+02
294.001453998386921	3.004078e+02
294.99966250983897	3.004255e+02
296.001136649546311	3.004473e+02
296.999687551871489	3.004661e+02
298.001247068601629	3.004796e+02
298.999548585051969	3.004880e+02
300.000750059626967	3.004896e+02
301.001680673730334	3.004850e+02
301.999163971664927	3.004786e+02
302.999367282612582	3.004716e+02
303.999165754537898	3.004629e+02
305.001521887055901	3.004542e+02
306.000375119051853	3.004485e+02
307.001951876416115	3.004470e+02
308.000142042528466	3.004495e+02
309.001212895246681	3.004559e+02
309.999178614301854	3.004660e+02
311.000144539620237	3.004794e+02
312.001033491892031	3.004958e+02
313.001930242594824	3.005135e+02
313.999795573081769	3.005301e+02
315.000737111554429	3.005448e+02
316.001795102997278	3.005581e+02
317.00001860641413	3.005697e+02
318.001569055336915	3.005792e+02
319.000370431756608	3.005868e+02
319.999538897728996	3.005926e+02
321.002128177021007	3.005968e+02
322.001976849831294	3.005995e+02
323.002194787671499	3.006011e+02
323.999791101614449	3.006017e+02
325.000926405668565	3.006021e+02
325.999464392117318	3.006029e+02
327.001583740419449	3.006043e+02
328.001120124628414	3.006058e+02
329.001056924662748	3.006072e+02
330.001316807607054	3.006087e+02
331.001922953082271	3.006103e+02
331.999820607277798	3.006118e+02
333.001108668105701	3.006133e+02
333.999592450065279	3.006156e+02
335.001430012474145	3.006186e+02
336.000445902539866	3.006217e+02
336.999658818477883	3.006248e+02
338.002156064041969	3.006284e+02
339.001851563835544	3.006331e+02
340.001899743984723	3.006388e+02
340.999156465230499	3.006458e+02
341.999853923984119	3.006549e+02
343.000704997008711	3.006655e+02
344.001376858938784	3.006756e+02
345.00203887706607	3.006851e+02
345.999955215504826	3.006948e+02
347.000522663162087	3.007033e+02
348.000200029152836	3.007087e+02
349.000522755694988	3.007120e+02
350.001253613143035	3.007143e+02
351.000624273237918	3.007145e+02
351.999435802063715	3.007116e+02
353.002196744729815	3.007079e+02
354.001070048515999	3.007039e+02
355.001641036799754	3.006985e+02
355.999599629701663	3.006945e+02
357.000540487227624	3.006939e+02
358.000075444862205	3.006945e+02
358.999302800154226	3.006963e+02
360.001709987803054	3.007007e+02
361.000074298292702	3.007061e+02
362.000859290272558	3.007119e+02
363.001622746756937	3.007189e+02
364.001832563596452	3.007262e+02
365.001535463384243	3.007328e+02
366.00131467837474	3.007379e+02
367.00110538924082	3.007412e+02
368.000736030787152	3.007422e+02
369.000275218586978	3.007411e+02
369.999824276884169	3.007386e+02
370.999426774194205	3.007343e+02
372.002080612393968	3.007277e+02
373.001588932385062	3.007204e+02
374.001081446833666	3.007137e+02
375.000626116571937	3.007079e+02
376.000218547876443	3.007030e+02
376.999910591726973	3.007004e+02
377.999797780145002	3.007002e+02
378.999906813743962	3.007024e+02
380.000244808336674	3.007072e+02
381.000865619572778	3.007144e+02
382.001806304484546	3.007224e+02
382.999946272056377	3.007304e+02
384.001355606036498	3.007380e+02
384.99985631053687	3.007445e+02
386.0015402976166	3.007484e+02
387.000162701931743	3.007495e+02
388.001801501548812	3.007479e+02
389.000300444038373	3.007437e+02
390.001742707954349	3.007383e+02
390.99990443699852	3.007332e+02
392.000936197689441	3.007294e+02
393.00177492471073	3.007270e+02
393.999328852185783	3.007265e+02
394.999780108992752	3.007286e+02
396.000134804692266	3.007336e+02
397.00042004616688	3.007409e+02
398.000667031307955	3.007497e+02
399.000931769728538	3.007594e+02
400.001227470614424	3.007694e+02
401.001544797640236	3.007789e+02
402.001902596511854	3.007877e+02
402.999246021227464	3.007955e+02
403.999704245461601	3.008022e+02
405.000213976000339	3.008081e+02
406.000785726507388	3.008131e+02
407.001408508531085	3.008174e+02
408.002071314539194	3.008209e+02
408.999708595374841	3.008238e+02
410.000459919667492	3.008263e+02
411.001252828558734	3.008283e+02
412.002098628850092	3.008300e+02
412.999937502784405	3.008315e+02
414.000908309496879	3.008327e+02
415.001942485681127	3.008336e+02
415.999966713914432	3.008341e+02
417.001110452812043	3.008343e+02
417.999223947442431	3.008341e+02
419.000449839982025	3.008338e+02
420.001714127287812	3.008337e+02
420.999943618431587	3.008340e+02
422.001290078822194	3.008348e+02
422.999615985253001	3.008363e+02
424.001060314288623	3.008385e+02
424.999478222599919	3.008416e+02
426.001017745420938	3.008455e+02
426.999530720086625	3.008500e+02
428.001152874177365	3.008551e+02
428.999734515582077	3.008604e+02
430.001408625449528	3.008658e+02
431.000010340225799	3.008709e+02
432.001667839199797	3.008754e+02
433.000221815074497	3.008789e+02
434.001804251808949	3.008813e+02
435.000261415516377	3.008825e+02
436.001731095603191	3.008827e+02
437.000062707295285	3.008823e+02
438.001391866866186	3.008813e+02
438.999570770102707	3.008800e+02
440.000737846380048	3.008786e+02
441.00182111589163	3.008774e+02
441.999771361342766	3.008769e+02
443.000763413799177	3.008773e+02
444.001696459830953	3.008789e+02
444.999500435886944	3.008816e+02
446.00032752414711	3.008852e+02
447.001117645498596	3.008897e+02
448.001883226712721	3.008947e+02
448.999571098762033	3.008999e+02
450.00033578121878	3.009051e+02
451.00111711588346	3.009100e+02
452.001919501336943	3.009142e+02
452.999672442533097	3.009177e+02
454.000509144188925	3.009201e+02
455.001349657630726	3.009214e+02
456.002184940512961	3.009219e+02
456.999938224470498	3.009215e+02
458.000744652436538	3.009205e+02
459.001531729330225	3.009189e+02
459.999229727689283	3.009171e+02
460.999980922561065	3.009152e+02
462.000721221335311	3.009132e+02
463.001457879234579	3.009115e+02
464.002198438059679	3.009104e+02
464.999883907378376	3.009101e+02
466.000675712563577	3.009106e+02
467.001515884230287	3.009119e+02
467.999330505639648	3.009138e+02
469.000266807748972	3.009163e+02
470.001261089356149	3.009193e+02
470.999245163364833	3.009227e+02
472.000360361590424	3.009264e+02
473.001534471459308	3.009302e+02
473.99969086704948	3.009341e+02
475.000964073942441	3.009379e+02
475.999201404603866	3.009415e+02
477.000533716233122	3.009449e+02
478.001873839315238	3.009478e+02
479.000134933457161	3.009502e+02
480.001446950719014	3.009520e+02
480.999654544415421	3.009533e+02
482.00089220139256	3.009542e+02
483.002083364948987	3.009548e+02
484.000154946090731	3.009550e+02
485.001249816296991	3.009550e+02
485.999230737996697	3.009550e+02
487.00024615858581	3.009553e+02
488.001234027089424	3.009558e+02
488.999135972829379	3.009568e+02
490.000107037485407	3.009582e+02
491.001090819159572	3.009602e+02
492.002101665974578	3.009628e+02
493.00008301340813	3.009659e+02
494.001188349803726	3.009695e+02
494.999284798957547	3.009734e+02
496.000521798226259	3.009776e+02
497.001832923759764	3.009819e+02
498.000146640750472	3.009861e+02
499.001605196865512	3.009901e+02
500.000061963698101	3.009938e+02
501.001655800322453	3.009970e+02
502.000234992100616	3.009998e+02
503.001937609868378	3.010020e+02
504.000610741995047	3.010037e+02
504.999319615887543	3.010049e+02
506.001131858100678	3.010057e+02
506.999897443339478	3.010060e+02
508.001760645684897	3.010062e+02
509.00057494393468	3.010062e+02
509.999413898640967	3.010062e+02
511.001351703648083	3.010064e+02
512.000243591651156	3.010069e+02
512.999166595937822	3.010078e+02
514.001198888276008	3.010093e+02
515.000197471901288	3.010113e+02
515.999240191230342	3.010138e+02
517.001404900109492	3.010167e+02
518.000546014341694	3.010199e+02
518.9997392945819	3.010233e+02
520.002060063838258	3.010268e+02
521.001358525883006	3.010303e+02
522.000709177407316	3.010338e+02
523.000105090532884	3.010370e+02
523.999529934207544	3.010400e+02
525.002084781041731	3.010426e+02
526.001622665853461	3.010448e+02
527.001171985616338	3.010468e+02
528.000721685101212	3.010484e+02
529.000262130536157	3.010499e+02
529.999796097172407	3.010511e+02
530.999318975361916	3.010523e+02
532.001899480313568	3.010532e+02
533.001399512774583	3.010541e+02
534.000900020699419	3.010551e+02
535.000404316961408	3.010562e+02
535.999921060856764	3.010575e+02
536.999458418444192	3.010589e+02
538.002103412542056	3.010604e+02
539.001714787084325	3.010621e+02
540.001366371732502	3.010639e+02
541.001061457090373	3.010658e+02
542.000809750296298	3.010679e+02
543.000609536481306	3.010701e+02
544.000457062784562	3.010724e+02
545.000356160035494	3.010747e+02
546.000305324828219	3.010771e+02
547.000296519477502	3.010794e+02
548.00032856348605	3.010816e+02
549.00039992437064	3.010837e+02
550.00050195823269	3.010857e+02
551.000628867013802	3.010874e+02
552.000778619984771	3.010889e+02
553.000945071355659	3.010901e+02
554.001124319738892	3.010912e+02
555.001316586008329	3.010922e+02
556.001519320644888	3.010930e+02
557.001731672484084	3.010938e+02
558.001954675918114	3.010946e+02
559.002190567552361	3.010954e+02
559.999362884992479	3.010964e+02
560.999630826612474	3.010975e+02
561.999920830554856	3.010988e+02
563.000235633839111	3.011003e+02
564.000576550278424	3.011020e+02
565.000944078801922	3.011038e+02
566.001337432372793	3.011057e+02
567.001755222184784	3.011077e+02
568.002196495543558	3.011098e+02
568.999580920182666	3.011119e+02
570.000062861669335	3.011140e+02
571.000563368208532	3.011161e+02
572.001080476734842	3.011181e+02
573.001612390215314	3.011200e+02
574.002157901395321	3.011218e+02
574.999637739490481	3.011234e+02
576.000208103055229	3.011248e+02
577.000790376419445	3.011262e+02
578.00138554894454	3.011273e+02
579.001995962862566	3.011283e+02
579.999544495687815	3.011292e+02
581.000190636220964	3.011301e+02
582.000857445269162	3.011308e+02
583.001547127940512	3.011316e+02
583.999183521675604	3.011323e+02
584.999926948589632	3.011331e+02
586.000700489218843	3.011340e+02
587.001506598911533	3.011349e+02
587.99926799382547	3.011359e+02
589.000145409217112	3.011369e+02
590.001061787678282	3.011381e+02
591.002019298079972	3.011393e+02
591.999939170705602	3.011405e+02
593.000983032244562	3.011417e+02
594.002072942547557	3.011430e+02
595.000129737546672	3.011442e+02
596.001316151765764	3.011455e+02
596.999472665188705	3.011466e+02
598.000761925122447	3.011478e+02
599.002104637616185	3.011489e+02
600.000419838153448	3.011500e+02
601.001870748756801	3.011510e+02
602.000295198039908	3.011521e+02
603.001856482751009	3.011531e+02
604.000391285519527	3.011541e+02
605.002064012870051	3.011552e+02
606.000709777146653	3.011563e+02
606.999409940374107	3.011575e+02
608.001245875481345	3.011587e+02
609.000049676068443	3.011599e+02
610.001977780122729	3.011611e+02
611.000845954300644	3.011624e+02
611.99973879132358	3.011637e+02
613.0017381606973	3.011650e+02
614.000676823116464	3.011665e+02
614.999639012873558	3.011683e+02
616.001711923290941	3.011703e+02
617.000734056203328	3.011724e+02
617.999790448542399	3.011745e+02
619.001965576661064	3.011766e+02
620.001094966328083	3.011787e+02
621.000264110250328	3.011807e+02
621.999473763055789	3.011827e+02
623.001807770423625	3.011846e+02
624.001097977880477	3.011865e+02
625.000428471307941	3.011884e+02
625.99979888765597	3.011903e+02
626.999206816023047	3.011921e+02
628.001734472853627	3.011939e+02
629.001210015546008	3.011956e+02
630.000717516821396	3.011973e+02
631.000256078500001	3.011989e+02
631.999825123270284	3.012006e+02
632.999426658020411	3.012021e+02
634.00214914754838	3.012036e+02
635.00182383606159	3.012050e+02
636.00153826904284	3.012063e+02
637.001295668469538	3.012075e+02
638.001098441052591	3.012087e+02
639.000949078242797	3.012100e+02
640.000852172062196	3.012112e+02
641.000811977679632	3.012125e+02
642.000826046606221	3.012138e+02
643.00088421093858	3.012151e+02
644.000987198982557	3.012164e+02
645.001135073950991	3.012177e+02
646.001327198662466	3.012191e+02
647.001564001378711	3.012204e+02
648.001846248315132	3.012218e+02
649.002175559720968	3.012232e+02
649.999466234982947	3.012246e+02
650.999894350096497	3.012260e+02
652.000373217148535	3.012274e+02
653.000902076524198	3.012288e+02
654.00147562295092	3.012301e+02
655.002088305455345	3.012314e+02
655.999648575967171	3.012328e+02
657.000332758057425	3.012341e+02
658.0010501714155	3.012353e+02
659.001800652544148	3.012365e+02
659.99949457924231	3.012378e+02
661.00031023942654	3.012389e+02
662.001159454296953	3.012401e+02
663.002044136727022	3.012412e+02
663.999875970023027	3.012424e+02
665.000834738074445	3.012436e+02
666.001832272214756	3.012449e+02
666.999780480688059	3.012461e+02
668.00086067640018	3.012474e+02
669.0019849067927	3.012486e+02
670.000066609870373	3.012498e+02
671.001289291633157	3.012508e+02
671.999475757621894	3.012517e+02
673.000807624938147	3.012525e+02
674.00218933117651	3.012533e+02
675.000530347012273	3.012540e+02
676.00201286504398	3.012546e+02
677.000455554626456	3.012552e+02
678.00203940307631	3.012558e+02
679.000578665894523	3.012563e+02
679.999162369956139	3.012570e+02
681.000880745148152	3.012577e+02
681.99954849522635	3.012585e+02
683.001348837939759	3.012594e+02
684.000098695633596	3.012603e+02
685.001982198614996	3.012613e+02
686.000816954055722	3.012622e+02
686.999697858463037	3.012630e+02
688.00171817598391	3.012637e+02
689.000696449352063	3.012643e+02
689.999727806012288	3.012649e+02
691.001907207350882	3.012654e+02
692.001049376099786	3.012659e+02
693.000249775258794	3.012664e+02
693.999509619646233	3.012669e+02
695.001924732240695	3.012675e+02
696.001309593331143	3.012683e+02
697.000760008039492	3.012692e+02
698.000278654198837	3.012701e+02
698.999867765049999	3.012711e+02
699.999528647373381	3.012722e+02
700.999261851223423	3.012733e+02
702.002166662328364	3.012745e+02
703.002048461605796	3.012756e+02
704.002016020040287	3.012767e+02
705.002067926577752	3.012776e+02
706.00220676286699	3.012784e+02
706.999339558774523	3.012792e+02
707.999660490636643	3.012798e+02
709.000074117678878	3.012805e+02
710.000580381524742	3.012811e+02
711.001179537292728	3.012818e+02
712.001873981621088	3.012825e+02
712.999567203269407	3.012833e+02
714.00045794582627	3.012841e+02
715.001450105897447	3.012850e+02
715.999448579511522	3.012859e+02
717.000655854154957	3.012869e+02
718.0019742138428	3.012879e+02
719.000305392174141	3.012889e+02
720.001852983587924	3.012899e+02
721.000416218402506	3.012909e+02
722.002200570993409	3.012918e+02
723.001008981241284	3.012928e+02
723.999950655311068	3.012937e+02
725.002133639869839	3.012946e+02
726.001353102790858	3.012954e+02
727.00071608947178	3.012962e+02
728.00022038558518	3.012970e+02
728.999871265919523	3.012979e+02
729.999674178006103	3.012988e+02
730.999624470423214	3.012999e+02
731.999723814716162	3.013010e+02
732.999981920546702	3.013021e+02
734.000399350975727	3.013033e+02
735.000982023089364	3.013046e+02
736.001751885511112	3.013058e+02
736.999619236443891	3.013070e+02
738.000802725583412	3.013081e+02
739.002187912777913	3.013092e+02
740.000664238488525	3.013104e+02
740.999335135875413	3.013117e+02
742.001306272409806	3.013130e+02
743.00035018367214	3.013144e+02
743.99957864434225	3.013159e+02
745.00209378730176	3.013174e+02
746.001656578055645	3.013188e+02
747.001380774958648	3.013203e+02
748.00126859852594	3.013218e+02
749.001303812227547	3.013231e+02
750.001478226125414	3.013245e+02
751.001804049645898	3.013257e+02
751.999170492685494	3.013269e+02
752.999809978551639	3.013279e+02
754.000617256708324	3.013289e+02
755.00160456231481	3.013296e+02
755.9996414509244	3.013303e+02
757.000951254417714	3.013309e+02
757.999294888358463	3.013316e+02
759.000917716026038	3.013324e+02
759.999566380384408	3.013333e+02
761.001471295675515	3.013343e+02
762.000398866962996	3.013354e+02
762.999480786557797	3.013365e+02
764.001828470308624	3.013376e+02
765.001191457607433	3.013386e+02
766.000702680357449	3.013396e+02
767.000354804227186	3.013405e+02
768.000129205270241	3.013413e+02
769.000031120643371	3.013421e+02
770.000070989382039	3.013429e+02
771.000232985301295	3.013437e+02
772.000507517313849	3.013445e+02
773.00091097560221	3.013452e+02
774.001447959901384	3.013459e+02
774.998969051475342	3.013466e+02
775.999733179126224	3.013474e+02
777.000628535097917	3.013482e+02
777.998511779941055	3.013490e+02
778.999625465291729	3.013498e+02
780.000852992181535	3.013506e+02
780.999067502251023	3.013514e+02
782.000501651750483	3.013521e+02
782.998890402950906	3.013527e+02
784.000510709332616	3.013533e+02
784.999095951145591	3.013538e+02
786.000885146906739	3.013542e+02
786.999626701129273	3.013545e+02
788.001601758150173	3.013549e+02
789.000530123687213	3.013552e+02
789.999530848230279	3.013555e+02
790.99862715721315	3.013559e+02
792.000951261299747	3.013564e+02
793.000211673519857	3.013569e+02
793.999551064803086	3.013577e+02
794.998993047389376	3.013585e+02
795.998539242270454	3.013594e+02
797.00121385970408	3.013605e+02
798.00083212691186	3.013616e+02
799.000522314330169	3.013627e+02
800.000250605756605	3.013638e+02
801.000017169912667	3.013649e+02
801.999842073571358	3.013660e+02
802.999706484609419	3.013670e+02
803.999582733291618	3.013681e+02
804.999482047756146	3.013692e+02
805.999415658781686	3.013703e+02
806.999351759117303	3.013713e+02
807.999274949151413	3.013725e+02
808.999208724711366	3.013736e+02
809.99914808867095	3.013747e+02
810.999056193766251	3.013758e+02
811.998932488494233	3.013769e+02
812.998803996338438	3.013781e+02
813.998654002002354	3.013791e+02
815.001579920991389	3.013801e+02
816.00133257523828	3.013813e+02
817.001074908216992	3.013824e+02
818.000771926080461	3.013832e+02
819.000393426636151	3.013842e+02
819.999981202322829	3.013852e+02
820.999550655257735	3.013862e+02
821.99903903299446	3.013868e+02
823.001566279714211	3.013875e+02
824.000924564271259	3.013885e+02
825.000221582081508	3.013889e+02
825.999382328954994	3.013891e+02
827.001587692406019	3.013896e+02
828.000627895948355	3.013899e+02
828.999551449502519	3.013898e+02
830.001467451544841	3.013898e+02
831.00021531107916	3.013901e+02
831.998895971035608	3.013898e+02
833.00053533753794	3.013895e+02
833.998955071971295	3.013896e+02
835.00047699596098	3.013896e+02
835.998715522652674	3.013892e+02
836.999930671296283	3.013892e+02
838.001123477570104	3.013893e+02
838.999081881752318	3.013890e+02
839.999970080385197	3.013885e+02
841.000794857779169	3.013886e+02
842.001560905365864	3.013882e+02
842.999001408825166	3.013875e+02
843.999452529910513	3.013871e+02
844.999872326116702	3.013865e+02
846.00012386627759	3.013855e+02
847.000222763155534	3.013847e+02
848.000292433634058	3.013839e+02
849.000242785677756	3.013829e+02
850.00002896157423	3.013816e+02
850.999761643604757	3.013808e+02
851.999393702273892	3.013798e+02
852.998859638489989	3.013786e+02
854.001360649677281	3.013775e+02
855.000657095778593	3.013764e+02
855.999813643532775	3.013751e+02
856.998873063266615	3.013740e+02
858.000986364875075	3.013728e+02
858.999868720381755	3.013715e+02
859.998649532608965	3.013702e+02
861.000471721768236	3.013689e+02
861.999066316743551	3.013676e+02
863.00067494956329	3.013661e+02
863.999087793853846	3.013648e+02
865.000544472149613	3.013633e+02
865.998803714020937	3.013619e+02
867.000122603809928	3.013605e+02
868.001384262134707	3.013591e+02
868.999472388112508	3.013576e+02
870.000643261292907	3.013562e+02
870.998667684868224	3.013547e+02
871.999782446837344	3.013531e+02
873.000874958462532	3.013515e+02
873.998827776105145	3.013499e+02
874.999872922336863	3.013482e+02
876.000892789683121	3.013464e+02
876.998770256755165	3.013446e+02
877.999739486612611	3.013428e+02
879.000683825170086	3.013409e+02
880.001608363271998	3.013390e+02
880.999396520939513	3.013371e+02
882.000287412664647	3.013351e+02
883.001169270520791	3.013331e+02
883.998928084996123	3.013312e+02
884.999805708670237	3.013292e+02
886.000690875077112	3.013273e+02
887.001587333905491	3.013255e+02
887.999378046442303	3.013238e+02
889.000298849841215	3.013222e+02
890.001227169192589	3.013207e+02
890.999038491454712	3.013193e+02
891.999963323031352	3.013180e+02
893.000877356106457	3.013168e+02
893.998656425749232	3.013157e+02
894.999532193965592	3.013147e+02
896.00038300383892	3.013137e+02
897.001206450445807	3.013127e+02
897.998883302916397	3.013118e+02
898.999649348573598	3.013109e+02
900.000386891797802	3.013101e+02
901.001097298132891	3.013093e+02
901.998664901937559	3.013085e+02
902.999325858317889	3.013078e+02
903.999963408500321	3.013071e+02
905.00057879198755	3.013065e+02
906.001172663939997	3.013059e+02
906.998627661731803	3.013053e+02
907.999177637872663	3.013047e+02
908.999704328773987	3.013042e+02
910.000205979892371	3.013036e+02
911.000680661403294	3.013031e+02
912.001126076367655	3.013025e+02
913.0015389069398	3.013019e+02
913.998800052091042	3.013014e+02
914.999140677978858	3.013008e+02
915.999443047825253	3.013001e+02
916.999706709535417	3.012995e+02
917.9999324325413	3.012988e+02
919.000120945214121	3.012980e+02
920.000274033838991	3.012972e+02
921.000394375183646	3.012963e+02
922.000485300970581	3.012953e+02
923.000549587474893	3.012943e+02
924.000590745406612	3.012932e+02
925.000611420237874	3.012920e+02
926.000613609053062	3.012907e+02
927.000599446097908	3.012893e+02
928.000569194498098	3.012879e+02
929.000522922412983	3.012864e+02
930.00045981055996	3.012848e+02
931.000378734565288	3.012832e+02
932.000279030365391	3.012815e+02
933.000160171714697	3.012797e+02
934.000022525270765	3.012779e+02
934.999867901941911	3.012761e+02
935.999698896975019	3.012742e+02
936.999519162073966	3.012723e+02
937.999332095546947	3.012703e+02
938.999141000032296	3.012684e+02
939.998949079595945	3.012665e+02
940.998758037671109	3.012646e+02
941.998568508800759	3.012627e+02
943.001495012791338	3.012608e+02
944.001307348309638	3.012589e+02
945.001117308138419	3.012571e+02
946.000922549333836	3.012553e+02
947.000718497132311	3.012535e+02
948.000501810637275	3.012518e+02
949.000268707143277	3.012501e+02
950.000015691923181	3.012485e+02
950.999740415221709	3.012469e+02
951.999440668327338	3.012453e+02
952.999114517718226	3.012438e+02
953.998760791102313	3.012423e+02
955.001492963863257	3.012408e+02
956.001082963674321	3.012393e+02
957.000645038631092	3.012379e+02
958.000178803099629	3.012366e+02
958.999682979672343	3.012352e+02
959.99915611341271	3.012338e+02
960.998596297893869	3.012325e+02
962.001114210052492	3.012312e+02
963.000481022976601	3.012299e+02
963.999807458572491	3.012285e+02
964.999090907294772	3.012272e+02
966.001442156829967	3.012259e+02
967.00063385017711	3.012245e+02
967.999778394348027	3.012232e+02
968.998876222372701	3.012218e+02
970.001041290887429	3.012204e+02
971.00005162988009	3.012190e+02
971.99902222709477	3.012176e+02
973.001068265900244	3.012161e+02
973.999968298627778	3.012146e+02
974.998835801962286	3.012131e+02
976.000783794113772	3.012116e+02
976.999589948280573	3.012100e+02
978.001478315908685	3.012084e+02
979.000227384655773	3.012068e+02
979.998950053329395	3.012051e+02
981.000759147816893	3.012034e+02
981.999433860136037	3.012017e+02
983.001198919287617	3.011999e+02
983.999833765523476	3.011982e+02
985.001562066623023	3.011963e+02
986.000163562993293	3.011945e+02
986.998750851895807	3.011926e+02
988.000436835688788	3.011908e+02
988.999001766113224	3.011889e+02
990.000669566239139	3.011869e+02
990.999220801870592	3.011850e+02
992.000879034973195	3.011830e+02
992.999424557068551	3.011811e+02
994.001079242855212	3.011791e+02
994.999621495325073	3.011771e+02
996.001272379075544	3.011751e+02
996.999808992381304	3.011730e+02
998.00145173852161	3.011710e+02
998.999978241237272	3.011690e+02
1000.00160959835716	3.011670e+02
1001.0001236260174	3.011650e+02
1001.99863129237235	3.011629e+02
1003.00024257300242	3.011609e+02
1003.99873512430747	3.011589e+02
1005.00032852015397	3.011570e+02
1005.99879928425139	3.011550e+02
1007.00036695508913	3.011531e+02
1007.99880919247039	3.011512e+02
1009.00034613438197	3.011493e+02
1009.99875574490147	3.011475e+02
1011.00025693841337	3.011456e+02
1011.99862805223597	3.011438e+02
1013.00008661249171	3.011421e+02
1014.00152002830805	3.011403e+02
1014.99981539430576	3.011385e+02
1016.00118991158695	3.011368e+02
1016.99942133770173	3.011351e+02
1018.00072743686451	3.011334e+02
1018.99888733657883	3.011317e+02
1020.0001194479787	3.011300e+02
1021.0013144051718	3.011283e+02
1021.99936417932599	3.011266e+02
1023.00048793499343	3.011249e+02
1024.00157635031769	3.011232e+02
1024.99951923650224	3.011215e+02
1026.00053376456799	3.011198e+02
1026.99840141366099	3.011182e+02
1027.99934028847269	3.011165e+02
1029.00024373670999	3.011148e+02
1029.99800516408482	3.011131e+02
1030.99884221824027	3.011113e+02
1031.99964671941939	3.011087e+02
1033.00041802231635	3.011058e+02
1033.99804952709655	3.011028e+02
1034.99875870898768	3.010997e+02
1035.99944064779402	3.010965e+02
1037.00009994695847	3.010933e+02
1038.00074205531064	3.010900e+02
1038.99826386522864	3.010867e+02
1039.99888329008604	3.010833e+02
1040.99949323576243	3.010799e+02
1042.00009334319179	3.010765e+02
1043.00068206451465	3.010731e+02
1043.99814967603993	3.010696e+02
1044.99870863692104	3.010662e+02
1045.99924781729806	3.010627e+02
1046.99976355174067	3.010592e+02
1048.00025367515536	3.010557e+02
1049.00071861765264	3.010523e+02
1049.99805381919327	3.010488e+02
1050.99847620815876	3.010453e+02
1051.99888214853831	3.010417e+02
1052.99927355657019	3.010382e+02
1053.9996523324719	3.010346e+02
1055.00002043905374	3.010309e+02
1056.00037971354323	3.010272e+02
1057.00073245915132	3.010235e+02
1057.99797295655617	3.010198e+02
1058.99831543682899	3.010161e+02
1059.99865196832684	3.010123e+02
1060.99898010463107	3.010086e+02
1061.99929558142412	3.010049e+02
1062.99959473043623	3.010012e+02
1063.99987413955296	3.009976e+02
1065.00013162082382	3.009941e+02
1066.0003666061491	3.009914e+02
1067.00058056368607	3.009891e+02
1068.00077596735809	3.009868e+02
1069.00095477978175	3.009846e+02
1069.99801178201983	3.009823e+02
1070.99815862411697	3.009801e+02
1071.99828564748941	3.009780e+02
1072.99838778802427	3.009759e+02
1073.99845913444005	3.009739e+02
1074.9984943237796	3.009719e+02
1075.99848998123457	3.009699e+02
1076.99844496008745	3.009680e+02
1077.99835962096631	3.009660e+02
1078.99823550914539	3.009641e+02
1079.99804283451908	3.009615e+02
1080.99777406137309	3.009595e+02
1081.99757889515672	3.009575e+02
1082.99736940244225	3.009556e+02
1083.997131230901	3.009536e+02
1084.99997233226168	3.009516e+02
1085.99968519321806	3.009497e+02
1086.99937344953241	3.009478e+02
1087.99903579596662	3.009459e+02
1088.99867164629632	3.009440e+02
1089.99828016497986	3.009421e+02
1090.99786207309512	3.009403e+02
1091.99741979769374	3.009384e+02
1092.99695453449795	3.009366e+02
1093.99957109156776	3.009347e+02
1094.99906341952942	3.009328e+02
1095.99853767852869	3.009309e+02
1096.99799652755314	3.009290e+02
1097.99744266236758	3.009271e+02
1098.99998253767399	3.009251e+02
1099.99941124372504	3.009229e+02
1100.99883557991279	3.009197e+02
1101.99825767902257	3.009164e+02
1102.99768014663232	3.009129e+02
1103.99710595075726	3.009094e+02
1104.99964161450657	3.009057e+02
1105.99908297351203	3.009020e+02
1106.99853713760399	3.008981e+02
1107.99800585816433	3.008942e+02
1108.9974892800883	3.008903e+02
1109.99698550838366	3.008863e+02
1110.9995967161592	3.008823e+02
1111.99911250392847	3.008783e+02
1112.99863366098452	3.008743e+02
1113.99815714160036	3.008703e+02
1114.99768068710409	3.008663e+02
1115.9972029713133	3.008623e+02
1116.99982721927131	3.008583e+02
1117.99934466068339	3.008543e+02
1118.99885918591713	3.008502e+02
1119.99837112821047	3.008462e+02
1120.99788002591595	3.008421e+02
1121.9973852182859	3.008381e+02
1122.99999101212848	3.008341e+02
1123.99948905605766	3.008301e+02
1124.99898330748624	3.008261e+02
1125.99847339668077	3.008222e+02
1126.99795813229139	3.008183e+02
1127.99743513206772	3.008144e+02
1129.00000566831295	3.008106e+02
1129.99945815789215	3.008069e+02
1130.99889325602135	3.008032e+02
1131.99830841874882	3.008021e+02
1133.00080490487903	3.007997e+02
1134.00017295241537	3.007974e+02
1134.99951269206895	3.007952e+02
1135.99882001690776	3.007930e+02
1136.9980899825764	3.007908e+02
1138.00042121801789	3.007888e+02
1138.99960350566766	3.007868e+02
1139.99873758961189	3.007848e+02
1141.00092542982816	3.007828e+02
1141.99996276609818	3.007809e+02
1142.99895494689849	3.007789e+02
1144.00100640711162	3.007770e+02
1144.99991575993818	3.007750e+02
1145.99878880975484	3.007730e+02
1147.0007313388096	3.007710e+02
1147.99954265645124	3.007689e+02
1148.99832711965564	3.007669e+02
1150.000187799591	3.007648e+02
1150.99892189105094	3.007621e+02
1152.00073346352883	3.007590e+02
1152.99942172058309	3.007557e+02
1153.99809208171928	3.007524e+02
1154.99985105495193	3.007491e+02
1155.99850184254683	3.007456e+02
1157.00025319591782	3.007421e+02
1157.99890694103397	3.007386e+02
1159.00066832192624	3.007349e+02
1159.99933451059292	3.007312e+02
1160.99800622983889	3.007275e+02
1161.9997834014282	3.007237e+02
1162.99846151705219	3.007199e+02
1164.00024126092603	3.007161e+02
1164.99891712956332	3.007122e+02
1166.00068994524736	3.007082e+02
1166.99935646339691	3.007042e+02
1167.9980188936504	3.007001e+02
1168.99978069425833	3.006960e+02
1169.9984467029667	3.006917e+02
1171.00022526371276	3.006874e+02
1171.99892255418968	3.006830e+02
1173.00074953688045	3.006784e+02
1173.99949361987819	3.006738e+02
1174.99825013742043	3.006692e+02
1176.00013710691951	3.006644e+02
1176.99895466628141	3.006596e+02
1178.00090672586907	3.006548e+02
1178.99978597725067	3.006499e+02
1179.99868844415846	3.006451e+02
1181.0007103556602	3.006403e+02
1181.99964151327413	3.006356e+02
1182.99858001971097	3.006309e+02
1184.00062515109835	3.006263e+02
1184.99957067028504	3.006217e+02
1185.99851899484156	3.006172e+02
1187.00057351632518	3.006128e+02
1187.99953059631616	3.006084e+02
1188.99849362446412	3.006041e+02
1190.00056565881141	3.005999e+02
1190.99954199423428	3.005958e+02
1191.99852380361835	3.005918e+02
1193.0006089512633	3.005878e+02
1193.99958603475943	3.005840e+02
1194.99855016271181	3.005803e+02
1196.00059544823239	3.005767e+02
1196.99950960317574	3.005732e+02
1197.99838901838962	3.005698e+02
1199.00033048155274	3.005665e+02
1199.99912615566609	3.005633e+02
1201.00097866831493	3.005602e+02
1201.99968382255634	3.005578e+02
1202.99834003880733	3.005558e+02
1204.000048194486	3.005539e+02
1204.99862036699483	3.005520e+02
1206.00026296274086	3.005503e+02
1206.99877532803589	3.005485e+02
1208.00035765685629	3.005468e+02
1208.99880374529289	3.005451e+02
1210.00030765006909	3.005434e+02
1210.99866048260742	3.005411e+02
1212.00005521470644	3.005385e+02
1212.99828645891466	3.005358e+02
1213.99955647530646	3.005339e+02
1215.00077473615215	3.005319e+02
1215.99885572998278	3.005299e+02
1217.00001534245234	3.005278e+02
1217.99807015916804	3.005257e+02
1218.99923182491011	3.005235e+02
1220.00040784604539	3.005212e+02
1220.99850238459476	3.005187e+02
1221.99971680765952	3.005153e+02
1223.0009526615288	3.005117e+02
1223.99911018558737	3.005080e+02
1225.00038901855055	3.005041e+02
1225.99859035402733	3.005001e+02
1226.99991543423243	3.004960e+02
1227.9981656946045	3.004917e+02
1228.9995445570305	3.004874e+02
1230.0009559124162	3.004829e+02
1230.99930306384226	3.004784e+02
1232.00079096131367	3.004738e+02
1232.99922256000877	3.004692e+02
1234.00080150474764	3.004645e+02
1234.99932704594016	3.004598e+02
1236.00100135483262	3.004549e+02
1236.99962158512949	3.004501e+02
1237.99828767946792	3.004451e+02
1239.00009935828234	3.004401e+02
1239.99885077281624	3.004351e+02
1241.00074088707311	3.004299e+02
1241.99955992815626	3.004247e+02
1242.99840375107306	3.004196e+02
1244.00036954211714	3.004144e+02
1244.99924899340976	3.004092e+02
1245.99814252710053	3.004042e+02
1247.00015233778663	3.003991e+02
1247.99907446850011	3.003942e+02
1248.99801245657409	3.003894e+02
1250.00006949212343	3.003846e+02
1250.99903874465963	3.003799e+02
1251.9980171517559	3.003753e+02
1253.00009871743578	3.003708e+02
1253.99906924520496	3.003664e+02
1254.99802171148099	3.003621e+02
1256.00004890617402	3.003580e+02
1256.99893735115597	3.003539e+02
1258.00088512359002	3.003499e+02
1258.99968529377657	3.003461e+02
1259.99843966837557	3.003424e+02
1261.00025147559381	3.003388e+02
1261.99892107124424	3.003354e+02
1263.00065423065553	3.003320e+02
1263.99925049751687	3.003288e+02
1265.0009135610826	3.003256e+02
1265.99944161575922	3.003225e+02
1266.99793565363575	3.003194e+02
1267.99949549814323	3.003163e+02
1268.99791731754135	3.003133e+02
1269.9993999202743	3.003102e+02
1271.00083948422684	3.003072e+02
1271.99913290560312	3.003042e+02
1273.00047962419103	3.003012e+02
1273.99868037886404	3.002990e+02
1274.99993909200953	3.002969e+02
1275.99806137866858	3.002950e+02
1276.99925376117221	3.002931e+02
1278.00042350549757	3.002912e+02
1278.99847846206808	3.002892e+02
1279.9996250331501	3.002873e+02
1281.00076718556329	3.002845e+02
1281.99880365085437	3.002814e+02
1282.99993413125026	3.002781e+02
1283.99796679431188	3.002746e+02
1284.99911057220856	3.002709e+02
1286.00027752006417	3.002670e+02
1286.99837975066725	3.002629e+02
1287.99962550355622	3.002586e+02
1289.0009215487255	3.002541e+02
1289.99917414749689	3.002495e+02
1291.00058816401247	3.002449e+02
1291.99896510465373	3.002402e+02
1293.00051009187996	3.002355e+02
1293.9990221543444	3.002307e+02
1295.0006992244821	3.002259e+02
1295.99933696642756	3.002211e+02
1296.99803311771893	3.002163e+02
1297.99988504428347	3.002113e+02
1298.99868789046354	3.002064e+02
1300.00064337446429	3.002014e+02
1300.99954346376671	3.001963e+02
1301.99848729543987	3.001912e+02
1303.00057421883002	3.001860e+02
1303.99959571877844	3.001808e+02
1304.99865258077125	3.001756e+02
1306.00084756155638	3.001704e+02
1306.99997568614435	3.001651e+02
1307.99914038046791	3.001598e+02
1308.99834180037737	3.001545e+02
1310.00068060740341	3.001492e+02
1310.99994679110318	3.001438e+02
1311.99923955881809	3.001386e+02
1312.99855416577725	3.001334e+02
1314.00098871274236	3.001282e+02
1315.00033118233068	3.001231e+02
1315.99968035228039	3.001182e+02
1316.99903062470958	3.001134e+02
1317.99837596639827	3.001086e+02
1319.00081431395529	3.001040e+02
1320.00013219435982	3.000996e+02
1320.99942818310433	3.000952e+02
1321.99869978614174	3.000909e+02
1322.99794457855933	3.000868e+02
1324.00026133372853	3.000828e+02
1324.99944066448029	3.000788e+02
1325.9985875870309	3.000748e+02
1327.00080828060459	3.000710e+02
1327.99989652433896	3.000673e+02
1328.99895469004514	3.000635e+02
1329.99798759769919	3.000599e+02
1331.00009817108776	3.000563e+02
1331.99907272872133	3.000527e+02
1332.9980161248659	3.000492e+02
1334.00004250575012	3.000457e+02
1334.99894359480732	3.000424e+02
1336.00092217373071	3.000389e+02
1336.99978862095145	3.000355e+02
1337.99864279015287	3.000321e+02
1339.00057781168721	3.000286e+02
1339.99939990603571	3.000252e+02
1340.99821403393571	3.000218e+02
1342.00011797293246	3.000182e+02
1342.99891625323062	3.000146e+02
1344.00081712779388	3.000109e+02
1344.99961532945053	3.000071e+02
1345.99841945113303	3.000033e+02
1347.00033626975369	2.999993e+02
1347.9991612664146	2.999952e+02
1348.99800061232236	2.999910e+02
1349.99995843046486	2.999868e+02
1350.99882884485237	2.999824e+02
1352.00081784367558	2.999779e+02
1352.99972466956524	2.999733e+02
1353.99865292872482	2.999686e+02
1355.00070862963616	2.999637e+02
1355.99969133071227	2.999588e+02
1356.99870541472819	2.999537e+02
1358.00085484322972	2.999485e+02
1358.99993565592968	2.999433e+02
1359.99904835064194	2.999379e+02
1360.99819117085349	2.999324e+02
1362.00046895444302	2.999268e+02
1362.9996744606367	2.999211e+02
1363.99890983446517	2.999153e+02
1364.99817625000514	2.999095e+02
1366.00057675993003	2.999036e+02
1366.99990367562941	2.998976e+02
1367.9992590363438	2.998917e+02
1368.99864066007058	2.998857e+02
1369.99804663080772	2.998797e+02
1371.00057959637684	2.998737e+02
1372.00002990975213	2.998678e+02
1372.9995002470821	2.998619e+02
1373.99899004972622	2.998560e+02
1374.99849884930177	2.998501e+02
1375.99802611657037	2.998443e+02
1377.0006751514743	2.998385e+02
1378.00023421828473	2.998328e+02
1378.99980186620587	2.998272e+02
1379.99937287725652	2.998216e+02
1380.99894108755052	2.998162e+02
1381.99850130410346	2.998109e+02
1382.99804987963262	2.998058e+02
1384.00068734541537	2.998008e+02
1385.0002043187983	2.997959e+02
1385.99970579036994	2.997912e+02
1386.99919015351657	2.997866e+02
1387.9986536510246	2.997820e+02
1388.99809272032599	2.997775e+02
1390.00060974385337	2.997731e+02
1390.99999660132357	2.997689e+02
1391.99935726255489	2.997647e+02
1392.99869173706816	2.997606e+02
1393.9979991575558	2.997565e+02
1395.00037999900633	2.997526e+02
1395.99962390962583	2.997486e+02
1396.99883211560154	2.997447e+02
1397.99800414250876	2.997409e+02
1399.00024344831309	2.997371e+02
1399.99934490739838	2.997333e+02
1400.9984116419314	2.997295e+02
1402.00054648821447	2.997257e+02
1402.99954453430087	2.997218e+02
1403.99850834173913	2.997179e+02
1405.00053967198528	2.997140e+02
1405.99943391035413	2.997100e+02
1406.99829450752236	2.997059e+02
1408.00022814772478	2.997016e+02
1408.99903329382164	2.996973e+02
1410.00091412937172	2.996927e+02
1410.99966626340984	2.996879e+02
1411.9983906948205	2.996829e+02
1413.00019518133809	2.996778e+02
1413.99888386547832	2.996724e+02
1415.00066595208682	2.996669e+02
1415.99934766114984	2.996612e+02
1416.9980370354624	2.996552e+02
1417.99983869231846	2.996490e+02
1418.99855226288651	2.996426e+02
1420.00038617582095	2.996361e+02
1420.99914001706429	2.996295e+02
1421.99792000870934	2.996228e+02
1422.99982909249775	2.996160e+02
1423.99866679425713	2.996092e+02
1425.00064067122162	2.996023e+02
1425.99955111646295	2.995955e+02
1426.99850618558708	2.995886e+02
1428.00061483366107	2.995817e+02
1428.99967494484235	2.995748e+02
1429.99878924253017	2.995679e+02
1430.99795362734608	2.995610e+02
1432.00026670837451	2.995541e+02
1432.99951741945915	2.995474e+02
1433.99880633259363	2.995408e+02
1434.99813322529735	2.995343e+02
1436.00060118761689	2.995278e+02
1437.00000441811471	2.995214e+02
1437.99944825605439	2.995150e+02
1438.99893273974135	2.995087e+02
1439.99845539545322	2.995024e+02
1440.99801166552561	2.994963e+02
1442.00069993741477	2.994903e+02
1443.00030417449284	2.994844e+02
1443.99992098048074	2.994786e+02
1444.99954376078949	2.994731e+02
1445.99916897508547	2.994676e+02
1446.99879542122426	2.994624e+02
1447.99842022787266	2.994572e+02
1448.99803658171481	2.994521e+02
1450.00074251822184	2.994472e+02
1451.00032547006595	2.994424e+02
1451.99989047009171	2.994378e+02
1452.99943915289964	2.994334e+02
1453.99897263919183	2.994291e+02
1454.99849251259775	2.994249e+02
1455.99799841150116	2.994207e+02
1457.00059184705924	2.994166e+02
1458.00006146936698	2.994125e+02
1458.99950821755465	2.994086e+02
1459.99892970872861	2.994047e+02
1460.99832273732682	2.994008e+02
1462.00078713971266	2.993970e+02
1463.00011302539178	2.993933e+02
1463.99940313452635	2.993895e+02
1464.99865863753894	2.993858e+02
1466.00098595879172	2.993821e+02
1467.00018237721974	2.993783e+02
1467.99935405881047	2.993745e+02
1468.99850226643298	2.993705e+02
1470.00072925667791	2.993665e+02
1470.99982757685984	2.993623e+02
1471.9988974616665	2.993580e+02
1472.99793641740439	2.993535e+02
1474.00004542403713	2.993489e+02
1474.99902393116145	2.993441e+02
1475.99798331380998	2.993391e+02
1477.00003275532003	2.993338e+02
1477.99896764514278	2.993282e+02
1479.00098971328089	2.993224e+02
1479.99989016698669	2.993164e+02
1480.9987717291865	2.993104e+02
1482.00074561971337	2.993044e+02
1482.99962385314484	2.992982e+02
1483.99852982484094	2.992918e+02
1485.00058344117451	2.992852e+02
1485.99959041304328	2.992782e+02
1486.99865669960923	2.992710e+02
1488.00088243404866	2.992636e+02
1489.00005568623578	2.992562e+02
1489.99927060181244	2.992489e+02
1490.99852111164478	2.992415e+02
1492.00090713276791	2.992342e+02
1493.00022362862455	2.992270e+02
1493.99958070080538	2.992197e+02
1494.99898601783889	2.992125e+02
1495.99844407874298	2.992051e+02
1496.99795267212198	2.991976e+02
1498.00061017970302	2.991901e+02
1499.00020024652781	2.991827e+02
1499.99982124123744	2.991755e+02
1500.9994711555787	2.991684e+02
1501.99915476841147	2.991614e+02
1502.99888210405743	2.991545e+02
1503.99866218352054	2.991476e+02
1504.99850046269671	2.991405e+02
1505.99839741814117	2.991333e+02
1506.99834498102905	2.991262e+02
1507.99832982226803	2.991192e+02
1508.99834377057755	2.991125e+02
1509.9983812867863	2.991062e+02
1510.99843940311575	2.991001e+02
1511.99851754542328	2.990941e+02
1512.99862037456728	2.990883e+02
1513.99875680543801	2.990826e+02
1514.99893992752845	2.990769e+02
1515.99916719891712	2.990714e+02
1516.99943167005972	2.990658e+02
1517.99971705804433	2.990605e+02
1519.00000507093364	2.990555e+02
1520.00028064636444	2.990507e+02
1521.00054344655064	2.990463e+02
1522.00080604227378	2.990420e+02
1522.99797203784647	2.990379e+02
1523.9982617297137	2.990337e+02
1524.99857104828561	2.990295e+02
1525.99889287421797	2.990254e+02
1526.99920744121346	2.990215e+02
1527.99949332756796	2.990179e+02
1528.99972890828735	2.990147e+02
1529.99989843304297	2.990117e+02
1530.99999660623575	2.990089e+02
1532.00002834752672	2.990061e+02
1533.0000056497388	2.990032e+02
1533.99994379792724	2.990000e+02
1534.99985489382766	2.989964e+02
1535.99974107227354	2.989926e+02
1536.99959318218407	2.989884e+02
1537.9993945457486	2.989841e+02
1538.99912737611771	2.989797e+02
1539.99878050831308	2.989754e+02
1540.99835962920133	2.989710e+02
1542.0009963747616	2.989666e+02
1543.00051612376092	2.989618e+02
1544.00004650489836	2.989565e+02
1544.99959031082108	2.989507e+02
1545.99913767881571	2.989445e+02
1546.99866683407481	2.989381e+02
1547.99815230633658	2.989318e+02
1549.00068285709017	2.989257e+02
1550.00005989398483	2.989198e+02
1550.99940805667757	2.989139e+02
1551.99875115231362	2.989078e+02
1552.99810340256977	2.989014e+02
1554.00057779378039	2.988945e+02
1554.99996085500288	2.988873e+02
1555.99934013623056	2.988799e+02
1556.99870004641639	2.988725e+02
1557.99802508664197	2.988652e+02
1559.00040351372286	2.988579e+02
1559.99962961638175	2.988507e+02
1560.99883185458475	2.988434e+02
1561.99804665354827	2.988358e+02
1563.00040512244777	2.988278e+02
1563.99971697969067	2.988194e+02
1564.99910425874737	2.988106e+02
1565.99856707239883	2.988014e+02
1566.99807599091628	2.987922e+02
1568.00070774537676	2.987834e+02
1569.00026169563853	2.987748e+02
1569.99985397141518	2.987664e+02
1570.99947455884217	2.987583e+02
1571.99913249478072	2.987506e+02
1572.99887431463685	2.987429e+02
1573.99872674321773	2.987349e+02
1574.99867493132228	2.987268e+02
1575.99869628956208	2.987190e+02
1576.99876896870296	2.987114e+02
1577.99887053899829	2.987042e+02
1578.99898700611743	2.986978e+02
1579.99911920877094	2.986918e+02
1580.99929604950307	2.986857e+02
1581.99954333203823	2.986798e+02
1582.99986456861598	2.986737e+02
1584.00026526690181	2.986671e+02
1585.00074982126171	2.986607e+02
1585.99819811651037	2.986546e+02
1586.99880664137254	2.986485e+02
1587.99945226420368	2.986428e+02
1589.0001050525093	2.986374e+02
1590.0007417046229	2.986321e+02
1590.99824813146188	2.986270e+02
1591.99884023885124	2.986221e+02
1592.99942972519125	2.986172e+02
1594.00002958172672	2.986124e+02
1595.00064829070243	2.986077e+02
1595.99818229142693	2.986029e+02
1596.99883056767135	2.985982e+02
1597.99946764110496	2.985938e+02
1599.00008495377551	2.985896e+02
1600.00067270199793	2.985856e+02
1600.99811693056563	2.985819e+02
1601.99863573761127	2.985782e+02
1602.99912012433379	2.985745e+02
1603.99955882001245	2.985709e+02
1604.99994378683573	2.985674e+02
1606.00026089057701	2.985640e+02
1607.00048996083433	2.985608e+02
1608.00061823184706	2.985578e+02
1609.00063726449798	2.985549e+02
1610.0005459719514	2.985520e+02
1611.00035693762493	2.985489e+02
1612.00008533486721	2.985453e+02
1612.99974030925409	2.985412e+02
1613.99933008162088	2.985363e+02
1614.99885544376457	2.985308e+02
1615.99829926410507	2.985248e+02
1617.00074608381328	2.985185e+02
1617.99999151333782	2.985121e+02
1618.99916022374327	2.985058e+02
1619.99827274183122	2.984994e+02
1621.00046467299944	2.984928e+02
1621.99955921158471	2.984858e+02
1622.99868939079943	2.984785e+02
1624.00096420526552	2.984709e+02
1625.0001752008875	2.984631e+02
1625.99941093398934	2.984551e+02
1626.99864202277604	2.984471e+02
1628.00095094900098	2.984392e+02
1629.00012708075269	2.984313e+02
1629.99926862994425	2.984235e+02
1630.99839600341625	2.984155e+02
1632.00064545422356	2.984071e+02
1632.999830789101	2.983984e+02
1633.99906500187512	2.983891e+02
1634.99834936202728	2.983795e+02
1636.00077795229117	2.983696e+02
1637.00013341642921	2.983596e+02
1637.99951203272235	2.983497e+02
1638.99891425364126	2.983399e+02
1639.99835136539605	2.983303e+02
1641.00094891576464	2.983206e+02
1642.00052419316467	2.983110e+02
1643.00020450171905	2.983013e+02
1643.99999952621715	2.982915e+02
1644.99990031811558	2.982819e+02
1645.9998853409802	2.982726e+02
1646.99992774030056	2.982638e+02
1648.00000741580061	2.982557e+02
1649.00012525584066	2.982483e+02
1650.0003044318978	2.982412e+02
1651.00057667982696	2.982341e+02
1652.00097306798943	2.982269e+02
1652.9984012384748	2.982193e+02
1653.99906609368327	2.982114e+02
1654.9998186113578	2.982034e+02
1656.00059973348289	2.981958e+02
1656.99825718648094	2.981888e+02
1657.99898360932161	2.981826e+02
1658.99966849767975	2.981770e+02
1660.00032889122303	2.981717e+02
1661.00098436380154	2.981664e+02
1661.99854619226448	2.981610e+02
1662.99925115638712	2.981553e+02
1664.00001017106456	2.981494e+02
1665.00081724871029	2.981433e+02
1665.99854239466185	2.981373e+02
1666.99936593392567	2.981313e+02
1668.00013978533343	2.981255e+02
1669.00085085916248	2.981203e+02
1669.99840096049707	2.981154e+02
1670.99901862720822	2.981108e+02
1671.9996011514902	2.981063e+02
1673.00014282323718	2.981019e+02
1674.00062690990535	2.980978e+02
1674.99793006669779	2.980941e+02
1675.99825913159702	2.980909e+02
1676.9985159332075	2.980882e+02
1677.99873305586266	2.980855e+02
1678.99894984492721	2.980826e+02
1679.9991844537949	2.980790e+02
1680.99942100389649	2.980747e+02
1681.99961178412059	2.980697e+02
1682.99969481212179	2.980644e+02
1683.99961417643317	2.980592e+02
1684.99933732720092	2.980544e+02
1685.99886835550888	2.980499e+02
1686.99826333853071	2.980455e+02
1688.00070195106059	2.980408e+02
1689.00002689868484	2.980354e+02
1689.99935696480293	2.980290e+02
1690.99869182296447	2.980218e+02
1691.99802643554904	2.980141e+02
1693.00044817745015	2.980061e+02
1693.9997459726842	2.979980e+02
1694.99903910307034	2.979899e+02
1695.99833840348583	2.979815e+02
1697.00075316265634	2.979727e+02
1698.00007672925381	2.979635e+02
1698.99939518658698	2.979541e+02
1699.99868049662655	2.979446e+02
1700.99791381765954	2.979355e+02
1702.00018950024923	2.979267e+02
1702.99931216928599	2.979183e+02
1703.99841821405221	2.979100e+02
1705.00066237152009	2.979015e+02
1705.99989378959776	2.978925e+02
1706.99925281337846	2.978826e+02
1707.99875871085374	2.978720e+02
1708.9984074327424	2.978608e+02
1709.99817324317451	2.978494e+02
1710.99800487291645	2.978382e+02
1712.00095314679879	2.978274e+02
1713.00077544386886	2.978174e+02
1714.00057550727479	2.978081e+02
1715.00038130945882	2.977995e+02
1716.00023802081137	2.977912e+02
1717.00019297839776	2.977828e+02
1718.00027819476122	2.977742e+02
1719.00050654086658	2.977654e+02
1720.00087646197721	2.977564e+02
1720.99825701122109	2.977475e+02
1721.99882484980481	2.977388e+02
1722.99944642589753	2.977304e+02
1724.00010876766851	2.977221e+02
1725.0007972407634	2.977137e+02
1725.99838250384119	2.977052e+02
1726.99907796378784	2.976968e+02
1727.99979450504793	2.976887e+02
1729.00054098330065	2.976810e+02
1729.99817993578563	2.976735e+02
1730.9988351227255	2.976663e+02
1731.99930843447328	2.976597e+02
1732.99960140813437	2.976541e+02
1733.99981711714031	2.976494e+02
1735.00010576322961	2.976446e+02
1736.00061319661063	2.976388e+02
1736.99831962602411	2.976311e+02
1737.99942471794657	2.976217e+02
1739.00069142894085	2.976114e+02
1739.99879142569853	2.976017e+02
1740.99972082434397	2.975941e+02
1742.0002595753615	2.975897e+02
1743.00042499239476	2.975884e+02
1744.00033711463016	2.975886e+02
1745.00020420483202	2.975888e+02
1746.00020305081262	2.975881e+02
1747.00044924191297	2.975852e+02
1748.00098229104992	2.975799e+02
1748.99862559907751	2.975728e+02
1749.99937443698445	2.975652e+02
1750.99993341300956	2.975580e+02
1752.00020452842364	2.975519e+02
1753.00018539774965	2.975466e+02
1753.99995722605786	2.975416e+02
1754.99965172305224	2.975360e+02
1755.99937420901142	2.975294e+02
1756.99918398843283	2.975219e+02
1757.99905727546616	2.975139e+02
1758.99890197778745	2.975061e+02
1759.99861603758336	2.974990e+02
1760.99815084045258	2.974929e+02
1762.00064772574046	2.974874e+02
1763.00000454708311	2.974820e+02
1763.99944313344577	2.974756e+02
1764.99905837673236	2.974677e+02
1765.99888355959615	2.974581e+02
1766.99884729628457	2.974474e+02
1767.99883162080027	2.974365e+02
1768.99871689796737	2.974265e+02
1769.99837543997342	2.974181e+02
1771.00083206083377	2.974116e+02
1771.99993232871066	2.974065e+02
1772.99891571185594	2.974017e+02
1773.9979439962824	2.973961e+02
1775.00028853091226	2.973888e+02
1775.99985701588776	2.973795e+02
1776.9997644951352	2.973683e+02
1777.99990352173882	2.973558e+02
1779.00007262439976	2.973428e+02
1780.00005311805398	2.973308e+02
1780.99972359915159	2.973205e+02
1781.99911606461114	2.973119e+02
1782.99838244358966	2.973043e+02
1784.000824727397	2.972963e+02
1785.00041188977411	2.972869e+02
1786.00031015063769	2.972757e+02
1787.00047433238024	2.972631e+02
1788.00079576195844	2.972505e+02
1788.99804110645005	2.972390e+02
1789.99833056785428	2.972291e+02
1790.99854521824045	2.972206e+02
1791.99875201646159	2.972127e+02
1792.99905301074273	2.972043e+02
1793.99956153303106	2.971949e+02
1795.00037569769552	2.971844e+02
1795.99842001382149	2.971728e+02
1796.99984002621409	2.971608e+02
1797.99821822073977	2.971494e+02
1798.99947944337873	2.971398e+02
1800.00027864572485	2.971330e+02
1801.00056012321079	2.971296e+02
1802.00048960482559	2.971282e+02
1803.00033879808689	2.971271e+02
1804.00034899565208	2.971248e+02
1805.00070417638608	2.971194e+02
1805.99834349052003	2.971108e+02
1806.99936069278101	2.970997e+02
1808.0004092353056	2.970878e+02
1808.99812186720555	2.970772e+02
1809.99854570925777	2.970692e+02
1810.99856121576249	2.970646e+02
1811.99830226419863	2.970617e+02
1812.99798186818407	2.970589e+02
1814.00089884028694	2.970546e+02
1815.00095200638179	2.970478e+02
1815.99812846920872	2.970392e+02
1816.9985271850544	2.970300e+02
1817.99889735535976	2.970214e+02
1818.99913309599242	2.970142e+02
1819.99921614260279	2.970083e+02
1820.99922274400001	2.970029e+02
1821.9992828819145	2.969969e+02
1822.9994983329093	2.969895e+02
1823.99987717613885	2.969805e+02
1825.00031684566693	2.969706e+02
1826.00063631033709	2.969610e+02
1827.00065115859502	2.969532e+02
1828.0002588480736	2.969479e+02
1828.999521290345	2.969450e+02
1829.9986634692209	2.969428e+02
1830.99798581434948	2.969400e+02
1832.00082425095457	2.969344e+02
1832.99794337922572	2.969255e+02
1833.99852546420016	2.969138e+02
1834.99916815684355	2.969009e+02
1835.99950287222032	2.968886e+02
1836.99926197810851	2.968789e+02
1837.99845557101821	2.968730e+02
1839.0004610645974	2.968689e+02
1839.99946844884767	2.968654e+02
1840.99889490637406	2.968598e+02
1841.99882978537903	2.968505e+02
1842.99915568361689	2.968379e+02
1843.99962394086606	2.968239e+02
1844.9999339175306	2.968109e+02
1845.99984691075065	2.968008e+02
1846.99937196937162	2.967944e+02
1847.99875222213336	2.967899e+02
1848.9983355002023	2.967849e+02
1849.99841663746088	2.967765e+02
1850.99907064851641	2.967643e+02
1852.00023379756112	2.967486e+02
1852.99850626381544	2.967318e+02
1853.99957871549464	2.967170e+02
1855.00004137674819	2.967061e+02
1855.99993206196245	2.967004e+02
1856.99962127416029	2.966975e+02
1857.99947772035603	2.966943e+02
1858.99983540032395	2.966879e+02
1860.00087601343103	2.966767e+02
1860.99940074094002	2.966624e+02
1861.99821972287737	2.966464e+02
1862.99985620170742	2.966317e+02
1864.00073654599191	2.966216e+02
1865.00079823534224	2.966173e+02
1866.00023590001365	2.966165e+02
1866.99936799980014	2.966162e+02
1867.99851343587943	2.966131e+02
1869.0009532396025	2.966047e+02
1870.00041894692572	2.965912e+02
1870.99976274147139	2.965761e+02
1871.9987072297788	2.965631e+02
1873.00016324044873	2.965542e+02
1874.00096078780825	2.965491e+02
1874.99814290175391	2.965460e+02
1875.99817497179083	2.965423e+02
1876.99826133029728	2.965356e+02
1877.99858335500471	2.965248e+02
1878.99911000948509	2.965110e+02
1879.99959120604399	2.964974e+02
1880.99966701720768	2.964879e+02
1881.99906092747733	2.964845e+02
1883.00082289671991	2.964866e+02
1883.99895188739174	2.964933e+02
1884.99999827907118	2.965006e+02
1885.9982135368839	2.965049e+02
1887.00003193897987	2.965046e+02
1887.99923803263118	2.964990e+02
1888.9986619013298	2.964905e+02
1890.0009782374259	2.964833e+02
1890.9996120218068	2.964802e+02
1892.00060902208838	2.964820e+02
1892.99796475072867	2.964881e+02
1893.99834801076008	2.964956e+02
1894.99921205038618	2.965010e+02
1896.00078212942276	2.965018e+02
1896.99985531762559	2.964972e+02
1897.99922337217936	2.964888e+02
1898.998514202754	2.964807e+02
1900.00049934267236	2.964765e+02
1900.99893317374926	2.964774e+02
1902.00019646337023	2.964833e+02
1902.99848172231191	2.964911e+02
1904.00035835896188	2.964971e+02
1904.99983568619928	2.964979e+02
1905.99992277003275	2.964917e+02
1907.00032134021694	2.964788e+02
1908.0008322899414	2.964646e+02
1909.00093160232086	2.964555e+02
1910.00030599308934	2.964540e+02
1910.99915416881481	2.964595e+02
1912.00096180215701	2.964689e+02
1912.99985416341951	2.964778e+02
1913.99916159502141	2.964818e+02
1915.00183493017198	2.964786e+02
1915.99884508729065	2.964673e+02
1916.99943377915861	2.964520e+02
1918.00014863020897	2.964390e+02
1919.00056764200008	2.964322e+02
1920.00045193746428	2.964316e+02
1920.999817220767	2.964360e+02
1921.99885407788929	2.964423e+02
1923.00093528869252	2.964469e+02
1924.00015154858534	2.964473e+02
1924.9996942356795	2.964431e+02
1925.99951501246892	2.964355e+02
1926.9994556337756	2.964282e+02
1927.99924453677409	2.964246e+02
1929.00169876828068	2.964265e+02
1930.00053873376396	2.964345e+02
1930.99901672645274	2.964461e+02
1932.00052548632129	2.964577e+02
1932.99922801006664	2.964655e+02
1934.0015359973911	2.964671e+02
1935.00131940371921	2.964622e+02
1936.00158843669146	2.964532e+02
1936.99896437524126	2.964444e+02
1937.99915532118575	2.964403e+02
1939.00169088058715	2.964433e+02
1940.00026699132422	2.964536e+02
1941.00131005967296	2.964684e+02
1941.99907159494342	2.964830e+02
1943.00016854220166	2.964932e+02
1943.99876931042331	2.964966e+02
1945.0013154265514	2.964934e+02
1946.00145902451573	2.964861e+02
1947.00184707857534	2.964799e+02
1947.99894027443679	2.964788e+02
1949.00159173641941	2.964841e+02
1950.0005148195396	2.964941e+02
1950.99915708621666	2.965055e+02
1952.00121105374001	2.965142e+02
1953.00099918931824	2.965167e+02
1954.00175856958867	2.965129e+02
1955.00025833826953	2.965056e+02
1955.99891357040747	2.964982e+02
1956.99998347217434	2.964943e+02
1957.99995687250339	2.964976e+02
1958.99898139444576	2.965076e+02
1960.00060367275319	2.965217e+02
1960.99908875227379	2.965366e+02
1962.00098840628698	2.965492e+02
1963.00035636391385	2.965568e+02
1964.00013511165548	2.965584e+02
1964.99958884015041	2.965556e+02
1966.00117777936748	2.965520e+02
1967.00166040344834	2.965502e+02
1968.00103332507774	2.965520e+02
1968.99926208336751	2.965587e+02
1969.99984270938785	2.965683e+02
1971.00066921584312	2.965772e+02
1972.00156233056987	2.965834e+02
1973.00163917092277	2.965860e+02
1974.00116417228719	2.965853e+02
1975.00054692965341	2.965837e+02
1976.00169083237279	2.965850e+02
1977.00122177684921	2.965912e+02
1978.00073247297109	2.966008e+02
1979.00099174790853	2.966133e+02
1980.00060676208864	2.966267e+02
1980.9999655791205	2.966345e+02
1982.00038738718672	2.966337e+02
1982.99987281407948	2.966299e+02
1984.00023924400102	2.966288e+02
1985.00078188989801	2.966347e+02
1986.00130190178152	2.966546e+02
1987.00082094559184	2.966881e+02
1988.00124635556813	2.967256e+02
1989.00020087422172	2.967599e+02
1989.999123837252	2.967865e+02
1991.00087133326883	2.968003e+02
1991.99942744573468	2.968048e+02
1992.99978404438912	2.968109e+02
1993.99925602162261	2.968272e+02
1994.999169630285	2.968571e+02
1995.99991512042811	2.969000e+02
1997.00115585923368	2.969462e+02
1997.99970297082518	2.969811e+02
1999.00140827003497	2.969963e+02
1999.99864306339714	2.969960e+02
2001.00049341427098	2.969942e+02
2001.99871974126404	2.970059e+02
2002.99998310215051	2.970377e+02
2003.99892672382498	2.970827e+02
2004.99910086211912	2.971283e+02
2005.99975132704435	2.971645e+02
2006.99968559747913	2.971859e+02
2007.99838059500075	2.971923e+02
2008.99946407483458	2.971935e+02
2010.00017958868057	2.972065e+02
2010.99811436887239	2.972386e+02
2012.00009799786471	2.972849e+02
2013.00007377642805	2.973339e+02
2014.00024334006048	2.973739e+02
2014.99984687250253	2.973970e+02
2015.99872423445186	2.974047e+02
2017.00039146966742	2.974077e+02
2017.99944762206155	2.974197e+02
2018.99902973931535	2.974489e+02
2019.99926510331693	2.974922e+02
2021.00041439558163	2.975377e+02
2021.99893569980145	2.975719e+02
2023.00014567225253	2.975879e+02
2023.99799465514093	2.975931e+02
2024.99925690021951	2.976027e+02
2025.9981258396333	2.976263e+02
2026.99802969827783	2.976621e+02
2027.99863002482357	2.977006e+02
2028.99912882977151	2.977325e+02
2029.99940003971801	2.977530e+02
2030.99961806678425	2.977618e+02
2031.99984647913698	2.977677e+02
2033.00038005481906	2.977831e+02
2033.99871361746636	2.978109e+02
2035.0005466491109	2.978443e+02
2035.99886036417092	2.978746e+02
2036.99988564581076	2.978976e+02
2037.9982610211141	2.979140e+02
2039.00006026532355	2.979293e+02
2039.99878396542613	2.979500e+02
2040.99772480244224	2.979796e+02
2042.00012038723753	2.980159e+02
2042.99966677357202	2.980519e+02
2043.99909102798074	2.980814e+02
2044.99866566660921	2.981056e+02
2045.99868470683373	2.981297e+02
2046.99904399035381	2.981574e+02
2047.99968019166795	2.981888e+02
2049.00057878516054	2.982211e+02
2049.9985104174707	2.982504e+02
2050.99974557565474	2.982749e+02
2051.99827445028086	2.982966e+02
2053.00040170725606	2.983199e+02
2053.99975117620988	2.983472e+02
2054.99917963931011	2.983780e+02
2055.99906816382008	2.984103e+02
2057.00010239177618	2.984428e+02
2057.99957034940689	2.984761e+02
2059.00033855696984	2.985114e+02
2059.99877427408364	2.985490e+02
2061.00068028990472	2.985890e+02
2061.99967126352203	2.986305e+02
2062.9986247787715	2.986731e+02
2064.0005915181905	2.987163e+02
2064.99889326900075	2.987604e+02
2065.99960981869208	2.988055e+02
2066.99975605732197	2.988515e+02
2067.99950374386253	2.988978e+02
2068.99903816909227	2.989441e+02
2069.99854899783304	2.989897e+02
2070.99835310048456	2.990346e+02
2071.99848359109592	2.990784e+02
2072.99844596715275	2.991219e+02
2073.99778702077265	2.991649e+02
2074.99967222318037	2.992075e+02
2075.99810136242013	2.992501e+02
2076.99934962724456	2.992936e+02
2078.00007264182295	2.993385e+02
2078.9997303476639	2.993840e+02
2079.99798609703339	2.994286e+02
2080.99795342414836	2.994713e+02
2081.99986423388145	2.995131e+02
2082.99768968741637	2.995558e+02
2083.99737290915937	2.996015e+02
2084.99894619512907	2.996491e+02
2085.99976832878156	2.996946e+02
2087.00031337056316	2.997335e+02
2087.99766901176326	2.997635e+02
2088.99789846065732	2.997849e+02
2089.99794567799563	2.997983e+02
2090.99800346861957	2.998038e+02
2091.99812405934608	2.998004e+02
2092.99840201409143	2.997887e+02
2093.99876380594333	2.997750e+02
2094.99869089617778	2.997683e+02
2095.9978550317137	2.997753e+02
2096.9991733022307	2.997968e+02
2097.99977647816695	2.998280e+02
2098.99987393665151	2.998625e+02
2099.99979300803352	2.998956e+02
2101.00010186090003	2.999258e+02
2101.99846402574758	2.999528e+02
2102.99866839115339	2.999746e+02
2103.99813623537784	2.999873e+02
2104.99996692578725	2.999897e+02
2105.99816976857392	2.999863e+02
2106.99866919346414	2.999836e+02
2107.99782810185116	2.999857e+02
2108.9981657680155	2.999932e+02
2109.99908141417063	3.000049e+02
2111.00014270524571	3.000214e+02
2111.99784360021431	3.000444e+02
2112.9980692155591	3.000734e+02
2113.99772421590706	3.001051e+02
2115.00025172177084	3.001353e+02
2115.99995989037507	3.001601e+02
2116.99743479911331	3.001783e+02
2117.99936725192401	3.001930e+02
2118.99971794856356	3.002082e+02
2119.99836479931173	3.002264e+02
2120.99811993371668	3.002472e+02
2121.99882706652033	3.002687e+02
2122.9973407326479	3.002895e+02
2123.9997887224763	3.003093e+02
2124.99981503044955	3.003277e+02
2125.99746819986694	3.003436e+02
2126.99908667016416	3.003558e+02
2127.9985176557293	3.003639e+02
2128.99886088528137	3.003689e+02
2129.9999912036451	3.003717e+02
2130.99865504492345	3.003731e+02
2131.99786809570242	3.003728e+02
2132.99751634167706	3.003713e+02
2133.99753946215287	3.003693e+02
2134.99786540615605	3.003678e+02
2135.99851037891131	3.003672e+02
2136.9995630294261	3.003673e+02
2137.99793694486607	3.003669e+02
2138.99984749607711	3.003648e+02
2139.99877445712855	3.003602e+02
2140.99753084719578	3.003521e+02
2141.99917903327423	3.003393e+02
2142.99749645313159	3.003211e+02
2143.99886796876945	3.002976e+02
2144.99993714993252	3.002688e+02
2145.99733484778471	3.002357e+02
2147.00039487450886	3.001999e+02
2147.99976503022026	3.001642e+02
2148.99875176522892	3.001318e+02
2149.99746583337583	3.001028e+02
2150.99907529154007	3.000749e+02
2152.00030219342352	3.000474e+02
2152.99785677024329	3.000209e+02
2153.99733257606476	2.999954e+02
2154.99748501575414	2.999715e+02
2156.000377352143	2.999486e+02
2156.99863758590345	2.999270e+02
2157.99919717638477	2.999079e+02
2158.99807518371426	2.998952e+02
2159.9998077229543	2.998918e+02
2161.00031085701812	2.998963e+02
2162.00036355467819	2.999054e+02
2162.99924782493918	2.999172e+02
2163.99943658260054	2.999301e+02
2165.00044714256319	2.999426e+02
2165.99874920609682	2.999538e+02
2167.00033799808352	2.999631e+02
2167.99877640363593	2.999709e+02
2169.00023517328327	2.999778e+02
2169.99850800146805	2.999836e+02
2170.99994296293926	2.999874e+02
2171.99863989052164	2.999895e+02
2172.99750202157702	2.999903e+02
2173.9992223670597	2.999892e+02
2174.99740299741461	2.999856e+02
2175.99833749423806	2.999794e+02
2176.99911416738041	2.999709e+02
2177.99978870693667	2.999628e+02
2179.00033647576856	2.999585e+02
2179.9976957639301	2.999601e+02
2180.99803515688518	2.999672e+02
2181.99820458052909	2.999772e+02
2182.99845473769528	2.999873e+02
2183.99895209592114	2.999960e+02
2184.99950017484889	3.000031e+02
2186.00019397418373	3.000091e+02
2186.99787029970958	3.000130e+02
2187.99826391316947	3.000107e+02
2188.99771439201459	2.999961e+02
2189.99907864252827	2.999701e+02
2190.99935342400659	2.999387e+02
2191.99883265925837	2.999054e+02
2192.99795951929855	2.998775e+02
2193.99983017743807	2.998639e+02
2194.99780033080879	2.998673e+02
2195.99755666840838	2.998855e+02
2196.99925646415886	2.999137e+02
2197.99984148038402	2.999444e+02
2198.99928127135126	2.999706e+02
2199.99808676481643	2.999911e+02
2200.99998098248716	3.000083e+02
2201.99918517415335	3.000226e+02
2202.99908315789162	3.000321e+02
2203.9995327011743	3.000355e+02
2205.00010956640926	3.000337e+02
2205.9974725342804	3.000272e+02
2206.9976090697246	3.000169e+02
2208.0003674833938	3.000049e+02
2208.99940244910567	2.999925e+02
2209.99771086723058	2.999808e+02
2210.9985298354004	2.999706e+02
2211.99910742249858	2.999613e+02
2212.99971696180592	2.999542e+02
2213.99752000513672	2.999541e+02
2214.99894471088874	2.999643e+02
2215.9981775852375	2.999827e+02
2216.99840338094509	3.000059e+02
2217.99954605298126	3.000317e+02
2218.99848923973559	3.000585e+02
2219.99827675633151	3.000858e+02
2220.99872301500773	3.001113e+02
2221.99962852024055	3.001331e+02
2222.99777183598962	3.001499e+02
2223.99902753071365	3.001586e+02
2224.99982873955014	3.001584e+02
2225.9998707552727	3.001512e+02
2226.99913600122863	3.001336e+02
2227.99759010323805	3.001031e+02
2228.99846232958998	3.000719e+02
2229.99897909293577	3.000518e+02
2230.9996306599669	3.000436e+02
2232.00039433140728	3.000474e+02
2232.99787400434116	3.000660e+02
2233.99871370510118	3.000981e+02
2234.9999537612639	3.001355e+02
2235.99848415860879	3.001703e+02
2236.9976012285706	3.002004e+02
2237.9974617870439	3.002278e+02
2238.99784214628562	3.002492e+02
2239.99891322069834	3.002643e+02
2240.99789000996088	3.002756e+02
2242.00030983782108	3.002837e+02
2242.99914185837042	3.002840e+02
2243.99743710862595	3.002755e+02
2244.9984691276054	3.002599e+02
2245.9992081517712	3.002381e+02
2246.99974073588555	3.002141e+02
2248.00018196718929	3.002000e+02
2248.99762751118942	3.002012e+02
2249.99801405747576	3.002147e+02
2250.99809761508232	3.002373e+02
2251.99820086085674	3.002655e+02
2252.99882295924635	3.002952e+02
2254.00006169661992	3.003238e+02
2254.99875315346162	3.003485e+02
2255.99810970797625	3.003675e+02
2256.99824355901546	3.003826e+02
2257.99905473568333	3.003954e+02
2259.00019969251434	3.004041e+02
2259.9981875817798	3.004078e+02
2260.99919128155943	3.004059e+02
2262.00032459015301	3.003889e+02
2262.99873406835104	3.003577e+02
2264.0002081860398	3.003291e+02
2264.99863667349973	3.003132e+02
2266.00027632655883	3.003114e+02
2266.9985431275627	3.003249e+02
2267.99951118267973	3.003494e+02
2269.00016699129947	3.003798e+02
2269.99758185133123	3.004105e+02
2270.99786821735279	3.004385e+02
2271.99790892851388	3.004613e+02
2272.99816742215307	3.004788e+02
2273.99930044262283	3.004931e+02
2274.99835017376199	3.005083e+02
2275.99842348579068	3.005281e+02
2276.99740792660987	3.005512e+02
2277.99822741756543	3.005684e+02
2278.99984385249445	3.005704e+02
2279.99807266022026	3.005565e+02
2280.99875640573237	3.005302e+02
2281.99830753409651	3.005034e+02
2282.99894213778862	3.004897e+02
2283.99766376034813	3.004903e+02
2284.998243751882	3.005013e+02
2285.9982282519054	3.005191e+02
2286.99869785351211	3.005396e+02
2288.00041530655244	3.005598e+02
2288.99951252740084	3.005794e+02
2289.99786921335908	3.006008e+02
2290.99812690473073	3.006250e+02
2291.9977693247115	3.006514e+02
2292.99805242413095	3.006783e+02
2293.99830070155258	3.007040e+02
2294.9988735932684	3.007267e+02
2295.99737680840144	3.007442e+02
2296.997362918004	3.007550e+02
2297.99835026838127	3.007571e+02
2298.99810139530109	3.007479e+02
2299.99896535442485	3.007312e+02
2301.00015453566448	3.007153e+02
2301.99949696415069	3.007027e+02
2302.99774808424536	3.006939e+02
2303.99907972232177	3.006895e+02
2304.99849876808003	3.006892e+02
2305.99941864096763	3.006932e+02
2306.99814169517276	3.007031e+02
2307.99912113494747	3.007205e+02
2308.99866296727805	3.007443e+02
2309.99740859131316	3.007712e+02
2310.99987246703085	3.007970e+02
2311.99820423129177	3.008187e+02
2312.99859138255442	3.008359e+02
2313.9994256144837	3.008494e+02
2314.99908323351883	3.008594e+02
2316.00008394815541	3.008644e+02
2316.99989285751553	3.008625e+02
2317.99884932061877	3.008541e+02
2319.00006736875866	3.008420e+02
2319.99787336056079	3.008282e+02
2320.99868770266175	3.008140e+02
2322.00010910638866	3.008017e+02
2323.00034540120851	3.007939e+02
2323.99997020282581	3.007916e+02
2324.99781788980272	3.007948e+02
2325.99819909263806	3.008030e+02
2327.00007667975842	3.008155e+02
2328.00027143664965	3.008305e+02
2328.99961233529211	3.008446e+02
2329.999652867431	3.008562e+02
2330.99835263534351	3.008660e+02
2331.99841108730061	3.008751e+02
2332.99840211696892	3.008820e+02
2333.99763965347938	3.008852e+02
2334.99957929431184	3.008833e+02
2335.99803029698614	3.008774e+02
2336.99890683774356	3.008699e+02
2337.99955209680638	3.008622e+02
2339.00034084638401	3.008549e+02
2339.99829559317095	3.008488e+02
2340.99967267216425	3.008441e+02
2341.99800723161434	3.008413e+02
2342.99890011629896	3.008417e+02
2343.99892908347601	3.008456e+02
2344.99827801677657	3.008529e+02
2345.997805155278	3.008633e+02
2346.99903193915088	3.008761e+02
2347.99961710966136	3.008896e+02
2348.99858992739382	3.009022e+02
2350.00041670362452	3.009128e+02
2350.99831128024289	3.009189e+02
2351.99882692585015	3.009192e+02
2352.9983404695754	3.009146e+02
2353.99964050988183	3.009081e+02
2355.00015843287702	3.009014e+02
2356.00035204070218	3.008945e+02
2356.99748193251799	3.008883e+02
2357.99790440889547	3.008834e+02
2358.99840253773255	3.008810e+02
2359.99880880956607	3.008827e+02
2360.99891648527046	3.008895e+02
2361.99861574990382	3.009013e+02
2362.99863355898651	3.009168e+02
2364.00024669444701	3.009333e+02
2364.99810022804013	3.009494e+02
2365.99763788779637	3.009645e+02
2367.00011005986244	3.009782e+02
2367.99796373717663	3.009896e+02
2369.00042317796442	3.009975e+02
2369.99883797816256	3.010005e+02
2370.99953219971803	3.009989e+02
2371.99945387799426	3.009943e+02
2372.99897667841287	3.009877e+02
2373.99849069003858	3.009807e+02
2374.99828936273707	3.009748e+02
2375.99834002907892	3.009712e+02
2376.9986668221236	3.009705e+02
2377.99903901132166	3.009734e+02
2378.99908183994557	3.009801e+02
2379.9985360598921	3.009908e+02
2380.99748482587938	3.010041e+02
2381.99960393491756	3.010183e+02
2382.9995179112866	3.010320e+02
2383.99737201020798	3.010453e+02
2384.9987046308911	3.010581e+02
2385.99952367580681	3.010701e+02
2386.99957175900454	3.010804e+02
2387.99895135302222	3.010882e+02
2388.99773264053056	3.010931e+02
2389.99934795109812	3.010950e+02
2390.99794611844391	3.010946e+02
2392.000071067514	3.010930e+02
2392.99986942474106	3.010914e+02
2393.99735909048286	3.010906e+02
2394.99861755764323	3.010912e+02
2396.00038049822797	3.010939e+02
2396.999280046271	3.010992e+02
2397.9980206531327	3.011075e+02
2398.99936990546212	3.011186e+02
2400.00009661273771	3.011312e+02
2401.00022862171454	3.011445e+02
2401.99975452106037	3.011577e+02
2402.99857882436754	3.011709e+02
2403.99987990839827	3.011843e+02
2404.99771436263154	3.011977e+02
2405.99850742203034	3.012104e+02
2406.99943760110773	3.012218e+02
2407.99773064108285	3.012326e+02
2408.99994245487642	3.012432e+02
2410.00033731595931	3.012534e+02
2410.99895595835778	3.012638e+02
2411.99883692786898	3.012755e+02
2412.99975301639915	3.012881e+02
2413.99843709958805	3.013021e+02
2414.99756668073724	3.013171e+02
2415.99978622502795	3.013324e+02
2416.99856364521656	3.013477e+02
2418.00001604584122	3.013623e+02
2418.99799271498659	3.013760e+02
2419.9987927418324	3.013887e+02
2420.99938329038832	3.013996e+02
2421.99982983369091	3.014093e+02
2423.00018911715779	3.014183e+02
2423.99751364332587	3.014275e+02
2424.9981777602884	3.014370e+02
2425.99912214524238	3.014470e+02
2427.00019506984881	3.014583e+02
2427.9981607959844	3.014715e+02
2428.99928472065631	3.014855e+02
2429.99736154411175	3.014991e+02
2430.99842009405165	3.015119e+02
2431.99921838544333	3.015228e+02
2432.99973280321046	3.015318e+02
2433.99988832222334	3.015383e+02
2434.99956375596548	3.015433e+02
2435.99865888192835	3.015466e+02
2437.0001885427655	3.015481e+02
2437.99804783782565	3.015483e+02
2438.99856199650139	3.015475e+02
2439.9987412791188	3.015461e+02
2440.99863100579387	3.015450e+02
2441.99828404650953	3.015452e+02
2442.99768514480547	3.015474e+02
2443.99988470843846	3.015513e+02
2444.9987306353064	3.015562e+02
2445.99742126215824	3.015607e+02
2446.99919619922366	3.015635e+02
2447.99800719339055	3.015633e+02
2449.00008267641579	3.015595e+02
2449.99927919990387	3.015517e+02
2450.99861444218186	3.015387e+02
2451.99791152140278	3.015198e+02
2453.00013688460331	3.014936e+02
2453.99914594800839	3.014587e+02
2454.9979210174979	3.014147e+02
2455.99960560640875	3.013623e+02
2456.99819897199541	3.013033e+02
2457.99999726007673	3.012422e+02
2458.99811008820507	3.011856e+02
2459.99801173524884	3.011407e+02
2460.9973812106341	3.011131e+02
2461.999602100218	3.011030e+02
2462.99849580337514	3.011046e+02
2463.99949130303048	3.011095e+02
2464.99894132724648	3.011118e+02
2465.99884914598897	3.011120e+02
2466.99910480596418	3.011138e+02
2467.99937686812382	3.011174e+02
2468.99798518704938	3.011205e+02
2469.99991054773227	3.011216e+02
2470.99856156170927	3.011195e+02
2472.00010733379759	3.011136e+02
2472.99822254590345	3.011037e+02
2473.99863329917798	3.010887e+02
2474.99815405534582	3.010681e+02
2476.00005594850836	3.010404e+02
2476.99817209166258	3.010058e+02
2477.99865629239775	3.009621e+02
2478.99836041636036	3.009128e+02
2480.00023966126992	3.008592e+02
2480.99803662861541	3.008042e+02
2482.00039712141552	3.007512e+02
2482.9982461498239	3.007049e+02
2483.99807190137017	3.006662e+02
2484.99958241501281	3.006372e+02
2486.00013007160533	3.006196e+02
2487.00024099135953	3.006113e+02
2487.9997162465761	3.006104e+02
2488.99883911418601	3.006152e+02
2489.99813519589907	3.006237e+02
2490.99772194033585	3.006341e+02
2491.99765629056583	3.006456e+02
2492.9980162916745	3.006576e+02
2493.99889117297562	3.006698e+02
2495.00034273794836	3.006820e+02
2495.99936673973116	3.006936e+02
2496.99905960229626	3.007051e+02
2497.9994557521095	3.007171e+02
2498.99753238008907	3.007296e+02
2499.99947729902715	3.007408e+02
2500.99919630359909	3.007499e+02
2501.99967339764999	3.007575e+02
2503.00079409065529	3.007634e+02
2503.99938634722639	3.007666e+02
2504.99840853773048	3.007680e+02
2506.00086927230268	3.007692e+02
2507.0005589385014	3.007709e+02
2508.0005466460957	3.007734e+02
2509.00073594086234	3.007774e+02
2509.99805346357516	3.007822e+02
2510.99871320600323	3.007878e+02
2511.99973411103974	3.007945e+02
2512.99809854275554	3.008021e+02
2513.99994797670161	3.008109e+02
2514.99907669717004	3.008218e+02
2515.9987003076576	3.008353e+02
2516.99887012493264	3.008512e+02
2517.99960778680634	3.008697e+02
2519.00092831216534	3.008909e+02
2519.99953051158673	3.009145e+02
2520.99836085585366	3.009404e+02
2522.00036118810021	3.009684e+02
2522.99945027961076	3.009977e+02
2523.99842825720361	3.010276e+02
2525.00015672435393	3.010573e+02
2525.99848770081462	3.010850e+02
2526.99958009738111	3.011089e+02
2528.00036314507406	3.011276e+02
2529.00074844603978	3.011400e+02
2530.00064158086252	3.011456e+02
2531.00023862287844	3.011439e+02
2531.99958838139719	3.011348e+02
2532.99853022830484	3.011204e+02
2534.00025830022696	3.011027e+02
2534.99884392441436	3.010837e+02
2536.00048399108164	3.010654e+02
2536.99905064259292	3.010475e+02
2538.0008637657611	3.010308e+02
2538.9998327799799	3.010155e+02
2539.99901032525668	3.010012e+02
2540.99851782799442	3.009887e+02
2541.99855123628504	3.009773e+02
2542.99904870387536	3.009667e+02
2543.99996914063968	3.009568e+02
2544.99832916726973	3.009463e+02
2546.00021546476637	3.009356e+02
2546.99931673698256	3.009232e+02
2547.99881992875771	3.009101e+02
2548.99862262136003	3.008971e+02
2549.99845127508843	3.008850e+02
2550.99844442773247	3.008738e+02
2551.998593112035	3.008641e+02
2552.99871533058831	3.008570e+02
2553.9989976212928	3.008530e+02
2554.99952693893238	3.008528e+02
2556.00016099880759	3.008565e+02
2557.00094128681849	3.008638e+02
2557.99895570057834	3.008738e+02
2559.00036794657717	3.008864e+02
2559.99876402940254	3.009014e+02
2561.00029048555871	3.009188e+02
2561.99881457109268	3.009376e+02
2563.00036329194745	3.009574e+02
2563.99864794126188	3.009775e+02
2564.99997951802061	3.009980e+02
2565.99806654894201	3.010190e+02
2566.99887539327392	3.010403e+02
2567.99932199801924	3.010611e+02
2568.99937951830952	3.010801e+02
2569.99888282642405	3.010961e+02
2571.00088605964902	3.011091e+02
2571.99913804690959	3.011193e+02
2572.9997520523807	3.011271e+02
2573.99973460387309	3.011332e+02
2574.9991399030705	3.011370e+02
2575.99794255559391	3.011390e+02
2576.99933542342978	3.011397e+02
2578.00034653739704	3.011392e+02
2578.99793964354012	3.011378e+02
2579.99837141146509	3.011357e+02
2580.99860515131604	3.011329e+02
2581.99865806965227	3.011297e+02
2582.99858803817642	3.011263e+02
2583.99854520136341	3.011231e+02
2584.99860877221636	3.011203e+02
2585.99886769613204	3.011172e+02
2586.99940052540296	3.011132e+02
2588.00032822619914	3.011081e+02
2588.99868937208157	3.011012e+02
2590.00067251721293	3.010915e+02
2591.00007771264291	3.010795e+02
2591.999961690899	3.010657e+02
2593.00030722982319	3.010505e+02
2593.9979344911676	3.010345e+02
2594.998875517329	3.010183e+02
2596.00005991303124	3.010025e+02
2596.99857683497385	3.009876e+02
2598.00040491428535	3.009743e+02
2598.99919503987849	3.009634e+02
2599.99832176697328	3.009545e+02
2601.00078869902381	3.009483e+02
2602.00021481696558	3.009450e+02
2602.99993773763299	3.009450e+02
2604.00000663840683	3.009476e+02
2605.00028319116655	3.009530e+02
2606.00091222106585	3.009605e+02
2606.9987735065306	3.009698e+02
2607.99980269569915	3.009807e+02
2609.00076333192055	3.009933e+02
2609.99855893318454	3.010065e+02
2610.99928448174023	3.010205e+02
2611.99980045247003	3.010363e+02
2613.00014886259714	3.010537e+02
2614.00032546469038	3.010719e+02
2615.00027960245825	3.010895e+02
2615.99994637583222	3.011057e+02
2616.99924406199898	3.011195e+02
2617.9980576806588	3.011317e+02
2618.99938925570723	3.011424e+02
2620.00006816725318	3.011514e+02
2621.00010709850994	3.011590e+02
2621.99965731460088	3.011669e+02
2622.99882609439192	3.011744e+02
2624.00065838655109	3.011810e+02
2624.99906433560773	3.011863e+02
2626.00040335024778	3.011900e+02
2626.99848679841398	3.011925e+02
2627.99942005976436	3.011948e+02
2629.00021244846221	3.011970e+02
2629.99786268051685	3.011990e+02
2630.99851703354034	3.012005e+02
2631.99915995577385	3.012010e+02
2632.99999060617347	3.012002e+02
2633.998094927073	3.011974e+02
2634.99962825516013	3.011925e+02
2635.99843288546663	3.011859e+02
2636.99773663496444	3.011769e+02
2637.99760571516163	3.011649e+02
2638.99778690327184	3.011502e+02
2639.99830057556437	3.011333e+02
2640.99930329624567	3.011142e+02
2642.00049370648321	3.010939e+02
2642.99877582441013	3.010740e+02
2643.99757536305378	3.010551e+02
2644.99979533819624	3.010377e+02
2645.99889300449559	3.010234e+02
2646.99833597070574	3.010121e+02
2647.99813330419329	3.010042e+02
2648.99797848054914	3.009994e+02
2649.99826243877351	3.009985e+02
2650.99910091956144	3.010001e+02
2652.00022928678391	3.010045e+02
2652.99867573842175	3.010108e+02
2653.9975287735524	3.010181e+02
2654.99961209333287	3.010256e+02
2655.99870525406504	3.010351e+02
2656.99799105220563	3.010467e+02
2658.00045412392728	3.010608e+02
2658.99983573578857	3.010767e+02
2659.99931554451723	3.010930e+02
2660.99878235005872	3.011081e+02
2661.99808774638359	3.011210e+02
2663.00026451472104	3.011331e+02
2663.99897693488856	3.011436e+02
2665.0002880089196	3.011527e+02
2665.99801132077073	3.011613e+02
2666.99837887208196	3.011692e+02
2667.99829893663491	3.011775e+02
2668.99783730216404	3.011853e+02
2670.00017353254998	3.011920e+02
2670.99913104654706	3.011977e+02
2671.99782579633984	3.012027e+02
2672.99942548677382	3.012076e+02
2673.99778609802115	3.012129e+02
2674.99909865687141	3.012187e+02
2676.00029638023307	3.012248e+02
2676.99830942368817	3.012308e+02
2677.99935028333084	3.012366e+02
2679.0003654772695	3.012409e+02
2679.99830579483614	3.012433e+02
2680.99939321280681	3.012434e+02
2682.00055523101764	3.012412e+02
2682.99869837807182	3.012364e+02
2684.00004568391796	3.012288e+02
2684.99851993432549	3.012187e+02
2686.00031583854297	3.012062e+02
2686.99921593488534	3.011918e+02
2687.99831397159369	3.011755e+02
2688.99762290014041	3.011576e+02
2690.00027590692935	3.011385e+02
2690.99999547597145	3.011194e+02
2691.99977746517061	3.011014e+02
2692.99981644030277	3.010854e+02
2694.00017155536761	3.010721e+02
2694.99772649186116	3.010592e+02
2695.99885377340388	3.010497e+02
2697.00046887395001	3.010432e+02
2697.9993934163017	3.010395e+02
2698.99876738618514	3.010390e+02
2699.99865489591184	3.010423e+02
2700.9990826995313	3.010498e+02
2702.0000149007069	3.010611e+02
2702.99836930913671	3.010750e+02
2704.00033308723232	3.010893e+02
2704.99946880740708	3.011027e+02
2705.99874803743933	3.011155e+02
2706.99816590584351	3.011275e+02
2707.99756580653138	3.011384e+02
2708.99990188669699	3.011486e+02
2709.99895450594067	3.011582e+02
2710.99778392072312	3.011670e+02
2711.99940795776774	3.011749e+02
2712.99763720082137	3.011825e+02
2713.99872550815689	3.011894e+02
2714.99954709951135	3.011954e+02
2716.00015619130727	3.012005e+02
2716.99752266370433	3.012055e+02
2717.99786898524098	3.012110e+02
2718.9981179681904	3.012172e+02
2719.99833251796827	3.012244e+02
2720.99851282848158	3.012324e+02
2721.99865080398149	3.012410e+02
2722.99877233849793	3.012497e+02
2723.99886266513386	3.012581e+02
2724.99886657676097	3.012665e+02
2725.99873763257528	3.012737e+02
2726.99846546551362	3.012789e+02
2727.9981010648703	3.012826e+02
2728.9976843829736	3.012849e+02
2730.00035840969122	3.012854e+02
2730.99996070567022	3.012832e+02
2731.99961359939516	3.012776e+02
2732.99934192592218	3.012687e+02
2733.99919432913339	3.012570e+02
2734.99922580758403	3.012430e+02
2735.99946555459383	3.012272e+02
2736.99992229074496	3.012102e+02
2738.00057490861263	3.011923e+02
2738.99831257485448	3.011742e+02
2739.99937935182015	3.011565e+02
2740.99754048845125	3.011401e+02
2741.99902451592243	3.011257e+02
2742.99766334834021	3.011147e+02
2743.99971227169408	3.011050e+02
2744.99897148291438	3.010977e+02
2745.99862066898504	3.010940e+02
2746.99873735936671	3.010930e+02
2747.99934858969027	3.010940e+02
2749.00049996806138	3.010968e+02
2749.99909429389663	3.011009e+02
2750.9982082681945	3.011060e+02
2751.9978040475321	3.011124e+02
2752.99786482638046	3.011201e+02
2753.99834415190799	3.011291e+02
2754.99910241042335	3.011395e+02
2755.99998668010585	3.011510e+02
2756.9977270847462	3.011624e+02
2757.99846597625265	3.011734e+02
2758.99901732126773	3.011837e+02
2759.99933732970476	3.011926e+02
2760.99934944763163	3.012003e+02
2761.99903831849861	3.012077e+02
2762.99843229781391	3.012144e+02
2763.99753766924823	3.012204e+02
2764.9995297544956	3.012261e+02
2765.99824121572101	3.012316e+02
2766.99993920934639	3.012387e+02
2767.99840236972841	3.012468e+02
2768.99990027811918	3.012554e+02
2769.99817972866913	3.012644e+02
2770.99944623232204	3.012738e+02
2772.00056690254041	3.012833e+02
2772.99841457706179	3.012922e+02
2773.99920637450896	3.013004e+02
2774.99980997238254	3.013069e+02
2776.00022643083412	3.013115e+02
2777.00047745049324	3.013141e+02
2778.00059357119881	3.013150e+02
2779.00060210025686	3.013133e+02
2780.00053056490015	3.013090e+02
2781.00040933635682	3.013023e+02
2782.00025681299303	3.012934e+02
2783.00007981718772	3.012824e+02
2783.9999094651248	3.012696e+02
2784.99978609565824	3.012553e+02
2785.99970857577682	3.012397e+02
2786.99967699975059	3.012235e+02
2787.99973639800464	3.012071e+02
2788.9998819860084	3.011909e+02
2790.00011241906213	3.011759e+02
2791.00048445079892	3.011623e+02
2791.99792296568467	3.011509e+02
2792.99870966538174	3.011415e+02
2793.99980533089456	3.011328e+02
2794.99814324459066	3.011256e+02
2795.99998008805551	3.011203e+02
2796.99910140148131	3.011172e+02
2797.99864561077948	3.011159e+02
2798.99857346735871	3.011163e+02
2799.99882604556296	3.011181e+02
2800.99935140733623	3.011211e+02
2802.00007076547126	3.011247e+02
2802.99778266680732	3.011287e+02
2803.99870001165209	3.011327e+02
2804.99964568148607	3.011367e+02
2806.00055099140627	3.011405e+02
2806.99823017126346	3.011444e+02
2807.99890079282204	3.011486e+02
2808.99938861525698	3.011533e+02
2809.99969086145347	3.011591e+02
2810.99985466412863	3.011654e+02
2811.99987339113432	3.011722e+02
2812.99973711734629	3.011792e+02
2813.99949959149126	3.011864e+02
2814.99910169612394	3.011942e+02
2815.99850798087118	3.012026e+02
2816.99775242364149	3.012111e+02
2817.99993398254901	3.012201e+02
2818.99875278360332	3.012294e+02
2820.00041913608993	3.012388e+02
2820.99868258738843	3.012481e+02
2821.99975684999572	3.012567e+02
2823.00050025327755	3.012643e+02
2823.99781988198538	3.012705e+02
2824.99797953310508	3.012751e+02
2825.99787079712632	3.012780e+02
2826.99752400357602	3.012792e+02
2828.00009517123453	3.012790e+02
2828.99937309692905	3.012769e+02
2829.99848164044533	3.012732e+02
2831.00051385396773	3.012680e+02
2831.99934374564509	3.012614e+02
2832.99815101384183	3.012535e+02
2833.99993218959071	3.012443e+02
2834.99847098656801	3.012342e+02
2836.00002786650839	3.012232e+02
2836.99842692314951	3.012118e+02
2837.99997599358403	3.012003e+02
2838.99857233503189	3.011885e+02
2840.0004832745949	3.011762e+02
2840.99948532379813	3.011637e+02
2841.99869504890466	3.011514e+02
2842.99806443157513	3.011396e+02
2843.99754858404549	3.011291e+02
2845.00028381328593	3.011204e+02
2846.00007246186897	3.011139e+02
2847.00006165629793	3.011074e+02
2848.00031450211964	3.011015e+02
2848.99775783342284	3.010961e+02
2849.99863363367194	3.010905e+02
2850.99982555372026	3.010844e+02
2851.99817937527996	3.010787e+02
2852.99987255858059	3.010738e+02
2853.99860941159932	3.010699e+02
2855.00059105707669	3.010671e+02
2855.9995370689353	3.010654e+02
2856.99855813274007	3.010647e+02
2857.99766692333287	3.010644e+02
2858.9999956206334	3.010646e+02
2859.99930785326524	3.010650e+02
2860.99873526533247	3.010658e+02
2861.99826933368786	3.010670e+02
2862.99786879663861	3.010687e+02
2864.00062357392972	3.010711e+02
2865.00026576370419	3.010744e+02
2865.9998439128517	3.010781e+02
2866.99926004866938	3.010832e+02
2867.99855292796565	3.010892e+02
2868.99766193429832	3.010959e+02
2869.99965851680554	3.011031e+02
2870.99825992603019	3.011106e+02
2871.99965536026457	3.011186e+02
2872.99755919371	3.011268e+02
2873.99818645784126	3.011352e+02
2874.99840513695381	3.011435e+02
2875.99819912794965	3.011513e+02
2876.99757544710064	3.011586e+02
2877.99967094089698	3.011650e+02
2878.99828746838648	3.011706e+02
2879.99967835713323	3.011754e+02
2880.99765908685413	3.011792e+02
2881.99848382585424	3.011821e+02
2882.99907607965861	3.011840e+02
2883.99945711702321	3.011850e+02
2884.99956041807172	3.011851e+02
2885.99953928932428	3.011843e+02
2886.99940162959319	3.011823e+02
2887.99910088683737	3.011792e+02
2888.99866296788377	3.011752e+02
2889.99812889266923	3.011700e+02
2890.99754712771346	3.011639e+02
2892.00007764612064	3.011566e+02
2892.99957142305402	3.011484e+02
2893.99917356502283	3.011392e+02
2894.99891113235526	3.011293e+02
2895.99881272031462	3.011189e+02
2896.99890228911363	3.011081e+02
2897.99919440826079	3.010971e+02
2898.99969898907921	3.010859e+02
2900.00042538156822	3.010745e+02
2900.99827257065681	3.010630e+02
2901.99944926494891	3.010515e+02
2902.99772888530606	3.010400e+02
2903.99933826368306	3.010287e+02
2904.99804350447357	3.010178e+02
2906.00005878848015	3.010072e+02
2906.99916950012766	3.009973e+02
2907.99849670960748	3.009879e+02
2908.99806431657908	3.009791e+02
2909.99791295359046	3.009709e+02
2910.99807359191254	3.009631e+02
2911.99857211342396	3.009559e+02
2912.99942276642787	3.009493e+02
2914.00062368954741	3.009435e+02
2914.99903405660643	3.009385e+02
2915.99774740466	3.009344e+02
2916.99984136788544	3.009313e+02
2917.99902520207797	3.009291e+02
2918.99836946620962	3.009280e+02
2919.99782958261767	3.009278e+02
2921.00049845586864	3.009286e+02
2921.99997040520066	3.009301e+02
2922.99937649817048	3.009325e+02
2923.99866305935166	3.009356e+02
2924.99777637816533	3.009393e+02
2925.99978712385882	3.009434e+02
2926.99841892929589	3.009488e+02
2927.99989034549253	3.009553e+02
2928.99793172498221	3.009628e+02
2929.99874946110549	3.009712e+02
2930.99920424626862	3.009802e+02
2931.99927517524247	3.009896e+02
2932.99893598591143	3.009994e+02
2933.99816092099627	3.010096e+02
2935.00004464529275	3.010200e+02
2935.99834124196968	3.010304e+02
2936.99924771074438	3.010407e+02
2937.99964680275434	3.010507e+02
2938.99955002328579	3.010599e+02
2939.99898475730561	3.010682e+02
2940.99799142477559	3.010755e+02
2941.99969899304142	3.010816e+02
2942.99789763447097	3.010866e+02
2943.99900723070186	3.010902e+02
2944.99986880195729	3.010924e+02
2946.00050428817485	3.010934e+02
2946.99785858360246	3.010930e+02
2947.99816832813258	3.010912e+02
2948.99840250985471	3.010875e+02
2949.99862809933074	3.010818e+02
