# Region type : patch node2U_0_Inlet_0
#   Faces  : 148
#   Area   : 1.734668e-02
#        Time	areaAverage(T)
     0.999427	3.001500e+02
      2.00049	3.001500e+02
      3.00031	3.001500e+02
      3.99974	3.001500e+02
     4.999837	3.001500e+02
      6.00101	3.001500e+02
     7.000448	3.001500e+02
     8.000372	3.001500e+02
     9.000012	3.001499e+02
   10.0011397	3.001498e+02
   11.0005124	3.001498e+02
   12.0006243	3.001498e+02
    13.001107	3.001497e+02
   13.9997402	3.001497e+02
  14.99964955	3.001489e+02
  15.99955708	3.001464e+02
  17.00134405	3.001451e+02
  18.00000337	3.001468e+02
  19.00006167	3.001493e+02
 20.001505108	3.001524e+02
 20.999254464	3.001562e+02
  22.00150266	3.001608e+02
 23.001714829	3.001662e+02
 23.999634984	3.001724e+02
25.00095516804	3.001792e+02
25.9996836352	3.001865e+02
26.99932842931	3.001939e+02
28.00029166142	3.002013e+02
28.99937441246	3.002084e+02
30.002134441893	3.002153e+02
31.002014765417	3.002218e+02
32.001552166551	3.002278e+02
33.000560257147	3.002329e+02
33.999249928093	3.002372e+02
35.00108530523362	3.002405e+02
36.00057592118466	3.002436e+02
37.00120630448001	3.002475e+02
38.00022932106895	3.002528e+02
39.00052258115672	3.002600e+02
40.0012943804983152	3.002687e+02
41.0019879837090926	3.002785e+02
41.9992708912271695	3.002887e+02
43.0021545135227328	3.002986e+02
44.0019391598090266	3.003081e+02
44.9992995861729526	3.003180e+02
46.0009844670853099	3.003293e+02
47.0014489491798813	3.003426e+02
48.0008801364990703	3.003578e+02
48.9995304912996801	3.003748e+02
50.0001794237682375	3.003930e+02
50.9993551299025256	3.004122e+02
51.9998205148969248	3.004320e+02
53.0015311001695864	3.004522e+02
54.0013696283965601	3.004724e+02
54.9993238877661597	3.004924e+02
56.0015339065886479	3.005123e+02
57.0018205760141825	3.005320e+02
58.000096433294182	3.005517e+02
58.9991359299691496	3.005714e+02
60.0016627635771727	3.005914e+02
61.0010778941215932	3.006115e+02
62.0000130700834902	3.006318e+02
63.0010986270090001	3.006528e+02
64.0009690790207202	3.006745e+02
64.9994918949116851	3.006974e+02
65.9998560646141783	3.007221e+02
66.9992477683962306	3.007491e+02
68.0009249354785794	3.007792e+02
69.0019475640447695	3.008124e+02
69.9993513960609874	3.008473e+02
70.9993591323269015	3.008818e+02
72.0020465187059102	3.009130e+02
73.0013581031466714	3.009386e+02
74.000423255190384	3.009584e+02
74.9993458644687365	3.009744e+02
76.0013508435945511	3.009892e+02
77.0005510755528491	3.010045e+02
78.0000113736252843	3.010211e+02
78.9992549610128236	3.010388e+02
80.0009720943383229	3.010573e+02
81.0020589541296232	3.010757e+02
81.9992454193614009	3.010935e+02
83.0014611672898184	3.011108e+02
83.9993628440124525	3.011275e+02
85.0020431376517678	3.011438e+02
86.000333987758637	3.011600e+02
87.0003695380874404	3.011763e+02
88.0020658759812022	3.011930e+02
88.9993795452335519	3.012103e+02
90.0015696379174557	3.012282e+02
90.9997903684166971	3.012465e+02
92.0003898830139377	3.012653e+02
93.0006194266289867	3.012845e+02
94.0007057145538596	3.013039e+02
95.0007997335581251	3.013234e+02
96.0009686444809773	3.013429e+02
97.0012373806239623	3.013622e+02
98.0016053172324462	3.013812e+02
99.0020344570527584	3.013998e+02
99.9994552294174497	3.014179e+02
100.999851234731452	3.014355e+02
102.000136850138333	3.014526e+02
103.000241500016131	3.014689e+02
104.000073061910427	3.014845e+02
104.999552930719901	3.014994e+02
106.001633206025147	3.015135e+02
107.000192996165325	3.015271e+02
108.001260471577879	3.015404e+02
109.001819915586253	3.015535e+02
110.001932009313407	3.015668e+02
111.001635624775176	3.015804e+02
112.000980310532839	3.015944e+02
113.000018915714335	3.016087e+02
114.001807672044521	3.016233e+02
115.000361508444968	3.016379e+02
116.001781982353393	3.016527e+02
117.000048097326257	3.016674e+02
118.00122264940498	3.016823e+02
118.999382617868164	3.016972e+02
120.000616562993542	3.017123e+02
121.002007225989203	3.017279e+02
122.000661640430124	3.017441e+02
122.999734831133267	3.017613e+02
123.99952262735836	3.017801e+02
125.000333848736219	3.018009e+02
125.999642959708595	3.018242e+02
127.000956414914896	3.018494e+02
128.001293686371213	3.018759e+02
129.000700621259568	3.019029e+02
130.002135701572797	3.019296e+02
130.999533849213833	3.019553e+02
131.999244240588723	3.019795e+02
133.001101245812436	3.020013e+02
134.0020971077968	3.020204e+02
135.002075643628388	3.020370e+02
136.000848975566782	3.020514e+02
137.001309026256649	3.020640e+02
138.000254544982795	3.020751e+02
139.000649575250975	3.020850e+02
139.999224934568531	3.020939e+02
141.002036637829093	3.021018e+02
141.999654446908238	3.021089e+02
143.001271960468813	3.021153e+02
144.000548532269903	3.021209e+02
145.00044839448563	3.021258e+02
146.000849050599697	3.021297e+02
147.001677167223932	3.021325e+02
147.99975047252525	3.021339e+02
149.001369451029944	3.021334e+02
150.000282434108982	3.021310e+02
150.999551328031998	3.021268e+02
151.999184896249147	3.021206e+02
152.999208185270845	3.021131e+02
153.999585696359787	3.021048e+02
155.00029833082661	3.020963e+02
156.001343237128225	3.020874e+02
156.999457705577299	3.020785e+02
158.000686168546764	3.020699e+02
159.001776087131674	3.020616e+02
159.999561059721657	3.020537e+02
161.000550527382018	3.020460e+02
162.001972559951867	3.020381e+02
163.000888609676053	3.020297e+02
164.000316687785954	3.020202e+02
165.000096140130211	3.020094e+02
166.000088612179667	3.019972e+02
167.000061340522421	3.019840e+02
167.999782828424799	3.019703e+02
168.999172341489157	3.019562e+02
170.001230534148533	3.019415e+02
170.999544804163264	3.019256e+02
172.00045496321485	3.019077e+02
173.000757901779707	3.018873e+02
174.000444045117518	3.018640e+02
174.999760596408947	3.018380e+02
176.002157779350711	3.018100e+02
177.001661582702695	3.017805e+02
178.001628294344187	3.017499e+02
178.999162606507298	3.017184e+02
180.000503473761029	3.016860e+02
180.999207866690625	3.016525e+02
182.001208593017452	3.016173e+02
183.000047488950003	3.015795e+02
184.001808139786192	3.015379e+02
184.999937399233318	3.014918e+02
186.000595667805044	3.014402e+02
187.000530755139152	3.013828e+02
187.999425330199387	3.013195e+02
189.000062339945401	3.012505e+02
189.999357851741564	3.011777e+02
191.001057008974414	3.011039e+02
191.999795576908383	3.010322e+02
193.002046035564831	3.009623e+02
194.001168212745995	3.008924e+02
195.000232847940111	3.008185e+02
195.99953641592225	3.007382e+02
196.999439237675062	3.006519e+02
197.999269378639354	3.005601e+02
199.000650340503455	3.004706e+02
200.000842022656059	3.003969e+02
201.00119110761409	3.003576e+02
202.001134602567248	3.003670e+02
202.999417775043128	3.004220e+02
204.000827370954454	3.005046e+02
205.000559713225243	3.005965e+02
206.000502514791634	3.006840e+02
207.00011763453864	3.007675e+02
207.999195525308778	3.008415e+02
209.000671541921633	3.009035e+02
210.001817201873507	3.009506e+02
211.0002458890323	3.009833e+02
211.999364130299796	3.009928e+02
213.001839980993253	3.009764e+02
214.000870215088923	3.009418e+02
215.002023773923156	3.008971e+02
216.001504856122665	3.008448e+02
217.002189670235424	3.007894e+02
218.001143521538211	3.007365e+02
219.001212277794565	3.006853e+02
219.999323567592427	3.006351e+02
221.002031393932299	3.005891e+02
222.000217558785977	3.005480e+02
222.99997324448853	3.005108e+02
224.001867206834618	3.004809e+02
225.000375206176443	3.004616e+02
226.00200082573221	3.004500e+02
227.000972114187221	3.004452e+02
228.000539892764351	3.004502e+02
229.000893584517286	3.004639e+02
229.999159920018428	3.004844e+02
231.001639840260879	3.005093e+02
231.999283063040082	3.005338e+02
233.00130211069677	3.005543e+02
234.001698960598503	3.005714e+02
235.000597990278322	3.005862e+02
236.001193587127887	3.005991e+02
237.000556169397072	3.006110e+02
238.001863471893813	3.006236e+02
239.002111919382003	3.006392e+02
240.001418570662111	3.006596e+02
240.999928434963607	3.006822e+02
242.000753346005581	3.007051e+02
243.000790839895984	3.007290e+02
244.000120610590187	3.007584e+02
245.0016559814066	3.007980e+02
246.000482859716641	3.008499e+02
246.99990715638009	3.009133e+02
247.999403010268622	3.009863e+02
249.001563930534189	3.010636e+02
249.99991638000995	3.011372e+02
251.00124377511591	3.012019e+02
252.000612908785769	3.012572e+02
253.001586776589619	3.013010e+02
254.001036030762123	3.013301e+02
254.999975551401036	3.013450e+02
256.000901604547437	3.013486e+02
257.000429744924418	3.013440e+02
258.001671223638084	3.013310e+02
259.001589548794925	3.013087e+02
260.000266655218695	3.012763e+02
261.000969535167712	3.012299e+02
262.000494430921947	3.011652e+02
263.002051357954429	3.010844e+02
263.999663054152222	3.010011e+02
264.999816340629877	3.009295e+02
265.999646482167861	3.008738e+02
266.999122460407477	3.008335e+02
268.001488989346399	3.008064e+02
269.000493605175279	3.007913e+02
270.001990224823089	3.007884e+02
270.999337872084311	3.007966e+02
272.001339823267472	3.008111e+02
273.001474013986467	3.008255e+02
273.999720630411105	3.008321e+02
274.999301622459257	3.008265e+02
276.00038858779908	3.008113e+02
277.000037429810845	3.007876e+02
277.99913815271151	3.007514e+02
279.001896234752223	3.007040e+02
279.999861762659407	3.006582e+02
280.999488359605721	3.006225e+02
282.000390167863145	3.006015e+02
283.001987050804189	3.005903e+02
284.000403045574728	3.005805e+02
285.001459538132849	3.005702e+02
286.001911629869539	3.005631e+02
287.001710184502201	3.005587e+02
288.000877315806576	3.005586e+02
288.999535921458005	3.005661e+02
290.000849147452925	3.005757e+02
291.001784583192489	3.005825e+02
291.999470265078116	3.005885e+02
293.000350726228248	3.005924e+02
294.001453998386921	3.005916e+02
294.99966250983897	3.005920e+02
296.001136649546311	3.006003e+02
296.999687551871489	3.006129e+02
298.001247068601629	3.006252e+02
298.999548585051969	3.006388e+02
300.000750059626967	3.006513e+02
301.001680673730334	3.006566e+02
301.999163971664927	3.006601e+02
302.999367282612582	3.006671e+02
303.999165754537898	3.006719e+02
305.001521887055901	3.006739e+02
306.000375119051853	3.006784e+02
307.001951876416115	3.006834e+02
308.000142042528466	3.006866e+02
309.001212895246681	3.006924e+02
309.999178614301854	3.007008e+02
311.000144539620237	3.007084e+02
312.001033491892031	3.007181e+02
313.001930242594824	3.007312e+02
313.999795573081769	3.007418e+02
315.000737111554429	3.007479e+02
316.001795102997278	3.007526e+02
317.00001860641413	3.007554e+02
318.001569055336915	3.007551e+02
319.000370431756608	3.007543e+02
319.999538897728996	3.007537e+02
321.002128177021007	3.007511e+02
322.001976849831294	3.007472e+02
323.002194787671499	3.007445e+02
323.999791101614449	3.007424e+02
325.000926405668565	3.007406e+02
325.999464392117318	3.007418e+02
327.001583740419449	3.007483e+02
328.001120124628414	3.007580e+02
329.001056924662748	3.007694e+02
330.001316807607054	3.007836e+02
331.001922953082271	3.008008e+02
331.999820607277798	3.008187e+02
333.001108668105701	3.008354e+02
333.999592450065279	3.008537e+02
335.001430012474145	3.008747e+02
336.000445902539866	3.008931e+02
336.999658818477883	3.009054e+02
338.002156064041969	3.009146e+02
339.001851563835544	3.009227e+02
340.001899743984723	3.009264e+02
340.999156465230499	3.009260e+02
341.999853923984119	3.009273e+02
343.000704997008711	3.009314e+02
344.001376858938784	3.009313e+02
345.00203887706607	3.009279e+02
345.999955215504826	3.009289e+02
347.000522663162087	3.009318e+02
348.000200029152836	3.009318e+02
349.000522755694988	3.009332e+02
350.001253613143035	3.009387e+02
351.000624273237918	3.009412e+02
351.999435802063715	3.009416e+02
353.002196744729815	3.009481e+02
354.001070048515999	3.009544e+02
355.001641036799754	3.009541e+02
355.999599629701663	3.009560e+02
357.000540487227624	3.009610e+02
358.000075444862205	3.009620e+02
358.999302800154226	3.009612e+02
360.001709987803054	3.009628e+02
361.000074298292702	3.009620e+02
362.000859290272558	3.009570e+02
363.001622746756937	3.009522e+02
364.001832563596452	3.009477e+02
365.001535463384243	3.009413e+02
366.00131467837474	3.009345e+02
367.00110538924082	3.009284e+02
368.000736030787152	3.009221e+02
369.000275218586978	3.009168e+02
369.999824276884169	3.009155e+02
370.999426774194205	3.009169e+02
372.002080612393968	3.009181e+02
373.001588932385062	3.009210e+02
374.001081446833666	3.009278e+02
375.000626116571937	3.009362e+02
376.000218547876443	3.009450e+02
376.999910591726973	3.009553e+02
377.999797780145002	3.009660e+02
378.999906813743962	3.009749e+02
380.000244808336674	3.009830e+02
381.000865619572778	3.009931e+02
382.001806304484546	3.010018e+02
382.999946272056377	3.010070e+02
384.001355606036498	3.010111e+02
384.99985631053687	3.010159e+02
386.0015402976166	3.010188e+02
387.000162701931743	3.010188e+02
388.001801501548812	3.010179e+02
389.000300444038373	3.010165e+02
390.001742707954349	3.010134e+02
390.99990443699852	3.010113e+02
392.000936197689441	3.010118e+02
393.00177492471073	3.010128e+02
393.999328852185783	3.010136e+02
394.999780108992752	3.010167e+02
396.000134804692266	3.010222e+02
397.00042004616688	3.010287e+02
398.000667031307955	3.010369e+02
399.000931769728538	3.010467e+02
400.001227470614424	3.010562e+02
401.001544797640236	3.010650e+02
402.001902596511854	3.010733e+02
402.999246021227464	3.010800e+02
403.999704245461601	3.010847e+02
405.000213976000339	3.010881e+02
406.000785726507388	3.010903e+02
407.001408508531085	3.010909e+02
408.002071314539194	3.010905e+02
408.999708595374841	3.010894e+02
410.000459919667492	3.010875e+02
411.001252828558734	3.010853e+02
412.002098628850092	3.010836e+02
412.999937502784405	3.010825e+02
414.000908309496879	3.010822e+02
415.001942485681127	3.010832e+02
415.999966713914432	3.010854e+02
417.001110452812043	3.010882e+02
417.999223947442431	3.010919e+02
419.000449839982025	3.010966e+02
420.001714127287812	3.011018e+02
420.999943618431587	3.011076e+02
422.001290078822194	3.011138e+02
422.999615985253001	3.011201e+02
424.001060314288623	3.011263e+02
424.999478222599919	3.011324e+02
426.001017745420938	3.011383e+02
426.999530720086625	3.011434e+02
428.001152874177365	3.011480e+02
428.999734515582077	3.011520e+02
430.001408625449528	3.011554e+02
431.000010340225799	3.011582e+02
432.001667839199797	3.011607e+02
433.000221815074497	3.011624e+02
434.001804251808949	3.011635e+02
435.000261415516377	3.011642e+02
436.001731095603191	3.011646e+02
437.000062707295285	3.011651e+02
438.001391866866186	3.011658e+02
438.999570770102707	3.011667e+02
440.000737846380048	3.011679e+02
441.00182111589163	3.011693e+02
441.999771361342766	3.011712e+02
443.000763413799177	3.011740e+02
444.001696459830953	3.011774e+02
444.999500435886944	3.011812e+02
446.00032752414711	3.011853e+02
447.001117645498596	3.011893e+02
448.001883226712721	3.011931e+02
448.999571098762033	3.011964e+02
450.00033578121878	3.011990e+02
451.00111711588346	3.012010e+02
452.001919501336943	3.012021e+02
452.999672442533097	3.012024e+02
454.000509144188925	3.012017e+02
455.001349657630726	3.012003e+02
456.002184940512961	3.011983e+02
456.999938224470498	3.011958e+02
458.000744652436538	3.011929e+02
459.001531729330225	3.011897e+02
459.999229727689283	3.011869e+02
460.999980922561065	3.011845e+02
462.000721221335311	3.011826e+02
463.001457879234579	3.011815e+02
464.002198438059679	3.011816e+02
464.999883907378376	3.011829e+02
466.000675712563577	3.011853e+02
467.001515884230287	3.011884e+02
467.999330505639648	3.011920e+02
469.000266807748972	3.011959e+02
470.001261089356149	3.012000e+02
470.999245163364833	3.012038e+02
472.000360361590424	3.012071e+02
473.001534471459308	3.012099e+02
473.99969086704948	3.012119e+02
475.000964073942441	3.012132e+02
475.999201404603866	3.012137e+02
477.000533716233122	3.012134e+02
478.001873839315238	3.012122e+02
479.000134933457161	3.012104e+02
480.001446950719014	3.012083e+02
480.999654544415421	3.012059e+02
482.00089220139256	3.012033e+02
483.002083364948987	3.012006e+02
484.000154946090731	3.011982e+02
485.001249816296991	3.011962e+02
485.999230737996697	3.011944e+02
487.00024615858581	3.011935e+02
488.001234027089424	3.011935e+02
488.999135972829379	3.011944e+02
490.000107037485407	3.011961e+02
491.001090819159572	3.011982e+02
492.002101665974578	3.012007e+02
493.00008301340813	3.012034e+02
494.001188349803726	3.012063e+02
494.999284798957547	3.012091e+02
496.000521798226259	3.012117e+02
497.001832923759764	3.012139e+02
498.000146640750472	3.012158e+02
499.001605196865512	3.012172e+02
500.000061963698101	3.012181e+02
501.001655800322453	3.012185e+02
502.000234992100616	3.012185e+02
503.001937609868378	3.012181e+02
504.000610741995047	3.012176e+02
504.999319615887543	3.012169e+02
506.001131858100678	3.012162e+02
506.999897443339478	3.012157e+02
508.001760645684897	3.012155e+02
509.00057494393468	3.012155e+02
509.999413898640967	3.012158e+02
511.001351703648083	3.012164e+02
512.000243591651156	3.012174e+02
512.999166595937822	3.012188e+02
514.001198888276008	3.012208e+02
515.000197471901288	3.012231e+02
515.999240191230342	3.012257e+02
517.001404900109492	3.012284e+02
518.000546014341694	3.012312e+02
518.9997392945819	3.012340e+02
520.002060063838258	3.012366e+02
521.001358525883006	3.012389e+02
522.000709177407316	3.012409e+02
523.000105090532884	3.012424e+02
523.999529934207544	3.012434e+02
525.002084781041731	3.012440e+02
526.001622665853461	3.012442e+02
527.001171985616338	3.012440e+02
528.000721685101212	3.012436e+02
529.000262130536157	3.012431e+02
529.999796097172407	3.012427e+02
530.999318975361916	3.012422e+02
532.001899480313568	3.012417e+02
533.001399512774583	3.012414e+02
534.000900020699419	3.012415e+02
535.000404316961408	3.012420e+02
535.999921060856764	3.012429e+02
536.999458418444192	3.012441e+02
538.002103412542056	3.012456e+02
539.001714787084325	3.012473e+02
540.001366371732502	3.012491e+02
541.001061457090373	3.012510e+02
542.000809750296298	3.012528e+02
543.000609536481306	3.012545e+02
544.000457062784562	3.012561e+02
545.000356160035494	3.012574e+02
546.000305324828219	3.012585e+02
547.000296519477502	3.012594e+02
548.00032856348605	3.012601e+02
549.00039992437064	3.012606e+02
550.00050195823269	3.012607e+02
551.000628867013802	3.012607e+02
552.000778619984771	3.012604e+02
553.000945071355659	3.012600e+02
554.001124319738892	3.012595e+02
555.001316586008329	3.012590e+02
556.001519320644888	3.012586e+02
557.001731672484084	3.012583e+02
558.001954675918114	3.012581e+02
559.002190567552361	3.012581e+02
559.999362884992479	3.012583e+02
560.999630826612474	3.012587e+02
561.999920830554856	3.012593e+02
563.000235633839111	3.012600e+02
564.000576550278424	3.012609e+02
565.000944078801922	3.012619e+02
566.001337432372793	3.012628e+02
567.001755222184784	3.012637e+02
568.002196495543558	3.012645e+02
568.999580920182666	3.012652e+02
570.000062861669335	3.012657e+02
571.000563368208532	3.012660e+02
572.001080476734842	3.012662e+02
573.001612390215314	3.012662e+02
574.002157901395321	3.012661e+02
574.999637739490481	3.012660e+02
576.000208103055229	3.012657e+02
577.000790376419445	3.012654e+02
578.00138554894454	3.012651e+02
579.001995962862566	3.012648e+02
579.999544495687815	3.012645e+02
581.000190636220964	3.012643e+02
582.000857445269162	3.012641e+02
583.001547127940512	3.012640e+02
583.999183521675604	3.012639e+02
584.999926948589632	3.012640e+02
586.000700489218843	3.012641e+02
587.001506598911533	3.012643e+02
587.99926799382547	3.012645e+02
589.000145409217112	3.012648e+02
590.001061787678282	3.012652e+02
591.002019298079972	3.012656e+02
591.999939170705602	3.012659e+02
593.000983032244562	3.012663e+02
594.002072942547557	3.012667e+02
595.000129737546672	3.012670e+02
596.001316151765764	3.012673e+02
596.999472665188705	3.012676e+02
598.000761925122447	3.012678e+02
599.002104637616185	3.012679e+02
600.000419838153448	3.012680e+02
601.001870748756801	3.012681e+02
602.000295198039908	3.012682e+02
603.001856482751009	3.012682e+02
604.000391285519527	3.012682e+02
605.002064012870051	3.012682e+02
606.000709777146653	3.012682e+02
606.999409940374107	3.012683e+02
608.001245875481345	3.012683e+02
609.000049676068443	3.012683e+02
610.001977780122729	3.012684e+02
611.000845954300644	3.012684e+02
611.99973879132358	3.012685e+02
613.0017381606973	3.012686e+02
614.000676823116464	3.012688e+02
614.999639012873558	3.012691e+02
616.001711923290941	3.012695e+02
617.000734056203328	3.012699e+02
617.999790448542399	3.012705e+02
619.001965576661064	3.012712e+02
620.001094966328083	3.012718e+02
621.000264110250328	3.012722e+02
621.999473763055789	3.012725e+02
623.001807770423625	3.012726e+02
624.001097977880477	3.012727e+02
625.000428471307941	3.012727e+02
625.99979888765597	3.012726e+02
626.999206816023047	3.012725e+02
628.001734472853627	3.012723e+02
629.001210015546008	3.012720e+02
630.000717516821396	3.012718e+02
631.000256078500001	3.012715e+02
631.999825123270284	3.012715e+02
632.999426658020411	3.012715e+02
634.00214914754838	3.012715e+02
635.00182383606159	3.012716e+02
636.00153826904284	3.012717e+02
637.001295668469538	3.012718e+02
638.001098441052591	3.012718e+02
639.000949078242797	3.012718e+02
640.000852172062196	3.012717e+02
641.000811977679632	3.012716e+02
642.000826046606221	3.012715e+02
643.00088421093858	3.012714e+02
644.000987198982557	3.012712e+02
645.001135073950991	3.012710e+02
646.001327198662466	3.012707e+02
647.001564001378711	3.012704e+02
648.001846248315132	3.012701e+02
649.002175559720968	3.012697e+02
649.999466234982947	3.012693e+02
650.999894350096497	3.012689e+02
652.000373217148535	3.012685e+02
653.000902076524198	3.012680e+02
654.00147562295092	3.012675e+02
655.002088305455345	3.012670e+02
655.999648575967171	3.012664e+02
657.000332758057425	3.012659e+02
658.0010501714155	3.012654e+02
659.001800652544148	3.012648e+02
659.99949457924231	3.012642e+02
661.00031023942654	3.012635e+02
662.001159454296953	3.012627e+02
663.002044136727022	3.012617e+02
663.999875970023027	3.012606e+02
665.000834738074445	3.012594e+02
666.001832272214756	3.012582e+02
666.999780480688059	3.012569e+02
668.00086067640018	3.012557e+02
669.0019849067927	3.012544e+02
670.000066609870373	3.012530e+02
671.001289291633157	3.012516e+02
671.999475757621894	3.012502e+02
673.000807624938147	3.012488e+02
674.00218933117651	3.012472e+02
675.000530347012273	3.012455e+02
676.00201286504398	3.012437e+02
677.000455554626456	3.012416e+02
678.00203940307631	3.012394e+02
679.000578665894523	3.012370e+02
679.999162369956139	3.012345e+02
681.000880745148152	3.012318e+02
681.99954849522635	3.012291e+02
683.001348837939759	3.012265e+02
684.000098695633596	3.012239e+02
685.001982198614996	3.012214e+02
686.000816954055722	3.012190e+02
686.999697858463037	3.012166e+02
688.00171817598391	3.012143e+02
689.000696449352063	3.012119e+02
689.999727806012288	3.012095e+02
691.001907207350882	3.012070e+02
692.001049376099786	3.012044e+02
693.000249775258794	3.012016e+02
693.999509619646233	3.011987e+02
695.001924732240695	3.011957e+02
696.001309593331143	3.011927e+02
697.000760008039492	3.011895e+02
698.000278654198837	3.011864e+02
698.999867765049999	3.011834e+02
699.999528647373381	3.011806e+02
700.999261851223423	3.011779e+02
702.002166662328364	3.011752e+02
703.002048461605796	3.011724e+02
704.002016020040287	3.011694e+02
705.002067926577752	3.011661e+02
706.00220676286699	3.011627e+02
706.999339558774523	3.011592e+02
707.999660490636643	3.011555e+02
709.000074117678878	3.011518e+02
710.000580381524742	3.011480e+02
711.001179537292728	3.011441e+02
712.001873981621088	3.011401e+02
712.999567203269407	3.011361e+02
714.00045794582627	3.011319e+02
715.001450105897447	3.011279e+02
715.999448579511522	3.011239e+02
717.000655854154957	3.011201e+02
718.0019742138428	3.011164e+02
719.000305392174141	3.011128e+02
720.001852983587924	3.011091e+02
721.000416218402506	3.011054e+02
722.002200570993409	3.011016e+02
723.001008981241284	3.010976e+02
723.999950655311068	3.010934e+02
725.002133639869839	3.010892e+02
726.001353102790858	3.010848e+02
727.00071608947178	3.010803e+02
728.00022038558518	3.010757e+02
728.999871265919523	3.010709e+02
729.999674178006103	3.010661e+02
730.999624470423214	3.010614e+02
731.999723814716162	3.010568e+02
732.999981920546702	3.010520e+02
734.000399350975727	3.010471e+02
735.000982023089364	3.010424e+02
736.001751885511112	3.010375e+02
736.999619236443891	3.010320e+02
738.000802725583412	3.010260e+02
739.002187912777913	3.010197e+02
740.000664238488525	3.010131e+02
740.999335135875413	3.010064e+02
742.001306272409806	3.009995e+02
743.00035018367214	3.009927e+02
743.99957864434225	3.009860e+02
745.00209378730176	3.009794e+02
746.001656578055645	3.009732e+02
747.001380774958648	3.009673e+02
748.00126859852594	3.009617e+02
749.001303812227547	3.009564e+02
750.001478226125414	3.009512e+02
751.001804049645898	3.009460e+02
751.999170492685494	3.009408e+02
752.999809978551639	3.009359e+02
754.000617256708324	3.009312e+02
755.00160456231481	3.009264e+02
755.9996414509244	3.009214e+02
757.000951254417714	3.009163e+02
757.999294888358463	3.009109e+02
759.000917716026038	3.009054e+02
759.999566380384408	3.009001e+02
761.001471295675515	3.008948e+02
762.000398866962996	3.008894e+02
762.999480786557797	3.008840e+02
764.001828470308624	3.008787e+02
765.001191457607433	3.008734e+02
766.000702680357449	3.008679e+02
767.000354804227186	3.008624e+02
768.000129205270241	3.008571e+02
769.000031120643371	3.008517e+02
770.000070989382039	3.008461e+02
771.000232985301295	3.008406e+02
772.000507517313849	3.008352e+02
773.00091097560221	3.008297e+02
774.001447959901384	3.008243e+02
774.998969051475342	3.008192e+02
775.999733179126224	3.008139e+02
777.000628535097917	3.008085e+02
777.998511779941055	3.008033e+02
778.999625465291729	3.007982e+02
780.000852992181535	3.007929e+02
780.999067502251023	3.007876e+02
782.000501651750483	3.007823e+02
782.998890402950906	3.007769e+02
784.000510709332616	3.007713e+02
784.999095951145591	3.007656e+02
786.000885146906739	3.007599e+02
786.999626701129273	3.007542e+02
788.001601758150173	3.007483e+02
789.000530123687213	3.007424e+02
789.999530848230279	3.007365e+02
790.99862715721315	3.007307e+02
792.000951261299747	3.007246e+02
793.000211673519857	3.007187e+02
793.999551064803086	3.007130e+02
794.998993047389376	3.007073e+02
795.998539242270454	3.007019e+02
797.00121385970408	3.006965e+02
798.00083212691186	3.006909e+02
799.000522314330169	3.006854e+02
800.000250605756605	3.006800e+02
801.000017169912667	3.006745e+02
801.999842073571358	3.006690e+02
802.999706484609419	3.006632e+02
803.999582733291618	3.006575e+02
804.999482047756146	3.006518e+02
805.999415658781686	3.006460e+02
806.999351759117303	3.006401e+02
807.999274949151413	3.006341e+02
808.999208724711366	3.006285e+02
809.99914808867095	3.006228e+02
810.999056193766251	3.006169e+02
811.998932488494233	3.006112e+02
812.998803996338438	3.006059e+02
813.998654002002354	3.006005e+02
815.001579920991389	3.005949e+02
816.00133257523828	3.005896e+02
817.001074908216992	3.005846e+02
818.000771926080461	3.005795e+02
819.000393426636151	3.005741e+02
819.999981202322829	3.005691e+02
820.999550655257735	3.005631e+02
821.99903903299446	3.005576e+02
823.001566279714211	3.005525e+02
824.000924564271259	3.005457e+02
825.000221582081508	3.005388e+02
825.999382328954994	3.005337e+02
827.001587692406019	3.005277e+02
828.000627895948355	3.005201e+02
828.999551449502519	3.005149e+02
830.001467451544841	3.005103e+02
831.00021531107916	3.005037e+02
831.998895971035608	3.004974e+02
833.00053533753794	3.004933e+02
833.998955071971295	3.004891e+02
835.00047699596098	3.004833e+02
835.998715522652674	3.004798e+02
836.999930671296283	3.004772e+02
838.001123477570104	3.004730e+02
838.999081881752318	3.004698e+02
839.999970080385197	3.004681e+02
841.000794857779169	3.004655e+02
842.001560905365864	3.004619e+02
842.999001408825166	3.004602e+02
843.999452529910513	3.004586e+02
844.999872326116702	3.004548e+02
846.00012386627759	3.004527e+02
847.000222763155534	3.004513e+02
848.000292433634058	3.004485e+02
849.000242785677756	3.004460e+02
850.00002896157423	3.004444e+02
850.999761643604757	3.004427e+02
851.999393702273892	3.004407e+02
852.998859638489989	3.004389e+02
854.001360649677281	3.004374e+02
855.000657095778593	3.004358e+02
855.999813643532775	3.004344e+02
856.998873063266615	3.004332e+02
858.000986364875075	3.004320e+02
858.999868720381755	3.004311e+02
859.998649532608965	3.004303e+02
861.000471721768236	3.004292e+02
861.999066316743551	3.004282e+02
863.00067494956329	3.004271e+02
863.999087793853846	3.004259e+02
865.000544472149613	3.004245e+02
865.998803714020937	3.004232e+02
867.000122603809928	3.004220e+02
868.001384262134707	3.004210e+02
868.999472388112508	3.004204e+02
870.000643261292907	3.004198e+02
870.998667684868224	3.004193e+02
871.999782446837344	3.004188e+02
873.000874958462532	3.004180e+02
873.998827776105145	3.004171e+02
874.999872922336863	3.004161e+02
876.000892789683121	3.004149e+02
876.998770256755165	3.004136e+02
877.999739486612611	3.004123e+02
879.000683825170086	3.004108e+02
880.001608363271998	3.004093e+02
880.999396520939513	3.004078e+02
882.000287412664647	3.004062e+02
883.001169270520791	3.004046e+02
883.998928084996123	3.004031e+02
884.999805708670237	3.004016e+02
886.000690875077112	3.004002e+02
887.001587333905491	3.003989e+02
887.999378046442303	3.003977e+02
889.000298849841215	3.003964e+02
890.001227169192589	3.003951e+02
890.999038491454712	3.003938e+02
891.999963323031352	3.003924e+02
893.000877356106457	3.003909e+02
893.998656425749232	3.003894e+02
894.999532193965592	3.003878e+02
896.00038300383892	3.003861e+02
897.001206450445807	3.003844e+02
897.998883302916397	3.003826e+02
898.999649348573598	3.003808e+02
900.000386891797802	3.003790e+02
901.001097298132891	3.003772e+02
901.998664901937559	3.003753e+02
902.999325858317889	3.003735e+02
903.999963408500321	3.003717e+02
905.00057879198755	3.003699e+02
906.001172663939997	3.003681e+02
906.998627661731803	3.003662e+02
907.999177637872663	3.003642e+02
908.999704328773987	3.003621e+02
910.000205979892371	3.003598e+02
911.000680661403294	3.003574e+02
912.001126076367655	3.003548e+02
913.0015389069398	3.003521e+02
913.998800052091042	3.003492e+02
914.999140677978858	3.003462e+02
915.999443047825253	3.003432e+02
916.999706709535417	3.003401e+02
917.9999324325413	3.003371e+02
919.000120945214121	3.003342e+02
920.000274033838991	3.003314e+02
921.000394375183646	3.003287e+02
922.000485300970581	3.003262e+02
923.000549587474893	3.003238e+02
924.000590745406612	3.003215e+02
925.000611420237874	3.003193e+02
926.000613609053062	3.003171e+02
927.000599446097908	3.003149e+02
928.000569194498098	3.003126e+02
929.000522922412983	3.003104e+02
930.00045981055996	3.003081e+02
931.000378734565288	3.003057e+02
932.000279030365391	3.003033e+02
933.000160171714697	3.003009e+02
934.000022525270765	3.002985e+02
934.999867901941911	3.002961e+02
935.999698896975019	3.002939e+02
936.999519162073966	3.002917e+02
937.999332095546947	3.002897e+02
938.999141000032296	3.002878e+02
939.998949079595945	3.002860e+02
940.998758037671109	3.002843e+02
941.998568508800759	3.002826e+02
943.001495012791338	3.002810e+02
944.001307348309638	3.002793e+02
945.001117308138419	3.002775e+02
946.000922549333836	3.002756e+02
947.000718497132311	3.002737e+02
948.000501810637275	3.002716e+02
949.000268707143277	3.002695e+02
950.000015691923181	3.002672e+02
950.999740415221709	3.002649e+02
951.999440668327338	3.002626e+02
952.999114517718226	3.002603e+02
953.998760791102313	3.002580e+02
955.001492963863257	3.002557e+02
956.001082963674321	3.002535e+02
957.000645038631092	3.002514e+02
958.000178803099629	3.002494e+02
958.999682979672343	3.002474e+02
959.99915611341271	3.002453e+02
960.998596297893869	3.002433e+02
962.001114210052492	3.002411e+02
963.000481022976601	3.002389e+02
963.999807458572491	3.002366e+02
964.999090907294772	3.002342e+02
966.001442156829967	3.002317e+02
967.00063385017711	3.002291e+02
967.999778394348027	3.002264e+02
968.998876222372701	3.002237e+02
970.001041290887429	3.002209e+02
971.00005162988009	3.002182e+02
971.99902222709477	3.002155e+02
973.001068265900244	3.002128e+02
973.999968298627778	3.002102e+02
974.998835801962286	3.002077e+02
976.000783794113772	3.002051e+02
976.999589948280573	3.002025e+02
978.001478315908685	3.001999e+02
979.000227384655773	3.001973e+02
979.998950053329395	3.001946e+02
981.000759147816893	3.001919e+02
981.999433860136037	3.001891e+02
983.001198919287617	3.001863e+02
983.999833765523476	3.001835e+02
985.001562066623023	3.001807e+02
986.000163562993293	3.001778e+02
986.998750851895807	3.001749e+02
988.000436835688788	3.001721e+02
988.999001766113224	3.001693e+02
990.000669566239139	3.001665e+02
990.999220801870592	3.001638e+02
992.000879034973195	3.001611e+02
992.999424557068551	3.001585e+02
994.001079242855212	3.001558e+02
994.999621495325073	3.001532e+02
996.001272379075544	3.001506e+02
996.999808992381304	3.001479e+02
998.00145173852161	3.001452e+02
998.999978241237272	3.001425e+02
1000.00160959835716	3.001397e+02
1001.0001236260174	3.001369e+02
1001.99863129237235	3.001341e+02
1003.00024257300242	3.001313e+02
1003.99873512430747	3.001285e+02
1005.00032852015397	3.001257e+02
1005.99879928425139	3.001228e+02
1007.00036695508913	3.001200e+02
1007.99880919247039	3.001171e+02
1009.00034613438197	3.001143e+02
1009.99875574490147	3.001115e+02
1011.00025693841337	3.001087e+02
1011.99862805223597	3.001060e+02
1013.00008661249171	3.001032e+02
1014.00152002830805	3.001004e+02
1014.99981539430576	3.000975e+02
1016.00118991158695	3.000946e+02
1016.99942133770173	3.000917e+02
1018.00072743686451	3.000887e+02
1018.99888733657883	3.000857e+02
1020.0001194479787	3.000827e+02
1021.0013144051718	3.000797e+02
1021.99936417932599	3.000767e+02
1023.00048793499343	3.000737e+02
1024.00157635031769	3.000707e+02
1024.99951923650224	3.000677e+02
1026.00053376456799	3.000647e+02
1026.99840141366099	3.000617e+02
1027.99934028847269	3.000587e+02
1029.00024373670999	3.000557e+02
1029.99800516408482	3.000526e+02
1030.99884221824027	3.000495e+02
1031.99964671941939	3.000449e+02
1033.00041802231635	3.000400e+02
1033.99804952709655	3.000350e+02
1034.99875870898768	3.000300e+02
1035.99944064779402	3.000249e+02
1037.00009994695847	3.000200e+02
1038.00074205531064	3.000149e+02
1038.99826386522864	3.000099e+02
1039.99888329008604	3.000048e+02
1040.99949323576243	2.999997e+02
1042.00009334319179	2.999945e+02
1043.00068206451465	2.999893e+02
1043.99814967603993	2.999841e+02
1044.99870863692104	2.999788e+02
1045.99924781729806	2.999736e+02
1046.99976355174067	2.999685e+02
1048.00025367515536	2.999635e+02
1049.00071861765264	2.999588e+02
1049.99805381919327	2.999543e+02
1050.99847620815876	2.999499e+02
1051.99888214853831	2.999457e+02
1052.99927355657019	2.999415e+02
1053.9996523324719	2.999375e+02
1055.00002043905374	2.999335e+02
1056.00037971354323	2.999296e+02
1057.00073245915132	2.999256e+02
1057.99797295655617	2.999216e+02
1058.99831543682899	2.999175e+02
1059.99865196832684	2.999133e+02
1060.99898010463107	2.999091e+02
1061.99929558142412	2.999048e+02
1062.99959473043623	2.999005e+02
1063.99987413955296	2.998963e+02
1065.00013162082382	2.998922e+02
1066.0003666061491	2.998892e+02
1067.00058056368607	2.998865e+02
1068.00077596735809	2.998840e+02
1069.00095477978175	2.998815e+02
1069.99801178201983	2.998790e+02
1070.99815862411697	2.998765e+02
1071.99828564748941	2.998740e+02
1072.99838778802427	2.998714e+02
1073.99845913444005	2.998688e+02
1074.9984943237796	2.998661e+02
1075.99848998123457	2.998634e+02
1076.99844496008745	2.998607e+02
1077.99835962096631	2.998581e+02
1078.99823550914539	2.998555e+02
1079.99804283451908	2.998522e+02
1080.99777406137309	2.998495e+02
1081.99757889515672	2.998468e+02
1082.99736940244225	2.998442e+02
1083.997131230901	2.998415e+02
1084.99997233226168	2.998387e+02
1085.99968519321806	2.998358e+02
1086.99937344953241	2.998329e+02
1087.99903579596662	2.998299e+02
1088.99867164629632	2.998268e+02
1089.99828016497986	2.998237e+02
1090.99786207309512	2.998205e+02
1091.99741979769374	2.998174e+02
1092.99695453449795	2.998142e+02
1093.99957109156776	2.998109e+02
1094.99906341952942	2.998077e+02
1095.99853767852869	2.998044e+02
1096.99799652755314	2.998011e+02
1097.99744266236758	2.997978e+02
1098.99998253767399	2.997944e+02
1099.99941124372504	2.997908e+02
1100.99883557991279	2.997860e+02
1101.99825767902257	2.997810e+02
1102.99768014663232	2.997758e+02
1103.99710595075726	2.997705e+02
1104.99964161450657	2.997650e+02
1105.99908297351203	2.997595e+02
1106.99853713760399	2.997539e+02
1107.99800585816433	2.997482e+02
1108.9974892800883	2.997424e+02
1109.99698550838366	2.997366e+02
1110.9995967161592	2.997307e+02
1111.99911250392847	2.997248e+02
1112.99863366098452	2.997190e+02
1113.99815714160036	2.997132e+02
1114.99768068710409	2.997076e+02
1115.9972029713133	2.997020e+02
1116.99982721927131	2.996965e+02
1117.99934466068339	2.996911e+02
1118.99885918591713	2.996858e+02
1119.99837112821047	2.996805e+02
1120.99788002591595	2.996753e+02
1121.9973852182859	2.996702e+02
1122.99999101212848	2.996651e+02
1123.99948905605766	2.996601e+02
1124.99898330748624	2.996551e+02
1125.99847339668077	2.996501e+02
1126.99795813229139	2.996451e+02
1127.99743513206772	2.996401e+02
1129.00000566831295	2.996351e+02
1129.99945815789215	2.996302e+02
1130.99889325602135	2.996252e+02
1131.99830841874882	2.996234e+02
1133.00080490487903	2.996201e+02
1134.00017295241537	2.996167e+02
1134.99951269206895	2.996134e+02
1135.99882001690776	2.996100e+02
1136.9980899825764	2.996066e+02
1138.00042121801789	2.996032e+02
1138.99960350566766	2.995997e+02
1139.99873758961189	2.995964e+02
1141.00092542982816	2.995930e+02
1141.99996276609818	2.995898e+02
1142.99895494689849	2.995866e+02
1144.00100640711162	2.995835e+02
1144.99991575993818	2.995805e+02
1145.99878880975484	2.995775e+02
1147.0007313388096	2.995745e+02
1147.99954265645124	2.995715e+02
1148.99832711965564	2.995685e+02
1150.000187799591	2.995653e+02
1150.99892189105094	2.995612e+02
1152.00073346352883	2.995566e+02
1152.99942172058309	2.995518e+02
1153.99809208171928	2.995469e+02
1154.99985105495193	2.995419e+02
1155.99850184254683	2.995368e+02
1157.00025319591782	2.995316e+02
1157.99890694103397	2.995263e+02
1159.00066832192624	2.995209e+02
1159.99933451059292	2.995153e+02
1160.99800622983889	2.995096e+02
1161.9997834014282	2.995038e+02
1162.99846151705219	2.994979e+02
1164.00024126092603	2.994920e+02
1164.99891712956332	2.994860e+02
1166.00068994524736	2.994800e+02
1166.99935646339691	2.994741e+02
1167.9980188936504	2.994683e+02
1168.99978069425833	2.994625e+02
1169.9984467029667	2.994569e+02
1171.00022526371276	2.994515e+02
1171.99892255418968	2.994462e+02
1173.00074953688045	2.994410e+02
1173.99949361987819	2.994357e+02
1174.99825013742043	2.994304e+02
1176.00013710691951	2.994251e+02
1176.99895466628141	2.994197e+02
1178.00090672586907	2.994142e+02
1178.99978597725067	2.994087e+02
1179.99868844415846	2.994030e+02
1181.0007103556602	2.993974e+02
1181.99964151327413	2.993917e+02
1182.99858001971097	2.993861e+02
1184.00062515109835	2.993805e+02
1184.99957067028504	2.993750e+02
1185.99851899484156	2.993696e+02
1187.00057351632518	2.993642e+02
1187.99953059631616	2.993590e+02
1188.99849362446412	2.993538e+02
1190.00056565881141	2.993486e+02
1190.99954199423428	2.993435e+02
1191.99852380361835	2.993384e+02
1193.0006089512633	2.993331e+02
1193.99958603475943	2.993278e+02
1194.99855016271181	2.993224e+02
1196.00059544823239	2.993169e+02
1196.99950960317574	2.993114e+02
1197.99838901838962	2.993058e+02
1199.00033048155274	2.993003e+02
1199.99912615566609	2.992949e+02
1201.00097866831493	2.992895e+02
1201.99968382255634	2.992852e+02
1202.99834003880733	2.992815e+02
1204.000048194486	2.992777e+02
1204.99862036699483	2.992742e+02
1206.00026296274086	2.992706e+02
1206.99877532803589	2.992670e+02
1208.00035765685629	2.992635e+02
1208.99880374529289	2.992598e+02
1210.00030765006909	2.992561e+02
1210.99866048260742	2.992512e+02
1212.00005521470644	2.992459e+02
1212.99828645891466	2.992408e+02
1213.99955647530646	2.992370e+02
1215.00077473615215	2.992332e+02
1215.99885572998278	2.992295e+02
1217.00001534245234	2.992259e+02
1217.99807015916804	2.992223e+02
1218.99923182491011	2.992188e+02
1220.00040784604539	2.992152e+02
1220.99850238459476	2.992114e+02
1221.99971680765952	2.992065e+02
1223.0009526615288	2.992014e+02
1223.99911018558737	2.991960e+02
1225.00038901855055	2.991903e+02
1225.99859035402733	2.991844e+02
1226.99991543423243	2.991783e+02
1227.9981656946045	2.991721e+02
1228.9995445570305	2.991657e+02
1230.0009559124162	2.991593e+02
1230.99930306384226	2.991529e+02
1232.00079096131367	2.991465e+02
1232.99922256000877	2.991399e+02
1234.00080150474764	2.991334e+02
1234.99932704594016	2.991268e+02
1236.00100135483262	2.991202e+02
1236.99962158512949	2.991136e+02
1237.99828767946792	2.991070e+02
1239.00009935828234	2.991003e+02
1239.99885077281624	2.990935e+02
1241.00074088707311	2.990866e+02
1241.99955992815626	2.990798e+02
1242.99840375107306	2.990730e+02
1244.00036954211714	2.990662e+02
1244.99924899340976	2.990596e+02
1245.99814252710053	2.990530e+02
1247.00015233778663	2.990466e+02
1247.99907446850011	2.990405e+02
1248.99801245657409	2.990345e+02
1250.00006949212343	2.990286e+02
1250.99903874465963	2.990228e+02
1251.9980171517559	2.990171e+02
1253.00009871743578	2.990112e+02
1253.99906924520496	2.990054e+02
1254.99802171148099	2.989996e+02
1256.00004890617402	2.989938e+02
1256.99893735115597	2.989880e+02
1258.00088512359002	2.989823e+02
1258.99968529377657	2.989767e+02
1259.99843966837557	2.989713e+02
1261.00025147559381	2.989661e+02
1261.99892107124424	2.989609e+02
1263.00065423065553	2.989560e+02
1263.99925049751687	2.989512e+02
1265.0009135610826	2.989464e+02
1265.99944161575922	2.989417e+02
1266.99793565363575	2.989370e+02
1267.99949549814323	2.989323e+02
1268.99791731754135	2.989276e+02
1269.9993999202743	2.989228e+02
1271.00083948422684	2.989180e+02
1271.99913290560312	2.989132e+02
1273.00047962419103	2.989083e+02
1273.99868037886404	2.989045e+02
1274.99993909200953	2.989008e+02
1275.99806137866858	2.988972e+02
1276.99925376117221	2.988937e+02
1278.00042350549757	2.988902e+02
1278.99847846206808	2.988868e+02
1279.9996250331501	2.988836e+02
1281.00076718556329	2.988796e+02
1281.99880365085437	2.988756e+02
1282.99993413125026	2.988716e+02
1283.99796679431188	2.988676e+02
1284.99911057220856	2.988634e+02
1286.00027752006417	2.988591e+02
1286.99837975066725	2.988546e+02
1287.99962550355622	2.988500e+02
1289.0009215487255	2.988454e+02
1289.99917414749689	2.988405e+02
1291.00058816401247	2.988355e+02
1291.99896510465373	2.988304e+02
1293.00051009187996	2.988250e+02
1293.9990221543444	2.988195e+02
1295.0006992244821	2.988140e+02
1295.99933696642756	2.988083e+02
1296.99803311771893	2.988025e+02
1297.99988504428347	2.987966e+02
1298.99868789046354	2.987906e+02
1300.00064337446429	2.987846e+02
1300.99954346376671	2.987786e+02
1301.99848729543987	2.987725e+02
1303.00057421883002	2.987664e+02
1303.99959571877844	2.987603e+02
1304.99865258077125	2.987543e+02
1306.00084756155638	2.987483e+02
1306.99997568614435	2.987423e+02
1307.99914038046791	2.987364e+02
1308.99834180037737	2.987304e+02
1310.00068060740341	2.987245e+02
1310.99994679110318	2.987186e+02
1311.99923955881809	2.987127e+02
1312.99855416577725	2.987068e+02
1314.00098871274236	2.987008e+02
1315.00033118233068	2.986950e+02
1315.99968035228039	2.986892e+02
1316.99903062470958	2.986834e+02
1317.99837596639827	2.986778e+02
1319.00081431395529	2.986723e+02
1320.00013219435982	2.986668e+02
1320.99942818310433	2.986614e+02
1321.99869978614174	2.986562e+02
1322.99794457855933	2.986509e+02
1324.00026133372853	2.986457e+02
1324.99944066448029	2.986407e+02
1325.9985875870309	2.986359e+02
1327.00080828060459	2.986310e+02
1327.99989652433896	2.986262e+02
1328.99895469004514	2.986217e+02
1329.99798759769919	2.986172e+02
1331.00009817108776	2.986125e+02
1331.99907272872133	2.986080e+02
1332.9980161248659	2.986038e+02
1334.00004250575012	2.985994e+02
1334.99894359480732	2.985950e+02
1336.00092217373071	2.985910e+02
1336.99978862095145	2.985868e+02
1337.99864279015287	2.985824e+02
1339.00057781168721	2.985783e+02
1339.99939990603571	2.985741e+02
1340.99821403393571	2.985698e+02
1342.00011797293246	2.985658e+02
1342.99891625323062	2.985617e+02
1344.00081712779388	2.985575e+02
1344.99961532945053	2.985535e+02
1345.99841945113303	2.985494e+02
1347.00033626975369	2.985453e+02
1347.9991612664146	2.985413e+02
1348.99800061232236	2.985373e+02
1349.99995843046486	2.985332e+02
1350.99882884485237	2.985290e+02
1352.00081784367558	2.985250e+02
1352.99972466956524	2.985208e+02
1353.99865292872482	2.985167e+02
1355.00070862963616	2.985125e+02
1355.99969133071227	2.985082e+02
1356.99870541472819	2.985041e+02
1358.00085484322972	2.984998e+02
1358.99993565592968	2.984955e+02
1359.99904835064194	2.984913e+02
1360.99819117085349	2.984868e+02
1362.00046895444302	2.984826e+02
1362.9996744606367	2.984781e+02
1363.99890983446517	2.984736e+02
1364.99817625000514	2.984691e+02
1366.00057675993003	2.984644e+02
1366.99990367562941	2.984597e+02
1367.9992590363438	2.984549e+02
1368.99864066007058	2.984501e+02
1369.99804663080772	2.984452e+02
1371.00057959637684	2.984402e+02
1372.00002990975213	2.984352e+02
1372.9995002470821	2.984302e+02
1373.99899004972622	2.984250e+02
1374.99849884930177	2.984198e+02
1375.99802611657037	2.984144e+02
1377.0006751514743	2.984090e+02
1378.00023421828473	2.984036e+02
1378.99980186620587	2.983981e+02
1379.99937287725652	2.983925e+02
1380.99894108755052	2.983869e+02
1381.99850130410346	2.983814e+02
1382.99804987963262	2.983758e+02
1384.00068734541537	2.983703e+02
1385.0002043187983	2.983648e+02
1385.99970579036994	2.983594e+02
1386.99919015351657	2.983540e+02
1387.9986536510246	2.983487e+02
1388.99809272032599	2.983435e+02
1390.00060974385337	2.983383e+02
1390.99999660132357	2.983332e+02
1391.99935726255489	2.983282e+02
1392.99869173706816	2.983232e+02
1393.9979991575558	2.983184e+02
1395.00037999900633	2.983136e+02
1395.99962390962583	2.983089e+02
1396.99883211560154	2.983043e+02
1397.99800414250876	2.982999e+02
1399.00024344831309	2.982955e+02
1399.99934490739838	2.982912e+02
1400.9984116419314	2.982871e+02
1402.00054648821447	2.982831e+02
1402.99954453430087	2.982792e+02
1403.99850834173913	2.982754e+02
1405.00053967198528	2.982717e+02
1405.99943391035413	2.982681e+02
1406.99829450752236	2.982646e+02
1408.00022814772478	2.982611e+02
1408.99903329382164	2.982577e+02
1410.00091412937172	2.982544e+02
1410.99966626340984	2.982511e+02
1411.9983906948205	2.982478e+02
1413.00019518133809	2.982445e+02
1413.99888386547832	2.982412e+02
1415.00066595208682	2.982379e+02
1415.99934766114984	2.982345e+02
1416.9980370354624	2.982310e+02
1417.99983869231846	2.982274e+02
1418.99855226288651	2.982237e+02
1420.00038617582095	2.982198e+02
1420.99914001706429	2.982157e+02
1421.99792000870934	2.982115e+02
1422.99982909249775	2.982071e+02
1423.99866679425713	2.982026e+02
1425.00064067122162	2.981979e+02
1425.99955111646295	2.981930e+02
1426.99850618558708	2.981879e+02
1428.00061483366107	2.981826e+02
1428.99967494484235	2.981771e+02
1429.99878924253017	2.981714e+02
1430.99795362734608	2.981655e+02
1432.00026670837451	2.981593e+02
1432.99951741945915	2.981530e+02
1433.99880633259363	2.981466e+02
1434.99813322529735	2.981400e+02
1436.00060118761689	2.981332e+02
1437.00000441811471	2.981264e+02
1437.99944825605439	2.981195e+02
1438.99893273974135	2.981124e+02
1439.99845539545322	2.981053e+02
1440.99801166552561	2.980981e+02
1442.00069993741477	2.980908e+02
1443.00030417449284	2.980835e+02
1443.99992098048074	2.980761e+02
1444.99954376078949	2.980688e+02
1445.99916897508547	2.980615e+02
1446.99879542122426	2.980542e+02
1447.99842022787266	2.980470e+02
1448.99803658171481	2.980398e+02
1450.00074251822184	2.980326e+02
1451.00032547006595	2.980256e+02
1451.99989047009171	2.980187e+02
1452.99943915289964	2.980119e+02
1453.99897263919183	2.980052e+02
1454.99849251259775	2.979987e+02
1455.99799841150116	2.979922e+02
1457.00059184705924	2.979858e+02
1458.00006146936698	2.979795e+02
1458.99950821755465	2.979734e+02
1459.99892970872861	2.979674e+02
1460.99832273732682	2.979614e+02
1462.00078713971266	2.979556e+02
1463.00011302539178	2.979499e+02
1463.99940313452635	2.979444e+02
1464.99865863753894	2.979390e+02
1466.00098595879172	2.979337e+02
1467.00018237721974	2.979286e+02
1467.99935405881047	2.979236e+02
1468.99850226643298	2.979187e+02
1470.00072925667791	2.979139e+02
1470.99982757685984	2.979091e+02
1471.9988974616665	2.979045e+02
1472.99793641740439	2.978999e+02
1474.00004542403713	2.978953e+02
1474.99902393116145	2.978908e+02
1475.99798331380998	2.978863e+02
1477.00003275532003	2.978818e+02
1477.99896764514278	2.978772e+02
1479.00098971328089	2.978726e+02
1479.99989016698669	2.978679e+02
1480.9987717291865	2.978632e+02
1482.00074561971337	2.978585e+02
1482.99962385314484	2.978538e+02
1483.99852982484094	2.978490e+02
1485.00058344117451	2.978441e+02
1485.99959041304328	2.978390e+02
1486.99865669960923	2.978338e+02
1488.00088243404866	2.978283e+02
1489.00005568623578	2.978226e+02
1489.99927060181244	2.978168e+02
1490.99852111164478	2.978108e+02
1492.00090713276791	2.978046e+02
1493.00022362862455	2.977983e+02
1493.99958070080538	2.977920e+02
1494.99898601783889	2.977855e+02
1495.99844407874298	2.977788e+02
1496.99795267212198	2.977720e+02
1498.00061017970302	2.977650e+02
1499.00020024652781	2.977578e+02
1499.99982124123744	2.977505e+02
1500.9994711555787	2.977432e+02
1501.99915476841147	2.977358e+02
1502.99888210405743	2.977283e+02
1503.99866218352054	2.977207e+02
1504.99850046269671	2.977131e+02
1505.99839741814117	2.977053e+02
1506.99834498102905	2.976973e+02
1507.99832982226803	2.976893e+02
1508.99834377057755	2.976812e+02
1509.9983812867863	2.976731e+02
1510.99843940311575	2.976650e+02
1511.99851754542328	2.976569e+02
1512.99862037456728	2.976489e+02
1513.99875680543801	2.976410e+02
1514.99893992752845	2.976331e+02
1515.99916719891712	2.976252e+02
1516.99943167005972	2.976173e+02
1517.99971705804433	2.976094e+02
1519.00000507093364	2.976016e+02
1520.00028064636444	2.975939e+02
1521.00054344655064	2.975863e+02
1522.00080604227378	2.975789e+02
1522.99797203784647	2.975717e+02
1523.9982617297137	2.975646e+02
1524.99857104828561	2.975576e+02
1525.99889287421797	2.975506e+02
1526.99920744121346	2.975438e+02
1527.99949332756796	2.975371e+02
1528.99972890828735	2.975306e+02
1529.99989843304297	2.975244e+02
1530.99999660623575	2.975184e+02
1532.00002834752672	2.975127e+02
1533.0000056497388	2.975072e+02
1533.99994379792724	2.975019e+02
1534.99985489382766	2.974967e+02
1535.99974107227354	2.974916e+02
1536.99959318218407	2.974865e+02
1537.9993945457486	2.974815e+02
1538.99912737611771	2.974765e+02
1539.99878050831308	2.974717e+02
1540.99835962920133	2.974670e+02
1542.0009963747616	2.974624e+02
1543.00051612376092	2.974580e+02
1544.00004650489836	2.974535e+02
1544.99959031082108	2.974490e+02
1545.99913767881571	2.974444e+02
1546.99866683407481	2.974396e+02
1547.99815230633658	2.974347e+02
1549.00068285709017	2.974298e+02
1550.00005989398483	2.974250e+02
1550.99940805667757	2.974202e+02
1551.99875115231362	2.974153e+02
1552.99810340256977	2.974104e+02
1554.00057779378039	2.974053e+02
1554.99996085500288	2.974000e+02
1555.99934013623056	2.973945e+02
1556.99870004641639	2.973888e+02
1557.99802508664197	2.973829e+02
1559.00040351372286	2.973770e+02
1559.99962961638175	2.973709e+02
1560.99883185458475	2.973647e+02
1561.99804665354827	2.973585e+02
1563.00040512244777	2.973521e+02
1563.99971697969067	2.973455e+02
1564.99910425874737	2.973386e+02
1565.99856707239883	2.973315e+02
1566.99807599091628	2.973241e+02
1568.00070774537676	2.973163e+02
1569.00026169563853	2.973084e+02
1569.99985397141518	2.973006e+02
1570.99947455884217	2.972925e+02
1571.99913249478072	2.972841e+02
1572.99887431463685	2.972758e+02
1573.99872674321773	2.972675e+02
1574.99867493132228	2.972589e+02
1575.99869628956208	2.972498e+02
1576.99876896870296	2.972409e+02
1577.99887053899829	2.972320e+02
1578.99898700611743	2.972227e+02
1579.99911920877094	2.972136e+02
1580.99929604950307	2.972049e+02
1581.99954333203823	2.971959e+02
1582.99986456861598	2.971870e+02
1584.00026526690181	2.971784e+02
1585.00074982126171	2.971696e+02
1585.99819811651037	2.971607e+02
1586.99880664137254	2.971522e+02
1587.99945226420368	2.971437e+02
1589.0001050525093	2.971352e+02
1590.0007417046229	2.971270e+02
1590.99824813146188	2.971189e+02
1591.99884023885124	2.971110e+02
1592.99942972519125	2.971034e+02
1594.00002958172672	2.970959e+02
1595.00064829070243	2.970886e+02
1595.99818229142693	2.970815e+02
1596.99883056767135	2.970745e+02
1597.99946764110496	2.970675e+02
1599.00008495377551	2.970608e+02
1600.00067270199793	2.970542e+02
1600.99811693056563	2.970477e+02
1601.99863573761127	2.970415e+02
1602.99912012433379	2.970353e+02
1603.99955882001245	2.970293e+02
1604.99994378683573	2.970234e+02
1606.00026089057701	2.970177e+02
1607.00048996083433	2.970121e+02
1608.00061823184706	2.970068e+02
1609.00063726449798	2.970017e+02
1610.0005459719514	2.969968e+02
1611.00035693762493	2.969922e+02
1612.00008533486721	2.969878e+02
1612.99974030925409	2.969835e+02
1613.99933008162088	2.969792e+02
1614.99885544376457	2.969748e+02
1615.99829926410507	2.969704e+02
1617.00074608381328	2.969658e+02
1617.99999151333782	2.969612e+02
1618.99916022374327	2.969567e+02
1619.99827274183122	2.969521e+02
1621.00046467299944	2.969475e+02
1621.99955921158471	2.969428e+02
1622.99868939079943	2.969380e+02
1624.00096420526552	2.969330e+02
1625.0001752008875	2.969277e+02
1625.99941093398934	2.969223e+02
1626.99864202277604	2.969165e+02
1628.00095094900098	2.969105e+02
1629.00012708075269	2.969044e+02
1629.99926862994425	2.968980e+02
1630.99839600341625	2.968915e+02
1632.00064545422356	2.968847e+02
1632.999830789101	2.968778e+02
1633.99906500187512	2.968705e+02
1634.99834936202728	2.968630e+02
1636.00077795229117	2.968551e+02
1637.00013341642921	2.968470e+02
1637.99951203272235	2.968387e+02
1638.99891425364126	2.968302e+02
1639.99835136539605	2.968215e+02
1641.00094891576464	2.968126e+02
1642.00052419316467	2.968035e+02
1643.00020450171905	2.967941e+02
1643.99999952621715	2.967845e+02
1644.99990031811558	2.967747e+02
1645.9998853409802	2.967645e+02
1646.99992774030056	2.967542e+02
1648.00000741580061	2.967439e+02
1649.00012525584066	2.967336e+02
1650.0003044318978	2.967234e+02
1651.00057667982696	2.967133e+02
1652.00097306798943	2.967033e+02
1652.9984012384748	2.966932e+02
1653.99906609368327	2.966830e+02
1654.9998186113578	2.966726e+02
1656.00059973348289	2.966622e+02
1656.99825718648094	2.966520e+02
1657.99898360932161	2.966419e+02
1658.99966849767975	2.966320e+02
1660.00032889122303	2.966225e+02
1661.00098436380154	2.966133e+02
1661.99854619226448	2.966043e+02
1662.99925115638712	2.965955e+02
1664.00001017106456	2.965869e+02
1665.00081724871029	2.965784e+02
1665.99854239466185	2.965700e+02
1666.99936593392567	2.965617e+02
1668.00013978533343	2.965534e+02
1669.00085085916248	2.965453e+02
1669.99840096049707	2.965375e+02
1670.99901862720822	2.965299e+02
1671.9996011514902	2.965225e+02
1673.00014282323718	2.965154e+02
1674.00062690990535	2.965086e+02
1674.99793006669779	2.965020e+02
1675.99825913159702	2.964958e+02
1676.9985159332075	2.964899e+02
1677.99873305586266	2.964844e+02
1678.99894984492721	2.964791e+02
1679.9991844537949	2.964739e+02
1680.99942100389649	2.964687e+02
1681.99961178412059	2.964633e+02
1682.99969481212179	2.964579e+02
1683.99961417643317	2.964526e+02
1684.99933732720092	2.964474e+02
1685.99886835550888	2.964426e+02
1686.99826333853071	2.964380e+02
1688.00070195106059	2.964338e+02
1689.00002689868484	2.964297e+02
1689.99935696480293	2.964255e+02
1690.99869182296447	2.964211e+02
1691.99802643554904	2.964165e+02
1693.00044817745015	2.964117e+02
1693.9997459726842	2.964066e+02
1694.99903910307034	2.964013e+02
1695.99833840348583	2.963956e+02
1697.00075316265634	2.963896e+02
1698.00007672925381	2.963831e+02
1698.99939518658698	2.963763e+02
1699.99868049662655	2.963692e+02
1700.99791381765954	2.963618e+02
1702.00018950024923	2.963544e+02
1702.99931216928599	2.963469e+02
1703.99841821405221	2.963394e+02
1705.00066237152009	2.963318e+02
1705.99989378959776	2.963241e+02
1706.99925281337846	2.963160e+02
1707.99875871085374	2.963076e+02
1708.9984074327424	2.962987e+02
1709.99817324317451	2.962893e+02
1710.99800487291645	2.962794e+02
1712.00095314679879	2.962692e+02
1713.00077544386886	2.962588e+02
1714.00057550727479	2.962483e+02
1715.00038130945882	2.962379e+02
1716.00023802081137	2.962276e+02
1717.00019297839776	2.962174e+02
1718.00027819476122	2.962072e+02
1719.00050654086658	2.961969e+02
1720.00087646197721	2.961866e+02
1720.99825701122109	2.961761e+02
1721.99882484980481	2.961655e+02
1722.99944642589753	2.961548e+02
1724.00010876766851	2.961441e+02
1725.0007972407634	2.961332e+02
1725.99838250384119	2.961221e+02
1726.99907796378784	2.961110e+02
1727.99979450504793	2.961000e+02
1729.00054098330065	2.960890e+02
1729.99817993578563	2.960782e+02
1730.9988351227255	2.960674e+02
1731.99930843447328	2.960569e+02
1732.99960140813437	2.960470e+02
1733.99981711714031	2.960377e+02
1735.00010576322961	2.960290e+02
1736.00061319661063	2.960205e+02
1736.99831962602411	2.960118e+02
1737.99942471794657	2.960025e+02
1739.00069142894085	2.959926e+02
1739.99879142569853	2.959823e+02
1740.99972082434397	2.959720e+02
1742.0002595753615	2.959627e+02
1743.00042499239476	2.959551e+02
1744.00033711463016	2.959481e+02
1745.00020420483202	2.959420e+02
1746.00020305081262	2.959370e+02
1747.00044924191297	2.959315e+02
1748.00098229104992	2.959260e+02
1748.99862559907751	2.959202e+02
1749.99937443698445	2.959140e+02
1750.99993341300956	2.959076e+02
1752.00020452842364	2.959012e+02
1753.00018539774965	2.958949e+02
1753.99995722605786	2.958889e+02
1754.99965172305224	2.958831e+02
1755.99937420901142	2.958773e+02
1756.99918398843283	2.958714e+02
1757.99905727546616	2.958656e+02
1758.99890197778745	2.958597e+02
1759.99861603758336	2.958540e+02
1760.99815084045258	2.958485e+02
1762.00064772574046	2.958433e+02
1763.00000454708311	2.958383e+02
1763.99944313344577	2.958332e+02
1764.99905837673236	2.958278e+02
1765.99888355959615	2.958216e+02
1766.99884729628457	2.958147e+02
1767.99883162080027	2.958069e+02
1768.99871689796737	2.957988e+02
1769.99837543997342	2.957907e+02
1771.00083206083377	2.957827e+02
1771.99993232871066	2.957754e+02
1772.99891571185594	2.957687e+02
1773.9979439962824	2.957623e+02
1775.00028853091226	2.957560e+02
1775.99985701588776	2.957494e+02
1776.9997644951352	2.957422e+02
1777.99990352173882	2.957341e+02
1779.00007262439976	2.957251e+02
1780.00005311805398	2.957154e+02
1780.99972359915159	2.957055e+02
1781.99911606461114	2.956958e+02
1782.99838244358966	2.956864e+02
1784.000824727397	2.956771e+02
1785.00041188977411	2.956676e+02
1786.00031015063769	2.956578e+02
1787.00047433238024	2.956473e+02
1788.00079576195844	2.956364e+02
1788.99804110645005	2.956252e+02
1789.99833056785428	2.956140e+02
1790.99854521824045	2.956028e+02
1791.99875201646159	2.955917e+02
1792.99905301074273	2.955805e+02
1793.99956153303106	2.955692e+02
1795.00037569769552	2.955575e+02
1795.99842001382149	2.955454e+02
1796.99984002621409	2.955327e+02
1797.99821822073977	2.955195e+02
1798.99947944337873	2.955060e+02
1800.00027864572485	2.954929e+02
1801.00056012321079	2.954818e+02
1802.00048960482559	2.954721e+02
1803.00033879808689	2.954635e+02
1804.00034899565208	2.954558e+02
1805.00070417638608	2.954477e+02
1805.99834349052003	2.954392e+02
1806.99936069278101	2.954297e+02
1808.0004092353056	2.954193e+02
1808.99812186720555	2.954084e+02
1809.99854570925777	2.953978e+02
1810.99856121576249	2.953888e+02
1811.99830226419863	2.953807e+02
1812.99798186818407	2.953736e+02
1814.00089884028694	2.953663e+02
1815.00095200638179	2.953590e+02
1815.99812846920872	2.953515e+02
1816.9985271850544	2.953438e+02
1817.99889735535976	2.953361e+02
1818.99913309599242	2.953286e+02
1819.99921614260279	2.953215e+02
1820.99922274400001	2.953147e+02
1821.9992828819145	2.953079e+02
1822.9994983329093	2.953009e+02
1823.99987717613885	2.952934e+02
1825.00031684566693	2.952854e+02
1826.00063631033709	2.952772e+02
1827.00065115859502	2.952692e+02
1828.0002588480736	2.952622e+02
1828.999521290345	2.952564e+02
1829.9986634692209	2.952515e+02
1830.99798581434948	2.952475e+02
1832.00082425095457	2.952432e+02
1832.99794337922572	2.952384e+02
1833.99852546420016	2.952325e+02
1834.99916815684355	2.952254e+02
1835.99950287222032	2.952175e+02
1836.99926197810851	2.952095e+02
1837.99845557101821	2.952027e+02
1839.0004610645974	2.951965e+02
1839.99946844884767	2.951914e+02
1840.99889490637406	2.951863e+02
1841.99882978537903	2.951803e+02
1842.99915568361689	2.951731e+02
1843.99962394086606	2.951648e+02
1844.9999339175306	2.951559e+02
1845.99984691075065	2.951470e+02
1846.99937196937162	2.951392e+02
1847.99875222213336	2.951321e+02
1848.9983355002023	2.951253e+02
1849.99841663746088	2.951176e+02
1850.99907064851641	2.951089e+02
1852.00023379756112	2.950986e+02
1852.99850626381544	2.950868e+02
1853.99957871549464	2.950739e+02
1855.00004137674819	2.950602e+02
1855.99993206196245	2.950483e+02
1856.99962127416029	2.950382e+02
1857.99947772035603	2.950285e+02
1858.99983540032395	2.950183e+02
1860.00087601343103	2.950066e+02
1860.99940074094002	2.949942e+02
1861.99821972287737	2.949804e+02
1862.99985620170742	2.949652e+02
1864.00073654599191	2.949500e+02
1865.00079823534224	2.949371e+02
1866.00023590001365	2.949262e+02
1866.99936799980014	2.949161e+02
1867.99851343587943	2.949055e+02
1869.0009532396025	2.948936e+02
1870.00041894692572	2.948803e+02
1870.99976274147139	2.948664e+02
1871.9987072297788	2.948532e+02
1873.00016324044873	2.948418e+02
1874.00096078780825	2.948323e+02
1874.99814290175391	2.948242e+02
1875.99817497179083	2.948168e+02
1876.99826133029728	2.948093e+02
1877.99858335500471	2.948012e+02
1878.99911000948509	2.947921e+02
1879.99959120604399	2.947825e+02
1880.99966701720768	2.947740e+02
1881.99906092747733	2.947678e+02
1883.00082289671991	2.947640e+02
1883.99895188739174	2.947620e+02
1884.99999827907118	2.947615e+02
1885.9982135368839	2.947616e+02
1887.00003193897987	2.947615e+02
1887.99923803263118	2.947604e+02
1888.9986619013298	2.947581e+02
1890.0009782374259	2.947559e+02
1890.9996120218068	2.947551e+02
1892.00060902208838	2.947560e+02
1892.99796475072867	2.947591e+02
1893.99834801076008	2.947640e+02
1894.99921205038618	2.947696e+02
1896.00078212942276	2.947745e+02
1896.99985531762559	2.947793e+02
1897.99922337217936	2.947831e+02
1898.998514202754	2.947863e+02
1900.00049934267236	2.947898e+02
1900.99893317374926	2.947946e+02
1902.00019646337023	2.948012e+02
1902.99848172231191	2.948088e+02
1904.00035835896188	2.948167e+02
1904.99983568619928	2.948232e+02
1905.99992277003275	2.948286e+02
1907.00032134021694	2.948323e+02
1908.0008322899414	2.948346e+02
1909.00093160232086	2.948369e+02
1910.00030599308934	2.948401e+02
1910.99915416881481	2.948452e+02
1912.00096180215701	2.948515e+02
1912.99985416341951	2.948583e+02
1913.99916159502141	2.948644e+02
1915.00183493017198	2.948696e+02
1915.99884508729065	2.948737e+02
1916.99943377915861	2.948765e+02
1918.00014863020897	2.948786e+02
1919.00056764200008	2.948808e+02
1920.00045193746428	2.948836e+02
1920.999817220767	2.948876e+02
1921.99885407788929	2.948924e+02
1923.00093528869252	2.948978e+02
1924.00015154858534	2.949028e+02
1924.9996942356795	2.949076e+02
1925.99951501246892	2.949121e+02
1926.9994556337756	2.949163e+02
1927.99924453677409	2.949204e+02
1929.00169876828068	2.949249e+02
1930.00053873376396	2.949310e+02
1930.99901672645274	2.949384e+02
1932.00052548632129	2.949470e+02
1932.99922801006664	2.949563e+02
1934.0015359973911	2.949655e+02
1935.00131940371921	2.949739e+02
1936.00158843669146	2.949823e+02
1936.99896437524126	2.949903e+02
1937.99915532118575	2.949982e+02
1939.00169088058715	2.950076e+02
1940.00026699132422	2.950194e+02
1941.00131005967296	2.950335e+02
1941.99907159494342	2.950497e+02
1943.00016854220166	2.950673e+02
1943.99876931042331	2.950852e+02
1945.0013154265514	2.951019e+02
1946.00145902451573	2.951195e+02
1947.00184707857534	2.951375e+02
1947.99894027443679	2.951555e+02
1949.00159173641941	2.951770e+02
1950.0005148195396	2.952028e+02
1950.99915708621666	2.952346e+02
1952.00121105374001	2.952734e+02
1953.00099918931824	2.953184e+02
1954.00175856958867	2.953661e+02
1955.00025833826953	2.954087e+02
1955.99891357040747	2.954538e+02
1956.99998347217434	2.955019e+02
1957.99995687250339	2.955549e+02
1958.99898139444576	2.956184e+02
1960.00060367275319	2.956964e+02
1960.99908875227379	2.957798e+02
1962.00098840628698	2.958550e+02
1963.00035636391385	2.959138e+02
1964.00013511165548	2.959562e+02
1964.99958884015041	2.959848e+02
1966.00117777936748	2.960038e+02
1967.00166040344834	2.960228e+02
1968.00103332507774	2.960524e+02
1968.99926208336751	2.960898e+02
1969.99984270938785	2.961283e+02
1971.00066921584312	2.961679e+02
1972.00156233056987	2.962063e+02
1973.00163917092277	2.962359e+02
1974.00116417228719	2.962569e+02
1975.00054692965341	2.962782e+02
1976.00169083237279	2.963028e+02
1977.00122177684921	2.963266e+02
1978.00073247297109	2.963493e+02
1979.00099174790853	2.963787e+02
1980.00060676208864	2.964120e+02
1980.9999655791205	2.964394e+02
1982.00038738718672	2.964621e+02
1982.99987281407948	2.964875e+02
1984.00023924400102	2.965096e+02
1985.00078188989801	2.965313e+02
1986.00130190178152	2.965654e+02
1987.00082094559184	2.966088e+02
1988.00124635556813	2.966516e+02
1989.00020087422172	2.966950e+02
1989.999123837252	2.967386e+02
1991.00087133326883	2.967738e+02
1991.99942744573468	2.968003e+02
1992.99978404438912	2.968203e+02
1993.99925602162261	2.968348e+02
1994.999169630285	2.968514e+02
1995.99991512042811	2.968809e+02
1997.00115585923368	2.969225e+02
1997.99970297082518	2.969668e+02
1999.00140827003497	2.970013e+02
1999.99864306339714	2.970150e+02
2001.00049341427098	2.970112e+02
2001.99871974126404	2.970099e+02
2002.99998310215051	2.970258e+02
2003.99892672382498	2.970558e+02
2004.99910086211912	2.970939e+02
2005.99975132704435	2.971379e+02
2006.99968559747913	2.971778e+02
2007.99838059500075	2.971984e+02
2008.99946407483458	2.971983e+02
2010.00017958868057	2.971957e+02
2010.99811436887239	2.972034e+02
2012.00009799786471	2.972257e+02
2013.00007377642805	2.972623e+02
2014.00024334006048	2.973064e+02
2014.99984687250253	2.973451e+02
2015.99872423445186	2.973663e+02
2017.00039146966742	2.973690e+02
2017.99944762206155	2.973621e+02
2018.99902973931535	2.973626e+02
2019.99926510331693	2.973811e+02
2021.00041439558163	2.974161e+02
2021.99893569980145	2.974540e+02
2023.00014567225253	2.974791e+02
2023.99799465514093	2.974850e+02
2024.99925690021951	2.974790e+02
2025.9981258396333	2.974744e+02
2026.99802969827783	2.974806e+02
2027.99863002482357	2.974986e+02
2028.99912882977151	2.975243e+02
2029.99940003971801	2.975499e+02
2030.99961806678425	2.975656e+02
2031.99984647913698	2.975696e+02
2033.00038005481906	2.975709e+02
2033.99871361746636	2.975795e+02
2035.0005466491109	2.975975e+02
2035.99886036417092	2.976217e+02
2036.99988564581076	2.976458e+02
2037.9982610211141	2.976645e+02
2039.00006026532355	2.976766e+02
2039.99878396542613	2.976860e+02
2040.99772480244224	2.976993e+02
2042.00012038723753	2.977202e+02
2042.99966677357202	2.977457e+02
2043.99909102798074	2.977701e+02
2044.99866566660921	2.977902e+02
2045.99868470683373	2.978069e+02
2046.99904399035381	2.978239e+02
2047.99968019166795	2.978450e+02
2049.00057878516054	2.978711e+02
2049.9985104174707	2.978994e+02
2050.99974557565474	2.979264e+02
2051.99827445028086	2.979497e+02
2053.00040170725606	2.979706e+02
2053.99975117620988	2.979918e+02
2054.99917963931011	2.980154e+02
2055.99906816382008	2.980409e+02
2057.00010239177618	2.980649e+02
2057.99957034940689	2.980859e+02
2059.00033855696984	2.981043e+02
2059.99877427408364	2.981219e+02
2061.00068028990472	2.981404e+02
2061.99967126352203	2.981603e+02
2062.9986247787715	2.981801e+02
2064.0005915181905	2.981982e+02
2064.99889326900075	2.982137e+02
2065.99960981869208	2.982274e+02
2066.99975605732197	2.982395e+02
2067.99950374386253	2.982511e+02
2068.99903816909227	2.982626e+02
2069.99854899783304	2.982744e+02
2070.99835310048456	2.982869e+02
2071.99848359109592	2.983000e+02
2072.99844596715275	2.983141e+02
2073.99778702077265	2.983292e+02
2074.99967222318037	2.983457e+02
2075.99810136242013	2.983636e+02
2076.99934962724456	2.983826e+02
2078.00007264182295	2.984023e+02
2078.9997303476639	2.984228e+02
2079.99798609703339	2.984449e+02
2080.99795342414836	2.984698e+02
2081.99986423388145	2.984983e+02
2082.99768968741637	2.985311e+02
2083.99737290915937	2.985687e+02
2084.99894619512907	2.986109e+02
2085.99976832878156	2.986572e+02
2087.00031337056316	2.987067e+02
2087.99766901176326	2.987571e+02
2088.99789846065732	2.988058e+02
2089.99794567799563	2.988505e+02
2090.99800346861957	2.988900e+02
2091.99812405934608	2.989246e+02
2092.99840201409143	2.989547e+02
2093.99876380594333	2.989808e+02
2094.99869089617778	2.990049e+02
2095.9978550317137	2.990284e+02
2096.9991733022307	2.990539e+02
2097.99977647816695	2.990835e+02
2098.99987393665151	2.991190e+02
2099.99979300803352	2.991612e+02
2101.00010186090003	2.992098e+02
2101.99846402574758	2.992634e+02
2102.99866839115339	2.993206e+02
2103.99813623537784	2.993789e+02
2104.99996692578725	2.994354e+02
2105.99816976857392	2.994872e+02
2106.99866919346414	2.995335e+02
2107.99782810185116	2.995744e+02
2108.9981657680155	2.996105e+02
2109.99908141417063	2.996427e+02
2111.00014270524571	2.996715e+02
2111.99784360021431	2.996979e+02
2112.9980692155591	2.997245e+02
2113.99772421590706	2.997531e+02
2115.00025172177084	2.997852e+02
2115.99995989037507	2.998211e+02
2116.99743479911331	2.998599e+02
2117.99936725192401	2.999008e+02
2118.99971794856356	2.999422e+02
2119.99836479931173	2.999835e+02
2120.99811993371668	3.000243e+02
2121.99882706652033	3.000649e+02
2122.9973407326479	3.001048e+02
2123.9997887224763	3.001442e+02
2124.99981503044955	3.001825e+02
2125.99746819986694	3.002189e+02
2126.99908667016416	3.002527e+02
2127.9985176557293	3.002829e+02
2128.99886088528137	3.003096e+02
2129.9999912036451	3.003329e+02
2130.99865504492345	3.003536e+02
2131.99786809570242	3.003717e+02
2132.99751634167706	3.003872e+02
2133.99753946215287	3.004001e+02
2134.99786540615605	3.004103e+02
2135.99851037891131	3.004180e+02
2136.9995630294261	3.004239e+02
2137.99793694486607	3.004286e+02
2138.99984749607711	3.004327e+02
2139.99877445712855	3.004364e+02
2140.99753084719578	3.004398e+02
2141.99917903327423	3.004423e+02
2142.99749645313159	3.004431e+02
2143.99886796876945	3.004414e+02
2144.99993714993252	3.004362e+02
2145.99733484778471	3.004269e+02
2147.00039487450886	3.004130e+02
2147.99976503022026	3.003936e+02
2148.99875176522892	3.003699e+02
2149.99746583337583	3.003431e+02
2150.99907529154007	3.003141e+02
2152.00030219342352	3.002854e+02
2152.99785677024329	3.002590e+02
2153.99733257606476	3.002350e+02
2154.99748501575414	3.002149e+02
2156.000377352143	3.001998e+02
2156.99863758590345	3.001899e+02
2157.99919717638477	3.001853e+02
2158.99807518371426	3.001858e+02
2159.9998077229543	3.001877e+02
2161.00031085701812	3.001825e+02
2162.00036355467819	3.001623e+02
2162.99924782493918	3.001399e+02
2163.99943658260054	3.001307e+02
2165.00044714256319	3.001314e+02
2165.99874920609682	3.001406e+02
2167.00033799808352	3.001583e+02
2167.99877640363593	3.001822e+02
2169.00023517328327	3.002084e+02
2169.99850800146805	3.002345e+02
2170.99994296293926	3.002591e+02
2171.99863989052164	3.002825e+02
2172.99750202157702	3.003042e+02
2173.9992223670597	3.003234e+02
2174.99740299741461	3.003359e+02
2175.99833749423806	3.003380e+02
2176.99911416738041	3.003278e+02
2177.99978870693667	3.003057e+02
2179.00033647576856	3.002749e+02
2179.9976957639301	3.002432e+02
2180.99803515688518	3.002154e+02
2181.99820458052909	3.001923e+02
2182.99845473769528	3.001726e+02
2183.99895209592114	3.001550e+02
2184.99950017484889	3.001402e+02
2186.00019397418373	3.001307e+02
2186.99787029970958	3.001293e+02
2187.99826391316947	3.001363e+02
2188.99771439201459	3.001462e+02
2189.99907864252827	3.001548e+02
2190.99935342400659	3.001641e+02
2191.99883265925837	3.001720e+02
2192.99795951929855	3.001761e+02
2193.99983017743807	3.001816e+02
2194.99780033080879	3.001911e+02
2195.99755666840838	3.002032e+02
2196.99925646415886	3.002189e+02
2197.99984148038402	3.002368e+02
2198.99928127135126	3.002499e+02
2199.99808676481643	3.002539e+02
2200.99998098248716	3.002520e+02
2201.99918517415335	3.002464e+02
2202.99908315789162	3.002373e+02
2203.9995327011743	3.002265e+02
2205.00010956640926	3.002167e+02
2205.9974725342804	3.002090e+02
2206.9976090697246	3.002062e+02
2208.0003674833938	3.002103e+02
2208.99940244910567	3.002213e+02
2209.99771086723058	3.002371e+02
2210.9985298354004	3.002583e+02
2211.99910742249858	3.002819e+02
2212.99971696180592	3.002986e+02
2213.99752000513672	3.003083e+02
2214.99894471088874	3.003168e+02
2215.9981775852375	3.003225e+02
2216.99840338094509	3.003196e+02
2217.99954605298126	3.003098e+02
2218.99848923973559	3.002994e+02
2219.99827675633151	3.002886e+02
2220.99872301500773	3.002755e+02
2221.99962852024055	3.002655e+02
2222.99777183598962	3.002634e+02
2223.99902753071365	3.002657e+02
2224.99982873955014	3.002691e+02
2225.9998707552727	3.002790e+02
2226.99913600122863	3.002965e+02
2227.99759010323805	3.003072e+02
2228.99846232958998	3.003069e+02
2229.99897909293577	3.003076e+02
2230.9996306599669	3.003094e+02
2232.00039433140728	3.003027e+02
2232.99787400434116	3.002930e+02
2233.99871370510118	3.002924e+02
2234.9999537612639	3.002978e+02
2235.99848415860879	3.003017e+02
2236.9976012285706	3.003073e+02
2237.9974617870439	3.003196e+02
2238.99784214628562	3.003334e+02
2239.99891322069834	3.003456e+02
2240.99789000996088	3.003621e+02
2242.00030983782108	3.003874e+02
2242.99914185837042	3.004159e+02
2243.99743710862595	3.004428e+02
2244.9984691276054	3.004724e+02
2245.9992081517712	3.004977e+02
2246.99974073588555	3.005055e+02
2248.00018196718929	3.004984e+02
2248.99762751118942	3.004884e+02
2249.99801405747576	3.004754e+02
2250.99809761508232	3.004532e+02
2251.99820086085674	3.004280e+02
2252.99882295924635	3.004126e+02
2254.00006169661992	3.004069e+02
2254.99875315346162	3.004037e+02
2255.99810970797625	3.004009e+02
2256.99824355901546	3.004027e+02
2257.99905473568333	3.004108e+02
2259.00019969251434	3.004228e+02
2259.9981875817798	3.004413e+02
2260.99919128155943	3.004725e+02
2262.00032459015301	3.005066e+02
2262.99873406835104	3.005225e+02
2264.0002081860398	3.005225e+02
2264.99863667349973	3.005177e+02
2266.00027632655883	3.005033e+02
2266.9985431275627	3.004792e+02
2267.99951118267973	3.004581e+02
2269.00016699129947	3.004469e+02
2269.99758185133123	3.004442e+02
2270.99786821735279	3.004496e+02
2271.99790892851388	3.004640e+02
2272.99816742215307	3.004795e+02
2273.99930044262283	3.004846e+02
2274.99835017376199	3.004820e+02
2275.99842348579068	3.004875e+02
2276.99740792660987	3.005079e+02
2277.99822741756543	3.005365e+02
2278.99984385249445	3.005622e+02
2279.99807266022026	3.005801e+02
2280.99875640573237	3.005891e+02
2281.99830753409651	3.005830e+02
2282.99894213778862	3.005664e+02
2283.99766376034813	3.005521e+02
2284.998243751882	3.005475e+02
2285.9982282519054	3.005520e+02
2286.99869785351211	3.005613e+02
2288.00041530655244	3.005772e+02
2288.99951252740084	3.006031e+02
2289.99786921335908	3.006292e+02
2290.99812690473073	3.006423e+02
2291.9977693247115	3.006403e+02
2292.99805242413095	3.006311e+02
2293.99830070155258	3.006193e+02
2294.9988735932684	3.006069e+02
2295.99737680840144	3.005942e+02
2296.997362918004	3.005812e+02
2297.99835026838127	3.005707e+02
2298.99810139530109	3.005636e+02
2299.99896535442485	3.005573e+02
2301.00015453566448	3.005538e+02
2301.99949696415069	3.005556e+02
2302.99774808424536	3.005652e+02
2303.99907972232177	3.005825e+02
2304.99849876808003	3.006058e+02
2305.99941864096763	3.006368e+02
2306.99814169517276	3.006760e+02
2307.99912113494747	3.007152e+02
2308.99866296727805	3.007431e+02
2309.99740859131316	3.007534e+02
2310.99987246703085	3.007501e+02
2311.99820423129177	3.007373e+02
2312.99859138255442	3.007183e+02
2313.9994256144837	3.006965e+02
2314.99908323351883	3.006738e+02
2316.00008394815541	3.006527e+02
2316.99989285751553	3.006348e+02
2317.99884932061877	3.006208e+02
2319.00006736875866	3.006116e+02
2319.99787336056079	3.006096e+02
2320.99868770266175	3.006158e+02
2322.00010910638866	3.006294e+02
2323.00034540120851	3.006452e+02
2323.99997020282581	3.006623e+02
2324.99781788980272	3.006847e+02
2325.99819909263806	3.007120e+02
2327.00007667975842	3.007368e+02
2328.00027143664965	3.007526e+02
2328.99961233529211	3.007574e+02
2329.999652867431	3.007528e+02
2330.99835263534351	3.007422e+02
2331.99841108730061	3.007291e+02
2332.99840211696892	3.007165e+02
2333.99763965347938	3.007055e+02
2334.99957929431184	3.006974e+02
2335.99803029698614	3.006920e+02
2336.99890683774356	3.006904e+02
2337.99955209680638	3.006956e+02
2339.00034084638401	3.007086e+02
2339.99829559317095	3.007259e+02
2340.99967267216425	3.007437e+02
2341.99800723161434	3.007622e+02
2342.99890011629896	3.007810e+02
2343.99892908347601	3.007954e+02
2344.99827801677657	3.008012e+02
2345.997805155278	3.008000e+02
2346.99903193915088	3.007958e+02
2347.99961710966136	3.007895e+02
2348.99858992739382	3.007802e+02
2350.00041670362452	3.007688e+02
2350.99831128024289	3.007588e+02
2351.99882692585015	3.007513e+02
2352.9983404695754	3.007449e+02
2353.99964050988183	3.007406e+02
2355.00015843287702	3.007404e+02
2356.00035204070218	3.007446e+02
2356.99748193251799	3.007524e+02
2357.99790440889547	3.007616e+02
2358.99840253773255	3.007710e+02
2359.99880880956607	3.007790e+02
2360.99891648527046	3.007840e+02
2361.99861574990382	3.007867e+02
2362.99863355898651	3.007864e+02
2364.00024669444701	3.007828e+02
2364.99810022804013	3.007756e+02
2365.99763788779637	3.007658e+02
2367.00011005986244	3.007539e+02
2367.99796373717663	3.007418e+02
2369.00042317796442	3.007316e+02
2369.99883797816256	3.007236e+02
2370.99953219971803	3.007171e+02
2371.99945387799426	3.007130e+02
2372.99897667841287	3.007127e+02
2373.99849069003858	3.007164e+02
2374.99828936273707	3.007232e+02
2375.99834002907892	3.007320e+02
2376.9986668221236	3.007425e+02
2377.99903901132166	3.007528e+02
2378.99908183994557	3.007603e+02
2379.9985360598921	3.007636e+02
2380.99748482587938	3.007628e+02
2381.99960393491756	3.007584e+02
2382.9995179112866	3.007509e+02
2383.99737201020798	3.007412e+02
2384.9987046308911	3.007299e+02
2385.99952367580681	3.007182e+02
2386.99957175900454	3.007081e+02
2387.99895135302222	3.007002e+02
2388.99773264053056	3.006945e+02
2389.99934795109812	3.006910e+02
2390.99794611844391	3.006898e+02
2392.000071067514	3.006903e+02
2392.99986942474106	3.006916e+02
2393.99735909048286	3.006930e+02
2394.99861755764323	3.006943e+02
2396.00038049822797	3.006951e+02
2396.999280046271	3.006948e+02
2397.9980206531327	3.006931e+02
2398.99936990546212	3.006897e+02
2400.00009661273771	3.006846e+02
2401.00022862171454	3.006778e+02
2401.99975452106037	3.006697e+02
2402.99857882436754	3.006607e+02
2403.99987990839827	3.006508e+02
2404.99771436263154	3.006405e+02
2405.99850742203034	3.006305e+02
2406.99943760110773	3.006212e+02
2407.99773064108285	3.006127e+02
2408.99994245487642	3.006051e+02
2410.00033731595931	3.005988e+02
2410.99895595835778	3.005935e+02
2411.99883692786898	3.005885e+02
2412.99975301639915	3.005842e+02
2413.99843709958805	3.005805e+02
2414.99756668073724	3.005774e+02
2415.99978622502795	3.005753e+02
2416.99856364521656	3.005738e+02
2418.00001604584122	3.005728e+02
2418.99799271498659	3.005720e+02
2419.9987927418324	3.005713e+02
2420.99938329038832	3.005704e+02
2421.99982983369091	3.005690e+02
2423.00018911715779	3.005666e+02
2423.99751364332587	3.005631e+02
2424.9981777602884	3.005589e+02
2425.99912214524238	3.005541e+02
2427.00019506984881	3.005485e+02
2427.9981607959844	3.005423e+02
2428.99928472065631	3.005363e+02
2429.99736154411175	3.005312e+02
2430.99842009405165	3.005276e+02
2431.99921838544333	3.005264e+02
2432.99973280321046	3.005277e+02
2433.99988832222334	3.005309e+02
2434.99956375596548	3.005356e+02
2435.99865888192835	3.005405e+02
2437.0001885427655	3.005445e+02
2437.99804783782565	3.005466e+02
2438.99856199650139	3.005463e+02
2439.9987412791188	3.005432e+02
2440.99863100579387	3.005377e+02
2441.99828404650953	3.005301e+02
2442.99768514480547	3.005212e+02
2443.99988470843846	3.005110e+02
2444.9987306353064	3.004998e+02
2445.99742126215824	3.004883e+02
2446.99919619922366	3.004771e+02
2447.99800719339055	3.004670e+02
2449.00008267641579	3.004583e+02
2449.99927919990387	3.004507e+02
2450.99861444218186	3.004432e+02
2451.99791152140278	3.004349e+02
2453.00013688460331	3.004248e+02
2453.99914594800839	3.004123e+02
2454.9979210174979	3.003971e+02
2455.99960560640875	3.003792e+02
2456.99819897199541	3.003589e+02
2457.99999726007673	3.003377e+02
2458.99811008820507	3.003168e+02
2459.99801173524884	3.002977e+02
2460.9973812106341	3.002839e+02
2461.999602100218	3.002781e+02
2462.99849580337514	3.002812e+02
2463.99949130303048	3.002924e+02
2464.99894132724648	3.003153e+02
2465.99884914598897	3.003656e+02
2466.99910480596418	3.004574e+02
2467.99937686812382	3.005816e+02
2468.99798518704938	3.006978e+02
2469.99991054773227	3.007949e+02
2470.99856156170927	3.008709e+02
2472.00010733379759	3.009252e+02
2472.99822254590345	3.009649e+02
2473.99863329917798	3.009921e+02
2474.99815405534582	3.010048e+02
2476.00005594850836	3.010019e+02
2476.99817209166258	3.009854e+02
2477.99865629239775	3.009576e+02
2478.99836041636036	3.009236e+02
2480.00023966126992	3.008862e+02
2480.99803662861541	3.008474e+02
2482.00039712141552	3.008092e+02
2482.9982461498239	3.007746e+02
2483.99807190137017	3.007454e+02
2484.99958241501281	3.007252e+02
2486.00013007160533	3.007157e+02
2487.00024099135953	3.007165e+02
2487.9997162465761	3.007274e+02
2488.99883911418601	3.007474e+02
2489.99813519589907	3.007744e+02
2490.99772194033585	3.008047e+02
2491.99765629056583	3.008363e+02
2492.9980162916745	3.008682e+02
2493.99889117297562	3.008990e+02
2495.00034273794836	3.009274e+02
2495.99936673973116	3.009513e+02
2496.99905960229626	3.009711e+02
2497.9994557521095	3.009876e+02
2498.99753238008907	3.010014e+02
2499.99947729902715	3.010111e+02
2500.99919630359909	3.010161e+02
2501.99967339764999	3.010173e+02
2503.00079409065529	3.010142e+02
2503.99938634722639	3.010056e+02
2504.99840853773048	3.009929e+02
2506.00086927230268	3.009800e+02
2507.0005589385014	3.009690e+02
2508.0005466460957	3.009625e+02
2509.00073594086234	3.009608e+02
2509.99805346357516	3.009627e+02
2510.99871320600323	3.009675e+02
2511.99973411103974	3.009743e+02
2512.99809854275554	3.009815e+02
2513.99994797670161	3.009887e+02
2514.99907669717004	3.009962e+02
2515.9987003076576	3.010039e+02
2516.99887012493264	3.010109e+02
2517.99960778680634	3.010174e+02
2519.00092831216534	3.010237e+02
2519.99953051158673	3.010290e+02
2520.99836085585366	3.010320e+02
2522.00036118810021	3.010308e+02
2522.99945027961076	3.010257e+02
2523.99842825720361	3.010201e+02
2525.00015672435393	3.010171e+02
2525.99848770081462	3.010168e+02
2526.99958009738111	3.010185e+02
2528.00036314507406	3.010223e+02
2529.00074844603978	3.010280e+02
2530.00064158086252	3.010324e+02
2531.00023862287844	3.010321e+02
2531.99958838139719	3.010269e+02
2532.99853022830484	3.010199e+02
2534.00025830022696	3.010134e+02
2534.99884392441436	3.010089e+02
2536.00048399108164	3.010063e+02
2536.99905064259292	3.010042e+02
2538.0008637657611	3.010019e+02
2538.9998327799799	3.009999e+02
2539.99901032525668	3.009985e+02
2540.99851782799442	3.009975e+02
2541.99855123628504	3.009971e+02
2542.99904870387536	3.009968e+02
2543.99996914063968	3.009955e+02
2544.99832916726973	3.009928e+02
2546.00021546476637	3.009890e+02
2546.99931673698256	3.009835e+02
2547.99881992875771	3.009763e+02
2548.99862262136003	3.009695e+02
2549.99845127508843	3.009642e+02
2550.99844442773247	3.009604e+02
2551.998593112035	3.009591e+02
2552.99871533058831	3.009608e+02
2553.9989976212928	3.009651e+02
2554.99952693893238	3.009733e+02
2556.00016099880759	3.009859e+02
2557.00094128681849	3.010013e+02
2557.99895570057834	3.010176e+02
2559.00036794657717	3.010342e+02
2559.99876402940254	3.010513e+02
2561.00029048555871	3.010684e+02
2561.99881457109268	3.010846e+02
2563.00036329194745	3.010986e+02
2563.99864794126188	3.011090e+02
2564.99997951802061	3.011158e+02
2565.99806654894201	3.011211e+02
2566.99887539327392	3.011264e+02
2567.99932199801924	3.011311e+02
2568.99937951830952	3.011341e+02
2569.99888282642405	3.011337e+02
2571.00088605964902	3.011298e+02
2571.99913804690959	3.011246e+02
2572.9997520523807	3.011196e+02
2573.99973460387309	3.011142e+02
2574.9991399030705	3.011087e+02
2575.99794255559391	3.011040e+02
2576.99933542342978	3.011009e+02
2578.00034653739704	3.010989e+02
2578.99793964354012	3.010981e+02
2579.99837141146509	3.010977e+02
2580.99860515131604	3.010975e+02
2581.99865806965227	3.010971e+02
2582.99858803817642	3.010960e+02
2583.99854520136341	3.010947e+02
2584.99860877221636	3.010937e+02
2585.99886769613204	3.010921e+02
2586.99940052540296	3.010890e+02
2588.00032822619914	3.010848e+02
2588.99868937208157	3.010792e+02
2590.00067251721293	3.010711e+02
2591.00007771264291	3.010601e+02
2591.999961690899	3.010466e+02
2593.00030722982319	3.010315e+02
2593.9979344911676	3.010159e+02
2594.998875517329	3.010005e+02
2596.00005991303124	3.009857e+02
2596.99857683497385	3.009726e+02
2598.00040491428535	3.009636e+02
2598.99919503987849	3.009585e+02
2599.99832176697328	3.009562e+02
2601.00078869902381	3.009582e+02
2602.00021481696558	3.009649e+02
2602.99993773763299	3.009740e+02
2604.00000663840683	3.009859e+02
2605.00028319116655	3.009999e+02
2606.00091222106585	3.010147e+02
2606.9987735065306	3.010306e+02
2607.99980269569915	3.010469e+02
2609.00076333192055	3.010612e+02
2609.99855893318454	3.010703e+02
2610.99928448174023	3.010751e+02
2611.99980045247003	3.010782e+02
2613.00014886259714	3.010810e+02
2614.00032546469038	3.010837e+02
2615.00027960245825	3.010849e+02
2615.99994637583222	3.010834e+02
2616.99924406199898	3.010789e+02
2617.9980576806588	3.010714e+02
2618.99938925570723	3.010616e+02
2620.00006816725318	3.010513e+02
2621.00010709850994	3.010430e+02
2621.99965731460088	3.010365e+02
2622.99882609439192	3.010346e+02
2624.00065838655109	3.010381e+02
2624.99906433560773	3.010436e+02
2626.00040335024778	3.010480e+02
2626.99848679841398	3.010515e+02
2627.99942005976436	3.010556e+02
2629.00021244846221	3.010609e+02
2629.99786268051685	3.010679e+02
2630.99851703354034	3.010752e+02
2631.99915995577385	3.010808e+02
2632.99999060617347	3.010838e+02
2633.998094927073	3.010839e+02
2634.99962825516013	3.010808e+02
2635.99843288546663	3.010750e+02
2636.99773663496444	3.010668e+02
2637.99760571516163	3.010563e+02
2638.99778690327184	3.010436e+02
2639.99830057556437	3.010272e+02
2640.99930329624567	3.010075e+02
2642.00049370648321	3.009872e+02
2642.99877582441013	3.009678e+02
2643.99757536305378	3.009496e+02
2644.99979533819624	3.009355e+02
2645.99889300449559	3.009258e+02
2646.99833597070574	3.009185e+02
2647.99813330419329	3.009163e+02
2648.99797848054914	3.009203e+02
2649.99826243877351	3.009271e+02
2650.99910091956144	3.009382e+02
2652.00022928678391	3.009543e+02
2652.99867573842175	3.009723e+02
2653.9975287735524	3.009903e+02
2654.99961209333287	3.010045e+02
2655.99870525406504	3.010152e+02
2656.99799105220563	3.010235e+02
2658.00045412392728	3.010318e+02
2658.99983573578857	3.010400e+02
2659.99931554451723	3.010461e+02
2660.99878235005872	3.010486e+02
2661.99808774638359	3.010459e+02
2663.00026451472104	3.010372e+02
2663.99897693488856	3.010233e+02
2665.0002880089196	3.010084e+02
2665.99801132077073	3.009942e+02
2666.99837887208196	3.009832e+02
2667.99829893663491	3.009738e+02
2668.99783730216404	3.009676e+02
2670.00017353254998	3.009642e+02
2670.99913104654706	3.009628e+02
2671.99782579633984	3.009627e+02
2672.99942548677382	3.009637e+02
2673.99778609802115	3.009668e+02
2674.99909865687141	3.009725e+02
2676.00029638023307	3.009804e+02
2676.99830942368817	3.009888e+02
2677.99935028333084	3.009976e+02
2679.0003654772695	3.010041e+02
2679.99830579483614	3.010073e+02
2680.99939321280681	3.010065e+02
2682.00055523101764	3.010021e+02
2682.99869837807182	3.009938e+02
2684.00004568391796	3.009811e+02
2684.99851993432549	3.009642e+02
2686.00031583854297	3.009450e+02
2686.99921593488534	3.009255e+02
2687.99831397159369	3.009055e+02
2688.99762290014041	3.008834e+02
2690.00027590692935	3.008596e+02
2690.99999547597145	3.008374e+02
2691.99977746517061	3.008191e+02
2692.99981644030277	3.008058e+02
2694.00017155536761	3.007994e+02
2694.99772649186116	3.007990e+02
2695.99885377340388	3.008038e+02
2697.00046887395001	3.008130e+02
2697.9993934163017	3.008247e+02
2698.99876738618514	3.008366e+02
2699.99865489591184	3.008493e+02
2700.9990826995313	3.008649e+02
2702.0000149007069	3.008831e+02
2702.99836930913671	3.009016e+02
2704.00033308723232	3.009166e+02
2704.99946880740708	3.009253e+02
2705.99874803743933	3.009280e+02
2706.99816590584351	3.009261e+02
2707.99756580653138	3.009213e+02
2708.99990188669699	3.009143e+02
2709.99895450594067	3.009056e+02
2710.99778392072312	3.008962e+02
2711.99940795776774	3.008866e+02
2712.99763720082137	3.008762e+02
2713.99872550815689	3.008647e+02
2714.99954709951135	3.008539e+02
2716.00015619130727	3.008448e+02
2716.99752266370433	3.008376e+02
2717.99786898524098	3.008313e+02
2718.9981179681904	3.008260e+02
2719.99833251796827	3.008218e+02
2720.99851282848158	3.008193e+02
2721.99865080398149	3.008189e+02
2722.99877233849793	3.008199e+02
2723.99886266513386	3.008217e+02
2724.99886657676097	3.008236e+02
2725.99873763257528	3.008243e+02
2726.99846546551362	3.008228e+02
2727.9981010648703	3.008194e+02
2728.9976843829736	3.008147e+02
2730.00035840969122	3.008103e+02
2730.99996070567022	3.008064e+02
2731.99961359939516	3.007992e+02
2732.99934192592218	3.007857e+02
2733.99919432913339	3.007660e+02
2734.99922580758403	3.007427e+02
2735.99946555459383	3.007179e+02
2736.99992229074496	3.006926e+02
2738.00057490861263	3.006676e+02
2738.99831257485448	3.006432e+02
2739.99937935182015	3.006206e+02
2740.99754048845125	3.006019e+02
2741.99902451592243	3.005883e+02
2742.99766334834021	3.005813e+02
2743.99971227169408	3.005804e+02
2744.99897148291438	3.005859e+02
2745.99862066898504	3.005963e+02
2746.99873735936671	3.006102e+02
2747.99934858969027	3.006261e+02
2749.00049996806138	3.006419e+02
2749.99909429389663	3.006560e+02
2750.9982082681945	3.006674e+02
2751.9978040475321	3.006750e+02
2752.99786482638046	3.006795e+02
2753.99834415190799	3.006820e+02
2754.99910241042335	3.006826e+02
2755.99998668010585	3.006802e+02
2756.9977270847462	3.006748e+02
2757.99846597625265	3.006666e+02
2758.99901732126773	3.006559e+02
2759.99933732970476	3.006438e+02
2760.99934944763163	3.006311e+02
2761.99903831849861	3.006168e+02
2762.99843229781391	3.006015e+02
2763.99753766924823	3.005870e+02
2764.9995297544956	3.005738e+02
2765.99824121572101	3.005633e+02
2766.99993920934639	3.005538e+02
2767.99840236972841	3.005469e+02
2768.99990027811918	3.005426e+02
2769.99817972866913	3.005407e+02
2770.99944623232204	3.005410e+02
2772.00056690254041	3.005425e+02
2772.99841457706179	3.005445e+02
2773.99920637450896	3.005464e+02
2774.99980997238254	3.005475e+02
2776.00022643083412	3.005472e+02
2777.00047745049324	3.005453e+02
2778.00059357119881	3.005415e+02
2779.00060210025686	3.005358e+02
2780.00053056490015	3.005278e+02
2781.00040933635682	3.005172e+02
2782.00025681299303	3.005042e+02
2783.00007981718772	3.004889e+02
2783.9999094651248	3.004715e+02
2784.99978609565824	3.004530e+02
2785.99970857577682	3.004347e+02
2786.99967699975059	3.004166e+02
2787.99973639800464	3.003996e+02
2788.9998819860084	3.003859e+02
2790.00011241906213	3.003762e+02
2791.00048445079892	3.003712e+02
2791.99792296568467	3.003717e+02
2792.99870966538174	3.003767e+02
2793.99980533089456	3.003859e+02
2794.99814324459066	3.003990e+02
2795.99998008805551	3.004150e+02
2796.99910140148131	3.004312e+02
2797.99864561077948	3.004460e+02
2798.99857346735871	3.004582e+02
2799.99882604556296	3.004662e+02
2800.99935140733623	3.004704e+02
2802.00007076547126	3.004709e+02
2802.99778266680732	3.004676e+02
2803.99870001165209	3.004614e+02
2804.99964568148607	3.004539e+02
2806.00055099140627	3.004458e+02
2806.99823017126346	3.004373e+02
2807.99890079282204	3.004281e+02
2808.99938861525698	3.004186e+02
2809.99969086145347	3.004081e+02
2810.99985466412863	3.003968e+02
2811.99987339113432	3.003851e+02
2812.99973711734629	3.003736e+02
2813.99949959149126	3.003624e+02
2814.99910169612394	3.003515e+02
2815.99850798087118	3.003415e+02
2816.99775242364149	3.003323e+02
2817.99993398254901	3.003244e+02
2818.99875278360332	3.003182e+02
2820.00041913608993	3.003132e+02
2820.99868258738843	3.003100e+02
2821.99975684999572	3.003084e+02
2823.00050025327755	3.003073e+02
2823.99781988198538	3.003065e+02
2824.99797953310508	3.003058e+02
2825.99787079712632	3.003048e+02
2826.99752400357602	3.003032e+02
2828.00009517123453	3.003006e+02
2828.99937309692905	3.002973e+02
2829.99848164044533	3.002933e+02
2831.00051385396773	3.002881e+02
2831.99934374564509	3.002823e+02
2832.99815101384183	3.002758e+02
2833.99993218959071	3.002674e+02
2834.99847098656801	3.002573e+02
2836.00002786650839	3.002478e+02
2836.99842692314951	3.002409e+02
2837.99997599358403	3.002357e+02
2838.99857233503189	3.002320e+02
2840.0004832745949	3.002298e+02
2840.99948532379813	3.002275e+02
2841.99869504890466	3.002253e+02
2842.99806443157513	3.002256e+02
2843.99754858404549	3.002289e+02
2845.00028381328593	3.002352e+02
2846.00007246186897	3.002437e+02
2847.00006165629793	3.002547e+02
2848.00031450211964	3.002654e+02
2848.99775783342284	3.002748e+02
2849.99863363367194	3.002826e+02
2850.99982555372026	3.002878e+02
2851.99817937527996	3.002897e+02
2852.99987255858059	3.002894e+02
2853.99860941159932	3.002877e+02
2855.00059105707669	3.002857e+02
2855.9995370689353	3.002840e+02
2856.99855813274007	3.002825e+02
2857.99766692333287	3.002810e+02
2858.9999956206334	3.002794e+02
2859.99930785326524	3.002772e+02
2860.99873526533247	3.002733e+02
2861.99826933368786	3.002673e+02
2862.99786879663861	3.002598e+02
2864.00062357392972	3.002507e+02
2865.00026576370419	3.002411e+02
2865.9998439128517	3.002327e+02
2866.99926004866938	3.002238e+02
2867.99855292796565	3.002144e+02
2868.99766193429832	3.002050e+02
2869.99965851680554	3.001956e+02
2870.99825992603019	3.001862e+02
2871.99965536026457	3.001776e+02
2872.99755919371	3.001703e+02
2873.99818645784126	3.001644e+02
2874.99840513695381	3.001603e+02
2875.99819912794965	3.001579e+02
2876.99757544710064	3.001567e+02
2877.99967094089698	3.001565e+02
2878.99828746838648	3.001567e+02
2879.99967835713323	3.001570e+02
2880.99765908685413	3.001570e+02
2881.99848382585424	3.001563e+02
2882.99907607965861	3.001548e+02
2883.99945711702321	3.001525e+02
2884.99956041807172	3.001494e+02
2885.99953928932428	3.001456e+02
2886.99940162959319	3.001411e+02
2887.99910088683737	3.001366e+02
2888.99866296788377	3.001323e+02
2889.99812889266923	3.001285e+02
2890.99754712771346	3.001254e+02
2892.00007764612064	3.001225e+02
2892.99957142305402	3.001197e+02
2893.99917356502283	3.001170e+02
2894.99891113235526	3.001147e+02
2895.99881272031462	3.001128e+02
2896.99890228911363	3.001115e+02
2897.99919440826079	3.001112e+02
2898.99969898907921	3.001115e+02
2900.00042538156822	3.001120e+02
2900.99827257065681	3.001128e+02
2901.99944926494891	3.001137e+02
2902.99772888530606	3.001143e+02
2903.99933826368306	3.001149e+02
2904.99804350447357	3.001159e+02
2906.00005878848015	3.001169e+02
2906.99916950012766	3.001184e+02
2907.99849670960748	3.001205e+02
2908.99806431657908	3.001226e+02
2909.99791295359046	3.001246e+02
2910.99807359191254	3.001264e+02
2911.99857211342396	3.001274e+02
2912.99942276642787	3.001274e+02
2914.00062368954741	3.001262e+02
2914.99903405660643	3.001236e+02
2915.99774740466	3.001197e+02
2916.99984136788544	3.001148e+02
2917.99902520207797	3.001089e+02
2918.99836946620962	3.001024e+02
2919.99782958261767	3.000950e+02
2921.00049845586864	3.000868e+02
2921.99997040520066	3.000783e+02
2922.99937649817048	3.000697e+02
2923.99866305935166	3.000610e+02
2924.99777637816533	3.000531e+02
2925.99978712385882	3.000463e+02
2926.99841892929589	3.000393e+02
2927.99989034549253	3.000322e+02
2928.99793172498221	3.000255e+02
2929.99874946110549	3.000194e+02
2930.99920424626862	3.000139e+02
2931.99927517524247	3.000092e+02
2932.99893598591143	3.000051e+02
2933.99816092099627	3.000009e+02
2935.00004464529275	2.999968e+02
2935.99834124196968	2.999931e+02
2936.99924771074438	2.999894e+02
2937.99964680275434	2.999860e+02
2938.99955002328579	2.999831e+02
2939.99898475730561	2.999805e+02
2940.99799142477559	2.999779e+02
2941.99969899304142	2.999752e+02
2942.99789763447097	2.999731e+02
2943.99900723070186	2.999714e+02
2944.99986880195729	2.999695e+02
2946.00050428817485	2.999675e+02
2946.99785858360246	2.999659e+02
2947.99816832813258	2.999647e+02
2948.99840250985471	2.999636e+02
2949.99862809933074	2.999625e+02
