# Region type : patch node2U_1_Inlet_0
#   Faces  : 148
#   Area   : 1.734768e-02
#        Time	areaAverage(T)
     0.999427	3.001500e+02
      2.00049	3.001500e+02
      3.00031	3.001500e+02
      3.99974	3.001500e+02
     4.999837	3.001500e+02
      6.00101	3.001500e+02
     7.000448	3.001500e+02
     8.000372	3.001500e+02
     9.000012	3.001500e+02
   10.0011397	3.001498e+02
   11.0005124	3.001497e+02
   12.0006243	3.001497e+02
    13.001107	3.001494e+02
   13.9997402	3.001455e+02
  14.99964955	3.001330e+02
  15.99955708	3.001222e+02
  17.00134405	3.001277e+02
  18.00000337	3.001396e+02
  19.00006167	3.001464e+02
 20.001505108	3.001487e+02
 20.999254464	3.001497e+02
  22.00150266	3.001506e+02
 23.001714829	3.001519e+02
 23.999634984	3.001538e+02
25.00095516804	3.001557e+02
25.9996836352	3.001573e+02
26.99932842931	3.001587e+02
28.00029166142	3.001599e+02
28.99937441246	3.001613e+02
30.002134441893	3.001626e+02
31.002014765417	3.001633e+02
32.001552166551	3.001627e+02
33.000560257147	3.001606e+02
33.999249928093	3.001584e+02
35.00108530523362	3.001579e+02
36.00057592118466	3.001606e+02
37.00120630448001	3.001661e+02
38.00022932106895	3.001725e+02
39.00052258115672	3.001780e+02
40.0012943804983152	3.001813e+02
41.0019879837090926	3.001827e+02
41.9992708912271695	3.001850e+02
43.0021545135227328	3.001925e+02
44.0019391598090266	3.002085e+02
44.9992995861729526	3.002332e+02
46.0009844670853099	3.002637e+02
47.0014489491798813	3.002959e+02
48.0008801364990703	3.003270e+02
48.9995304912996801	3.003560e+02
50.0001794237682375	3.003824e+02
50.9993551299025256	3.004063e+02
51.9998205148969248	3.004277e+02
53.0015311001695864	3.004467e+02
54.0013696283965601	3.004638e+02
54.9993238877661597	3.004798e+02
56.0015339065886479	3.004954e+02
57.0018205760141825	3.005112e+02
58.000096433294182	3.005273e+02
58.9991359299691496	3.005438e+02
60.0016627635771727	3.005606e+02
61.0010778941215932	3.005779e+02
62.0000130700834902	3.005958e+02
63.0010986270090001	3.006148e+02
64.0009690790207202	3.006349e+02
64.9994918949116851	3.006563e+02
65.9998560646141783	3.006787e+02
66.9992477683962306	3.007020e+02
68.0009249354785794	3.007258e+02
69.0019475640447695	3.007498e+02
69.9993513960609874	3.007738e+02
70.9993591323269015	3.007977e+02
72.0020465187059102	3.008211e+02
73.0013581031466714	3.008435e+02
74.000423255190384	3.008645e+02
74.9993458644687365	3.008836e+02
76.0013508435945511	3.009011e+02
77.0005510755528491	3.009171e+02
78.0000113736252843	3.009317e+02
78.9992549610128236	3.009453e+02
80.0009720943383229	3.009580e+02
81.0020589541296232	3.009700e+02
81.9992454193614009	3.009814e+02
83.0014611672898184	3.009926e+02
83.9993628440124525	3.010038e+02
85.0020431376517678	3.010152e+02
86.000333987758637	3.010269e+02
87.0003695380874404	3.010395e+02
88.0020658759812022	3.010529e+02
88.9993795452335519	3.010671e+02
90.0015696379174557	3.010821e+02
90.9997903684166971	3.010974e+02
92.0003898830139377	3.011128e+02
93.0006194266289867	3.011282e+02
94.0007057145538596	3.011434e+02
95.0007997335581251	3.011583e+02
96.0009686444809773	3.011726e+02
97.0012373806239623	3.011861e+02
98.0016053172324462	3.011986e+02
99.0020344570527584	3.012101e+02
99.9994552294174497	3.012208e+02
100.999851234731452	3.012307e+02
102.000136850138333	3.012400e+02
103.000241500016131	3.012488e+02
104.000073061910427	3.012572e+02
104.999552930719901	3.012653e+02
106.001633206025147	3.012731e+02
107.000192996165325	3.012808e+02
108.001260471577879	3.012882e+02
109.001819915586253	3.012955e+02
110.001932009313407	3.013028e+02
111.001635624775176	3.013102e+02
112.000980310532839	3.013177e+02
113.000018915714335	3.013253e+02
114.001807672044521	3.013326e+02
115.000361508444968	3.013394e+02
116.001781982353393	3.013456e+02
117.000048097326257	3.013512e+02
118.00122264940498	3.013565e+02
118.999382617868164	3.013615e+02
120.000616562993542	3.013665e+02
121.002007225989203	3.013715e+02
122.000661640430124	3.013767e+02
122.999734831133267	3.013828e+02
123.99952262735836	3.013910e+02
125.000333848736219	3.014022e+02
125.999642959708595	3.014175e+02
127.000956414914896	3.014370e+02
128.001293686371213	3.014600e+02
129.000700621259568	3.014856e+02
130.002135701572797	3.015132e+02
130.999533849213833	3.015414e+02
131.999244240588723	3.015691e+02
133.001101245812436	3.015948e+02
134.0020971077968	3.016177e+02
135.002075643628388	3.016374e+02
136.000848975566782	3.016541e+02
137.001309026256649	3.016679e+02
138.000254544982795	3.016792e+02
139.000649575250975	3.016886e+02
139.999224934568531	3.016965e+02
141.002036637829093	3.017037e+02
141.999654446908238	3.017104e+02
143.001271960468813	3.017172e+02
144.000548532269903	3.017241e+02
145.00044839448563	3.017311e+02
146.000849050599697	3.017380e+02
147.001677167223932	3.017445e+02
147.99975047252525	3.017503e+02
149.001369451029944	3.017553e+02
150.000282434108982	3.017591e+02
150.999551328031998	3.017619e+02
151.999184896249147	3.017637e+02
152.999208185270845	3.017644e+02
153.999585696359787	3.017644e+02
155.00029833082661	3.017638e+02
156.001343237128225	3.017627e+02
156.999457705577299	3.017611e+02
158.000686168546764	3.017593e+02
159.001776087131674	3.017575e+02
159.999561059721657	3.017559e+02
161.000550527382018	3.017544e+02
162.001972559951867	3.017534e+02
163.000888609676053	3.017529e+02
164.000316687785954	3.017532e+02
165.000096140130211	3.017543e+02
166.000088612179667	3.017558e+02
167.000061340522421	3.017568e+02
167.999782828424799	3.017566e+02
168.999172341489157	3.017547e+02
170.001230534148533	3.017507e+02
170.999544804163264	3.017447e+02
172.00045496321485	3.017367e+02
173.000757901779707	3.017274e+02
174.000444045117518	3.017173e+02
174.999760596408947	3.017067e+02
176.002157779350711	3.016961e+02
177.001661582702695	3.016853e+02
178.001628294344187	3.016743e+02
178.999162606507298	3.016623e+02
180.000503473761029	3.016486e+02
180.999207866690625	3.016321e+02
182.001208593017452	3.016115e+02
183.000047488950003	3.015858e+02
184.001808139786192	3.015542e+02
184.999937399233318	3.015171e+02
186.000595667805044	3.014759e+02
187.000530755139152	3.014321e+02
187.999425330199387	3.013874e+02
189.000062339945401	3.013420e+02
189.999357851741564	3.012961e+02
191.001057008974414	3.012484e+02
191.999795576908383	3.011958e+02
193.002046035564831	3.011298e+02
194.001168212745995	3.010447e+02
195.000232847940111	3.009441e+02
195.99953641592225	3.008401e+02
196.999439237675062	3.007491e+02
197.999269378639354	3.006763e+02
199.000650340503455	3.006207e+02
200.000842022656059	3.005742e+02
201.00119110761409	3.005340e+02
202.001134602567248	3.005082e+02
202.999417775043128	3.005105e+02
204.000827370954454	3.005416e+02
205.000559713225243	3.005904e+02
206.000502514791634	3.006518e+02
207.00011763453864	3.007174e+02
207.999195525308778	3.007742e+02
209.000671541921633	3.008081e+02
210.001817201873507	3.008117e+02
211.0002458890323	3.007754e+02
211.999364130299796	3.006977e+02
213.001839980993253	3.006069e+02
214.000870215088923	3.005293e+02
215.002023773923156	3.004645e+02
216.001504856122665	3.004123e+02
217.002189670235424	3.003779e+02
218.001143521538211	3.003575e+02
219.001212277794565	3.003410e+02
219.999323567592427	3.003285e+02
221.002031393932299	3.003226e+02
222.000217558785977	3.003200e+02
222.99997324448853	3.003230e+02
224.001867206834618	3.003362e+02
225.000375206176443	3.003577e+02
226.00200082573221	3.003845e+02
227.000972114187221	3.004127e+02
228.000539892764351	3.004424e+02
229.000893584517286	3.004743e+02
229.999159920018428	3.005076e+02
231.001639840260879	3.005399e+02
231.999283063040082	3.005685e+02
233.00130211069677	3.005933e+02
234.001698960598503	3.006156e+02
235.000597990278322	3.006359e+02
236.001193587127887	3.006536e+02
237.000556169397072	3.006686e+02
238.001863471893813	3.006823e+02
239.002111919382003	3.006969e+02
240.001418570662111	3.007156e+02
240.999928434963607	3.007362e+02
242.000753346005581	3.007569e+02
243.000790839895984	3.007799e+02
244.000120610590187	3.008067e+02
245.0016559814066	3.008409e+02
246.000482859716641	3.008836e+02
246.99990715638009	3.009303e+02
247.999403010268622	3.009741e+02
249.001563930534189	3.010096e+02
249.99991638000995	3.010327e+02
251.00124377511591	3.010416e+02
252.000612908785769	3.010343e+02
253.001586776589619	3.010076e+02
254.001036030762123	3.009600e+02
254.999975551401036	3.008982e+02
256.000901604547437	3.008363e+02
257.000429744924418	3.007868e+02
258.001671223638084	3.007546e+02
259.001589548794925	3.007410e+02
260.000266655218695	3.007462e+02
261.000969535167712	3.007663e+02
262.000494430921947	3.007875e+02
263.002051357954429	3.007943e+02
263.999663054152222	3.007871e+02
264.999816340629877	3.007687e+02
265.999646482167861	3.007372e+02
266.999122460407477	3.006976e+02
268.001488989346399	3.006549e+02
269.000493605175279	3.006139e+02
270.001990224823089	3.005869e+02
270.999337872084311	3.005771e+02
272.001339823267472	3.005741e+02
273.001474013986467	3.005698e+02
273.999720630411105	3.005616e+02
274.999301622459257	3.005530e+02
276.00038858779908	3.005505e+02
277.000037429810845	3.005499e+02
277.99913815271151	3.005431e+02
279.001896234752223	3.005354e+02
279.999861762659407	3.005354e+02
280.999488359605721	3.005413e+02
282.000390167863145	3.005488e+02
283.001987050804189	3.005506e+02
284.000403045574728	3.005394e+02
285.001459538132849	3.005172e+02
286.001911629869539	3.004918e+02
287.001710184502201	3.004643e+02
288.000877315806576	3.004374e+02
288.999535921458005	3.004167e+02
290.000849147452925	3.004006e+02
291.001784583192489	3.003878e+02
291.999470265078116	3.003792e+02
293.000350726228248	3.003713e+02
294.001453998386921	3.003626e+02
294.99966250983897	3.003597e+02
296.001136649546311	3.003663e+02
296.999687551871489	3.003750e+02
298.001247068601629	3.003809e+02
298.999548585051969	3.003868e+02
300.000750059626967	3.003890e+02
301.001680673730334	3.003843e+02
301.999163971664927	3.003811e+02
302.999367282612582	3.003816e+02
303.999165754537898	3.003792e+02
305.001521887055901	3.003754e+02
306.000375119051853	3.003756e+02
307.001951876416115	3.003780e+02
308.000142042528466	3.003811e+02
309.001212895246681	3.003877e+02
309.999178614301854	3.003969e+02
311.000144539620237	3.004074e+02
312.001033491892031	3.004216e+02
313.001930242594824	3.004390e+02
313.999795573081769	3.004536e+02
315.000737111554429	3.004655e+02
316.001795102997278	3.004774e+02
317.00001860641413	3.004885e+02
318.001569055336915	3.004980e+02
319.000370431756608	3.005077e+02
319.999538897728996	3.005176e+02
321.002128177021007	3.005263e+02
322.001976849831294	3.005340e+02
323.002194787671499	3.005418e+02
323.999791101614449	3.005489e+02
325.000926405668565	3.005554e+02
325.999464392117318	3.005630e+02
327.001583740419449	3.005726e+02
328.001120124628414	3.005825e+02
329.001056924662748	3.005914e+02
330.001316807607054	3.006004e+02
331.001922953082271	3.006095e+02
331.999820607277798	3.006171e+02
333.001108668105701	3.006224e+02
333.999592450065279	3.006279e+02
335.001430012474145	3.006343e+02
336.000445902539866	3.006375e+02
336.999658818477883	3.006359e+02
338.002156064041969	3.006323e+02
339.001851563835544	3.006280e+02
340.001899743984723	3.006211e+02
340.999156465230499	3.006129e+02
341.999853923984119	3.006091e+02
343.000704997008711	3.006097e+02
344.001376858938784	3.006082e+02
345.00203887706607	3.006071e+02
345.999955215504826	3.006137e+02
347.000522663162087	3.006230e+02
348.000200029152836	3.006289e+02
349.000522755694988	3.006352e+02
350.001253613143035	3.006447e+02
351.000624273237918	3.006506e+02
351.999435802063715	3.006514e+02
353.002196744729815	3.006538e+02
354.001070048515999	3.006543e+02
355.001641036799754	3.006477e+02
355.999599629701663	3.006429e+02
357.000540487227624	3.006419e+02
358.000075444862205	3.006377e+02
358.999302800154226	3.006334e+02
360.001709987803054	3.006327e+02
361.000074298292702	3.006312e+02
362.000859290272558	3.006288e+02
363.001622746756937	3.006304e+02
364.001832563596452	3.006350e+02
365.001535463384243	3.006399e+02
366.00131467837474	3.006453e+02
367.00110538924082	3.006509e+02
368.000736030787152	3.006551e+02
369.000275218586978	3.006589e+02
369.999824276884169	3.006637e+02
370.999426774194205	3.006676e+02
372.002080612393968	3.006677e+02
373.001588932385062	3.006676e+02
374.001081446833666	3.006695e+02
375.000626116571937	3.006713e+02
376.000218547876443	3.006724e+02
376.999910591726973	3.006748e+02
377.999797780145002	3.006774e+02
378.999906813743962	3.006791e+02
380.000244808336674	3.006817e+02
381.000865619572778	3.006859e+02
382.001806304484546	3.006888e+02
382.999946272056377	3.006894e+02
384.001355606036498	3.006901e+02
384.99985631053687	3.006915e+02
386.0015402976166	3.006905e+02
387.000162701931743	3.006867e+02
388.001801501548812	3.006817e+02
389.000300444038373	3.006755e+02
390.001742707954349	3.006682e+02
390.99990443699852	3.006632e+02
392.000936197689441	3.006613e+02
393.00177492471073	3.006607e+02
393.999328852185783	3.006614e+02
394.999780108992752	3.006656e+02
396.000134804692266	3.006727e+02
397.00042004616688	3.006815e+02
398.000667031307955	3.006920e+02
399.000931769728538	3.007034e+02
400.001227470614424	3.007140e+02
401.001544797640236	3.007238e+02
402.001902596511854	3.007326e+02
402.999246021227464	3.007394e+02
403.999704245461601	3.007445e+02
405.000213976000339	3.007487e+02
406.000785726507388	3.007519e+02
407.001408508531085	3.007540e+02
408.002071314539194	3.007557e+02
408.999708595374841	3.007569e+02
410.000459919667492	3.007576e+02
411.001252828558734	3.007585e+02
412.002098628850092	3.007599e+02
412.999937502784405	3.007620e+02
414.000908309496879	3.007647e+02
415.001942485681127	3.007680e+02
415.999966713914432	3.007717e+02
417.001110452812043	3.007754e+02
417.999223947442431	3.007789e+02
419.000449839982025	3.007823e+02
420.001714127287812	3.007855e+02
420.999943618431587	3.007886e+02
422.001290078822194	3.007915e+02
422.999615985253001	3.007940e+02
424.001060314288623	3.007961e+02
424.999478222599919	3.007980e+02
426.001017745420938	3.007996e+02
426.999530720086625	3.008007e+02
428.001152874177365	3.008017e+02
428.999734515582077	3.008026e+02
430.001408625449528	3.008033e+02
431.000010340225799	3.008039e+02
432.001667839199797	3.008045e+02
433.000221815074497	3.008046e+02
434.001804251808949	3.008040e+02
435.000261415516377	3.008032e+02
436.001731095603191	3.008024e+02
437.000062707295285	3.008016e+02
438.001391866866186	3.008011e+02
438.999570770102707	3.008008e+02
440.000737846380048	3.008006e+02
441.00182111589163	3.008007e+02
441.999771361342766	3.008012e+02
443.000763413799177	3.008025e+02
444.001696459830953	3.008044e+02
444.999500435886944	3.008068e+02
446.00032752414711	3.008093e+02
447.001117645498596	3.008119e+02
448.001883226712721	3.008142e+02
448.999571098762033	3.008161e+02
450.00033578121878	3.008173e+02
451.00111711588346	3.008179e+02
452.001919501336943	3.008178e+02
452.999672442533097	3.008170e+02
454.000509144188925	3.008153e+02
455.001349657630726	3.008131e+02
456.002184940512961	3.008107e+02
456.999938224470498	3.008083e+02
458.000744652436538	3.008057e+02
459.001531729330225	3.008035e+02
459.999229727689283	3.008017e+02
460.999980922561065	3.008005e+02
462.000721221335311	3.007997e+02
463.001457879234579	3.007994e+02
464.002198438059679	3.007999e+02
464.999883907378376	3.008013e+02
466.000675712563577	3.008031e+02
467.001515884230287	3.008050e+02
467.999330505639648	3.008071e+02
469.000266807748972	3.008090e+02
470.001261089356149	3.008106e+02
470.999245163364833	3.008117e+02
472.000360361590424	3.008121e+02
473.001534471459308	3.008118e+02
473.99969086704948	3.008110e+02
475.000964073942441	3.008096e+02
475.999201404603866	3.008077e+02
477.000533716233122	3.008054e+02
478.001873839315238	3.008028e+02
479.000134933457161	3.007999e+02
480.001446950719014	3.007975e+02
480.999654544415421	3.007951e+02
482.00089220139256	3.007929e+02
483.002083364948987	3.007911e+02
484.000154946090731	3.007897e+02
485.001249816296991	3.007889e+02
485.999230737996697	3.007886e+02
487.00024615858581	3.007889e+02
488.001234027089424	3.007899e+02
488.999135972829379	3.007914e+02
490.000107037485407	3.007932e+02
491.001090819159572	3.007952e+02
492.002101665974578	3.007975e+02
493.00008301340813	3.007998e+02
494.001188349803726	3.008020e+02
494.999284798957547	3.008040e+02
496.000521798226259	3.008056e+02
497.001832923759764	3.008068e+02
498.000146640750472	3.008075e+02
499.001605196865512	3.008077e+02
500.000061963698101	3.008075e+02
501.001655800322453	3.008067e+02
502.000234992100616	3.008057e+02
503.001937609868378	3.008044e+02
504.000610741995047	3.008029e+02
504.999319615887543	3.008015e+02
506.001131858100678	3.008001e+02
506.999897443339478	3.007988e+02
508.001760645684897	3.007978e+02
509.00057494393468	3.007970e+02
509.999413898640967	3.007963e+02
511.001351703648083	3.007959e+02
512.000243591651156	3.007958e+02
512.999166595937822	3.007961e+02
514.001198888276008	3.007968e+02
515.000197471901288	3.007978e+02
515.999240191230342	3.007989e+02
517.001404900109492	3.008001e+02
518.000546014341694	3.008014e+02
518.9997392945819	3.008024e+02
520.002060063838258	3.008033e+02
521.001358525883006	3.008038e+02
522.000709177407316	3.008039e+02
523.000105090532884	3.008037e+02
523.999529934207544	3.008030e+02
525.002084781041731	3.008019e+02
526.001622665853461	3.008005e+02
527.001171985616338	3.007990e+02
528.000721685101212	3.007974e+02
529.000262130536157	3.007958e+02
529.999796097172407	3.007946e+02
530.999318975361916	3.007934e+02
532.001899480313568	3.007922e+02
533.001399512774583	3.007914e+02
534.000900020699419	3.007912e+02
535.000404316961408	3.007914e+02
535.999921060856764	3.007920e+02
536.999458418444192	3.007929e+02
538.002103412542056	3.007938e+02
539.001714787084325	3.007948e+02
540.001366371732502	3.007959e+02
541.001061457090373	3.007968e+02
542.000809750296298	3.007977e+02
543.000609536481306	3.007983e+02
544.000457062784562	3.007986e+02
545.000356160035494	3.007988e+02
546.000305324828219	3.007987e+02
547.000296519477502	3.007985e+02
548.00032856348605	3.007981e+02
549.00039992437064	3.007975e+02
550.00050195823269	3.007967e+02
551.000628867013802	3.007957e+02
552.000778619984771	3.007946e+02
553.000945071355659	3.007934e+02
554.001124319738892	3.007923e+02
555.001316586008329	3.007912e+02
556.001519320644888	3.007902e+02
557.001731672484084	3.007894e+02
558.001954675918114	3.007886e+02
559.002190567552361	3.007881e+02
559.999362884992479	3.007877e+02
560.999630826612474	3.007875e+02
561.999920830554856	3.007874e+02
563.000235633839111	3.007874e+02
564.000576550278424	3.007875e+02
565.000944078801922	3.007876e+02
566.001337432372793	3.007876e+02
567.001755222184784	3.007875e+02
568.002196495543558	3.007873e+02
568.999580920182666	3.007870e+02
570.000062861669335	3.007866e+02
571.000563368208532	3.007861e+02
572.001080476734842	3.007854e+02
573.001612390215314	3.007847e+02
574.002157901395321	3.007839e+02
574.999637739490481	3.007830e+02
576.000208103055229	3.007821e+02
577.000790376419445	3.007812e+02
578.00138554894454	3.007802e+02
579.001995962862566	3.007793e+02
579.999544495687815	3.007784e+02
581.000190636220964	3.007775e+02
582.000857445269162	3.007766e+02
583.001547127940512	3.007758e+02
583.999183521675604	3.007751e+02
584.999926948589632	3.007744e+02
586.000700489218843	3.007737e+02
587.001506598911533	3.007731e+02
587.99926799382547	3.007726e+02
589.000145409217112	3.007721e+02
590.001061787678282	3.007716e+02
591.002019298079972	3.007711e+02
591.999939170705602	3.007705e+02
593.000983032244562	3.007700e+02
594.002072942547557	3.007694e+02
595.000129737546672	3.007688e+02
596.001316151765764	3.007682e+02
596.999472665188705	3.007674e+02
598.000761925122447	3.007666e+02
599.002104637616185	3.007658e+02
600.000419838153448	3.007648e+02
601.001870748756801	3.007638e+02
602.000295198039908	3.007627e+02
603.001856482751009	3.007616e+02
604.000391285519527	3.007605e+02
605.002064012870051	3.007593e+02
606.000709777146653	3.007582e+02
606.999409940374107	3.007570e+02
608.001245875481345	3.007559e+02
609.000049676068443	3.007547e+02
610.001977780122729	3.007535e+02
611.000845954300644	3.007522e+02
611.99973879132358	3.007509e+02
613.0017381606973	3.007498e+02
614.000676823116464	3.007488e+02
614.999639012873558	3.007477e+02
616.001711923290941	3.007468e+02
617.000734056203328	3.007460e+02
617.999790448542399	3.007453e+02
619.001965576661064	3.007449e+02
620.001094966328083	3.007443e+02
621.000264110250328	3.007436e+02
621.999473763055789	3.007428e+02
623.001807770423625	3.007418e+02
624.001097977880477	3.007409e+02
625.000428471307941	3.007399e+02
625.99979888765597	3.007388e+02
626.999206816023047	3.007378e+02
628.001734472853627	3.007368e+02
629.001210015546008	3.007357e+02
630.000717516821396	3.007347e+02
631.000256078500001	3.007338e+02
631.999825123270284	3.007331e+02
632.999426658020411	3.007325e+02
634.00214914754838	3.007319e+02
635.00182383606159	3.007314e+02
636.00153826904284	3.007308e+02
637.001295668469538	3.007303e+02
638.001098441052591	3.007297e+02
639.000949078242797	3.007292e+02
640.000852172062196	3.007286e+02
641.000811977679632	3.007280e+02
642.000826046606221	3.007274e+02
643.00088421093858	3.007266e+02
644.000987198982557	3.007259e+02
645.001135073950991	3.007251e+02
646.001327198662466	3.007242e+02
647.001564001378711	3.007234e+02
648.001846248315132	3.007225e+02
649.002175559720968	3.007215e+02
649.999466234982947	3.007205e+02
650.999894350096497	3.007195e+02
652.000373217148535	3.007185e+02
653.000902076524198	3.007173e+02
654.00147562295092	3.007162e+02
655.002088305455345	3.007150e+02
655.999648575967171	3.007138e+02
657.000332758057425	3.007126e+02
658.0010501714155	3.007113e+02
659.001800652544148	3.007101e+02
659.99949457924231	3.007088e+02
661.00031023942654	3.007075e+02
662.001159454296953	3.007060e+02
663.002044136727022	3.007045e+02
663.999875970023027	3.007029e+02
665.000834738074445	3.007013e+02
666.001832272214756	3.006997e+02
666.999780480688059	3.006982e+02
668.00086067640018	3.006967e+02
669.0019849067927	3.006953e+02
670.000066609870373	3.006936e+02
671.001289291633157	3.006919e+02
671.999475757621894	3.006902e+02
673.000807624938147	3.006885e+02
674.00218933117651	3.006866e+02
675.000530347012273	3.006846e+02
676.00201286504398	3.006825e+02
677.000455554626456	3.006802e+02
678.00203940307631	3.006778e+02
679.000578665894523	3.006753e+02
679.999162369956139	3.006728e+02
681.000880745148152	3.006701e+02
681.99954849522635	3.006675e+02
683.001348837939759	3.006650e+02
684.000098695633596	3.006627e+02
685.001982198614996	3.006602e+02
686.000816954055722	3.006579e+02
686.999697858463037	3.006555e+02
688.00171817598391	3.006531e+02
689.000696449352063	3.006507e+02
689.999727806012288	3.006482e+02
691.001907207350882	3.006457e+02
692.001049376099786	3.006431e+02
693.000249775258794	3.006404e+02
693.999509619646233	3.006376e+02
695.001924732240695	3.006348e+02
696.001309593331143	3.006321e+02
697.000760008039492	3.006292e+02
698.000278654198837	3.006265e+02
698.999867765049999	3.006238e+02
699.999528647373381	3.006213e+02
700.999261851223423	3.006189e+02
702.002166662328364	3.006167e+02
703.002048461605796	3.006144e+02
704.002016020040287	3.006118e+02
705.002067926577752	3.006091e+02
706.00220676286699	3.006062e+02
706.999339558774523	3.006033e+02
707.999660490636643	3.006003e+02
709.000074117678878	3.005973e+02
710.000580381524742	3.005943e+02
711.001179537292728	3.005913e+02
712.001873981621088	3.005883e+02
712.999567203269407	3.005852e+02
714.00045794582627	3.005821e+02
715.001450105897447	3.005791e+02
715.999448579511522	3.005762e+02
717.000655854154957	3.005733e+02
718.0019742138428	3.005705e+02
719.000305392174141	3.005678e+02
720.001852983587924	3.005651e+02
721.000416218402506	3.005623e+02
722.002200570993409	3.005594e+02
723.001008981241284	3.005565e+02
723.999950655311068	3.005535e+02
725.002133639869839	3.005504e+02
726.001353102790858	3.005473e+02
727.00071608947178	3.005440e+02
728.00022038558518	3.005407e+02
728.999871265919523	3.005374e+02
729.999674178006103	3.005343e+02
730.999624470423214	3.005314e+02
731.999723814716162	3.005287e+02
732.999981920546702	3.005258e+02
734.000399350975727	3.005229e+02
735.000982023089364	3.005205e+02
736.001751885511112	3.005182e+02
736.999619236443891	3.005155e+02
738.000802725583412	3.005124e+02
739.002187912777913	3.005092e+02
740.000664238488525	3.005060e+02
740.999335135875413	3.005028e+02
742.001306272409806	3.004996e+02
743.00035018367214	3.004965e+02
743.99957864434225	3.004936e+02
745.00209378730176	3.004910e+02
746.001656578055645	3.004886e+02
747.001380774958648	3.004865e+02
748.00126859852594	3.004846e+02
749.001303812227547	3.004829e+02
750.001478226125414	3.004811e+02
751.001804049645898	3.004792e+02
751.999170492685494	3.004775e+02
752.999809978551639	3.004759e+02
754.000617256708324	3.004744e+02
755.00160456231481	3.004728e+02
755.9996414509244	3.004710e+02
757.000951254417714	3.004691e+02
757.999294888358463	3.004671e+02
759.000917716026038	3.004652e+02
759.999566380384408	3.004636e+02
761.001471295675515	3.004620e+02
762.000398866962996	3.004605e+02
762.999480786557797	3.004590e+02
764.001828470308624	3.004575e+02
765.001191457607433	3.004559e+02
766.000702680357449	3.004543e+02
767.000354804227186	3.004528e+02
768.000129205270241	3.004514e+02
769.000031120643371	3.004499e+02
770.000070989382039	3.004485e+02
771.000232985301295	3.004472e+02
772.000507517313849	3.004460e+02
773.00091097560221	3.004448e+02
774.001447959901384	3.004437e+02
774.998969051475342	3.004427e+02
775.999733179126224	3.004417e+02
777.000628535097917	3.004406e+02
777.998511779941055	3.004398e+02
778.999625465291729	3.004391e+02
780.000852992181535	3.004382e+02
780.999067502251023	3.004373e+02
782.000501651750483	3.004364e+02
782.998890402950906	3.004354e+02
784.000510709332616	3.004342e+02
784.999095951145591	3.004330e+02
786.000885146906739	3.004318e+02
786.999626701129273	3.004305e+02
788.001601758150173	3.004291e+02
789.000530123687213	3.004277e+02
789.999530848230279	3.004265e+02
790.99862715721315	3.004254e+02
792.000951261299747	3.004242e+02
793.000211673519857	3.004233e+02
793.999551064803086	3.004226e+02
794.998993047389376	3.004220e+02
795.998539242270454	3.004218e+02
797.00121385970408	3.004219e+02
798.00083212691186	3.004217e+02
799.000522314330169	3.004212e+02
800.000250605756605	3.004210e+02
801.000017169912667	3.004207e+02
801.999842073571358	3.004201e+02
802.999706484609419	3.004195e+02
803.999582733291618	3.004190e+02
804.999482047756146	3.004185e+02
805.999415658781686	3.004178e+02
806.999351759117303	3.004171e+02
807.999274949151413	3.004167e+02
808.999208724711366	3.004163e+02
809.99914808867095	3.004158e+02
810.999056193766251	3.004153e+02
811.998932488494233	3.004151e+02
812.998803996338438	3.004149e+02
813.998654002002354	3.004146e+02
815.001579920991389	3.004143e+02
816.00133257523828	3.004143e+02
817.001074908216992	3.004142e+02
818.000771926080461	3.004139e+02
819.000393426636151	3.004138e+02
819.999981202322829	3.004138e+02
820.999550655257735	3.004134e+02
821.99903903299446	3.004129e+02
823.001566279714211	3.004126e+02
824.000924564271259	3.004119e+02
825.000221582081508	3.004106e+02
825.999382328954994	3.004099e+02
827.001587692406019	3.004093e+02
828.000627895948355	3.004076e+02
828.999551449502519	3.004064e+02
830.001467451544841	3.004060e+02
831.00021531107916	3.004048e+02
831.998895971035608	3.004030e+02
833.00053533753794	3.004024e+02
833.998955071971295	3.004023e+02
835.00047699596098	3.004010e+02
835.998715522652674	3.004005e+02
836.999930671296283	3.004013e+02
838.001123477570104	3.004010e+02
838.999081881752318	3.004003e+02
839.999970080385197	3.004009e+02
841.000794857779169	3.004012e+02
842.001560905365864	3.004002e+02
842.999001408825166	3.003999e+02
843.999452529910513	3.004001e+02
844.999872326116702	3.003987e+02
846.00012386627759	3.003976e+02
847.000222763155534	3.003972e+02
848.000292433634058	3.003960e+02
849.000242785677756	3.003945e+02
850.00002896157423	3.003934e+02
850.999761643604757	3.003925e+02
851.999393702273892	3.003912e+02
852.998859638489989	3.003899e+02
854.001360649677281	3.003890e+02
855.000657095778593	3.003879e+02
855.999813643532775	3.003869e+02
856.998873063266615	3.003861e+02
858.000986364875075	3.003853e+02
858.999868720381755	3.003845e+02
859.998649532608965	3.003838e+02
861.000471721768236	3.003829e+02
861.999066316743551	3.003819e+02
863.00067494956329	3.003808e+02
863.999087793853846	3.003797e+02
865.000544472149613	3.003785e+02
865.998803714020937	3.003775e+02
867.000122603809928	3.003765e+02
868.001384262134707	3.003756e+02
868.999472388112508	3.003749e+02
870.000643261292907	3.003742e+02
870.998667684868224	3.003735e+02
871.999782446837344	3.003725e+02
873.000874958462532	3.003715e+02
873.998827776105145	3.003702e+02
874.999872922336863	3.003687e+02
876.000892789683121	3.003672e+02
876.998770256755165	3.003655e+02
877.999739486612611	3.003637e+02
879.000683825170086	3.003619e+02
880.001608363271998	3.003599e+02
880.999396520939513	3.003580e+02
882.000287412664647	3.003561e+02
883.001169270520791	3.003542e+02
883.998928084996123	3.003523e+02
884.999805708670237	3.003506e+02
886.000690875077112	3.003490e+02
887.001587333905491	3.003476e+02
887.999378046442303	3.003463e+02
889.000298849841215	3.003451e+02
890.001227169192589	3.003440e+02
890.999038491454712	3.003429e+02
891.999963323031352	3.003419e+02
893.000877356106457	3.003410e+02
893.998656425749232	3.003401e+02
894.999532193965592	3.003391e+02
896.00038300383892	3.003382e+02
897.001206450445807	3.003373e+02
897.998883302916397	3.003365e+02
898.999649348573598	3.003356e+02
900.000386891797802	3.003348e+02
901.001097298132891	3.003341e+02
901.998664901937559	3.003334e+02
902.999325858317889	3.003329e+02
903.999963408500321	3.003324e+02
905.00057879198755	3.003320e+02
906.001172663939997	3.003317e+02
906.998627661731803	3.003314e+02
907.999177637872663	3.003311e+02
908.999704328773987	3.003308e+02
910.000205979892371	3.003305e+02
911.000680661403294	3.003301e+02
912.001126076367655	3.003296e+02
913.0015389069398	3.003290e+02
913.998800052091042	3.003285e+02
914.999140677978858	3.003278e+02
915.999443047825253	3.003272e+02
916.999706709535417	3.003266e+02
917.9999324325413	3.003259e+02
919.000120945214121	3.003253e+02
920.000274033838991	3.003247e+02
921.000394375183646	3.003241e+02
922.000485300970581	3.003234e+02
923.000549587474893	3.003227e+02
924.000590745406612	3.003220e+02
925.000611420237874	3.003211e+02
926.000613609053062	3.003202e+02
927.000599446097908	3.003191e+02
928.000569194498098	3.003179e+02
929.000522922412983	3.003166e+02
930.00045981055996	3.003151e+02
931.000378734565288	3.003136e+02
932.000279030365391	3.003119e+02
933.000160171714697	3.003102e+02
934.000022525270765	3.003084e+02
934.999867901941911	3.003066e+02
935.999698896975019	3.003049e+02
936.999519162073966	3.003032e+02
937.999332095546947	3.003015e+02
938.999141000032296	3.002999e+02
939.998949079595945	3.002984e+02
940.998758037671109	3.002969e+02
941.998568508800759	3.002954e+02
943.001495012791338	3.002939e+02
944.001307348309638	3.002925e+02
945.001117308138419	3.002910e+02
946.000922549333836	3.002895e+02
947.000718497132311	3.002879e+02
948.000501810637275	3.002864e+02
949.000268707143277	3.002849e+02
950.000015691923181	3.002833e+02
950.999740415221709	3.002819e+02
951.999440668327338	3.002804e+02
952.999114517718226	3.002791e+02
953.998760791102313	3.002778e+02
955.001492963863257	3.002767e+02
956.001082963674321	3.002756e+02
957.000645038631092	3.002746e+02
958.000178803099629	3.002737e+02
958.999682979672343	3.002728e+02
959.99915611341271	3.002719e+02
960.998596297893869	3.002710e+02
962.001114210052492	3.002701e+02
963.000481022976601	3.002691e+02
963.999807458572491	3.002681e+02
964.999090907294772	3.002670e+02
966.001442156829967	3.002659e+02
967.00063385017711	3.002648e+02
967.999778394348027	3.002636e+02
968.998876222372701	3.002624e+02
970.001041290887429	3.002613e+02
971.00005162988009	3.002601e+02
971.99902222709477	3.002590e+02
973.001068265900244	3.002579e+02
973.999968298627778	3.002568e+02
974.998835801962286	3.002558e+02
976.000783794113772	3.002547e+02
976.999589948280573	3.002536e+02
978.001478315908685	3.002524e+02
979.000227384655773	3.002512e+02
979.998950053329395	3.002500e+02
981.000759147816893	3.002486e+02
981.999433860136037	3.002472e+02
983.001198919287617	3.002458e+02
983.999833765523476	3.002443e+02
985.001562066623023	3.002427e+02
986.000163562993293	3.002411e+02
986.998750851895807	3.002395e+02
988.000436835688788	3.002378e+02
988.999001766113224	3.002361e+02
990.000669566239139	3.002344e+02
990.999220801870592	3.002327e+02
992.000879034973195	3.002309e+02
992.999424557068551	3.002292e+02
994.001079242855212	3.002274e+02
994.999621495325073	3.002256e+02
996.001272379075544	3.002237e+02
996.999808992381304	3.002218e+02
998.00145173852161	3.002199e+02
998.999978241237272	3.002180e+02
1000.00160959835716	3.002160e+02
1001.0001236260174	3.002140e+02
1001.99863129237235	3.002121e+02
1003.00024257300242	3.002102e+02
1003.99873512430747	3.002083e+02
1005.00032852015397	3.002064e+02
1005.99879928425139	3.002046e+02
1007.00036695508913	3.002028e+02
1007.99880919247039	3.002011e+02
1009.00034613438197	3.001995e+02
1009.99875574490147	3.001978e+02
1011.00025693841337	3.001962e+02
1011.99862805223597	3.001947e+02
1013.00008661249171	3.001932e+02
1014.00152002830805	3.001916e+02
1014.99981539430576	3.001901e+02
1016.00118991158695	3.001886e+02
1016.99942133770173	3.001871e+02
1018.00072743686451	3.001856e+02
1018.99888733657883	3.001841e+02
1020.0001194479787	3.001826e+02
1021.0013144051718	3.001812e+02
1021.99936417932599	3.001798e+02
1023.00048793499343	3.001785e+02
1024.00157635031769	3.001771e+02
1024.99951923650224	3.001758e+02
1026.00053376456799	3.001744e+02
1026.99840141366099	3.001731e+02
1027.99934028847269	3.001718e+02
1029.00024373670999	3.001704e+02
1029.99800516408482	3.001690e+02
1030.99884221824027	3.001676e+02
1031.99964671941939	3.001654e+02
1033.00041802231635	3.001628e+02
1033.99804952709655	3.001600e+02
1034.99875870898768	3.001570e+02
1035.99944064779402	3.001540e+02
1037.00009994695847	3.001509e+02
1038.00074205531064	3.001476e+02
1038.99826386522864	3.001443e+02
1039.99888329008604	3.001409e+02
1040.99949323576243	3.001375e+02
1042.00009334319179	3.001341e+02
1043.00068206451465	3.001306e+02
1043.99814967603993	3.001272e+02
1044.99870863692104	3.001237e+02
1045.99924781729806	3.001202e+02
1046.99976355174067	3.001168e+02
1048.00025367515536	3.001134e+02
1049.00071861765264	3.001101e+02
1049.99805381919327	3.001069e+02
1050.99847620815876	3.001036e+02
1051.99888214853831	3.001003e+02
1052.99927355657019	3.000969e+02
1053.9996523324719	3.000935e+02
1055.00002043905374	3.000901e+02
1056.00037971354323	3.000866e+02
1057.00073245915132	3.000830e+02
1057.99797295655617	3.000794e+02
1058.99831543682899	3.000758e+02
1059.99865196832684	3.000721e+02
1060.99898010463107	3.000683e+02
1061.99929558142412	3.000647e+02
1062.99959473043623	3.000611e+02
1063.99987413955296	3.000576e+02
1065.00013162082382	3.000543e+02
1066.0003666061491	3.000519e+02
1067.00058056368607	3.000498e+02
1068.00077596735809	3.000478e+02
1069.00095477978175	3.000459e+02
1069.99801178201983	3.000441e+02
1070.99815862411697	3.000423e+02
1071.99828564748941	3.000405e+02
1072.99838778802427	3.000388e+02
1073.99845913444005	3.000371e+02
1074.9984943237796	3.000355e+02
1075.99848998123457	3.000339e+02
1076.99844496008745	3.000323e+02
1077.99835962096631	3.000307e+02
1078.99823550914539	3.000292e+02
1079.99804283451908	3.000270e+02
1080.99777406137309	3.000252e+02
1081.99757889515672	3.000233e+02
1082.99736940244225	3.000216e+02
1083.997131230901	3.000198e+02
1084.99997233226168	3.000181e+02
1085.99968519321806	3.000163e+02
1086.99937344953241	3.000146e+02
1087.99903579596662	3.000129e+02
1088.99867164629632	3.000112e+02
1089.99828016497986	3.000096e+02
1090.99786207309512	3.000079e+02
1091.99741979769374	3.000063e+02
1092.99695453449795	3.000047e+02
1093.99957109156776	3.000031e+02
1094.99906341952942	3.000015e+02
1095.99853767852869	2.999999e+02
1096.99799652755314	2.999982e+02
1097.99744266236758	2.999964e+02
1098.99998253767399	2.999946e+02
1099.99941124372504	2.999926e+02
1100.99883557991279	2.999896e+02
1101.99825767902257	2.999864e+02
1102.99768014663232	2.999829e+02
1103.99710595075726	2.999791e+02
1104.99964161450657	2.999752e+02
1105.99908297351203	2.999712e+02
1106.99853713760399	2.999669e+02
1107.99800585816433	2.999626e+02
1108.9974892800883	2.999581e+02
1109.99698550838366	2.999537e+02
1110.9995967161592	2.999492e+02
1111.99911250392847	2.999448e+02
1112.99863366098452	2.999404e+02
1113.99815714160036	2.999361e+02
1114.99768068710409	2.999318e+02
1115.9972029713133	2.999275e+02
1116.99982721927131	2.999232e+02
1117.99934466068339	2.999189e+02
1118.99885918591713	2.999146e+02
1119.99837112821047	2.999103e+02
1120.99788002591595	2.999061e+02
1121.9973852182859	2.999018e+02
1122.99999101212848	2.998975e+02
1123.99948905605766	2.998934e+02
1124.99898330748624	2.998892e+02
1125.99847339668077	2.998851e+02
1126.99795813229139	2.998811e+02
1127.99743513206772	2.998772e+02
1129.00000566831295	2.998733e+02
1129.99945815789215	2.998695e+02
1130.99889325602135	2.998658e+02
1131.99830841874882	2.998647e+02
1133.00080490487903	2.998624e+02
1134.00017295241537	2.998603e+02
1134.99951269206895	2.998582e+02
1135.99882001690776	2.998563e+02
1136.9980899825764	2.998544e+02
1138.00042121801789	2.998527e+02
1138.99960350566766	2.998510e+02
1139.99873758961189	2.998493e+02
1141.00092542982816	2.998477e+02
1141.99996276609818	2.998461e+02
1142.99895494689849	2.998445e+02
1144.00100640711162	2.998428e+02
1144.99991575993818	2.998412e+02
1145.99878880975484	2.998395e+02
1147.0007313388096	2.998377e+02
1147.99954265645124	2.998360e+02
1148.99832711965564	2.998341e+02
1150.000187799591	2.998322e+02
1150.99892189105094	2.998297e+02
1152.00073346352883	2.998268e+02
1152.99942172058309	2.998237e+02
1153.99809208171928	2.998206e+02
1154.99985105495193	2.998173e+02
1155.99850184254683	2.998138e+02
1157.00025319591782	2.998102e+02
1157.99890694103397	2.998065e+02
1159.00066832192624	2.998026e+02
1159.99933451059292	2.997987e+02
1160.99800622983889	2.997947e+02
1161.9997834014282	2.997906e+02
1162.99846151705219	2.997865e+02
1164.00024126092603	2.997822e+02
1164.99891712956332	2.997779e+02
1166.00068994524736	2.997735e+02
1166.99935646339691	2.997690e+02
1167.9980188936504	2.997644e+02
1168.99978069425833	2.997597e+02
1169.9984467029667	2.997550e+02
1171.00022526371276	2.997501e+02
1171.99892255418968	2.997452e+02
1173.00074953688045	2.997401e+02
1173.99949361987819	2.997349e+02
1174.99825013742043	2.997295e+02
1176.00013710691951	2.997241e+02
1176.99895466628141	2.997186e+02
1178.00090672586907	2.997131e+02
1178.99978597725067	2.997075e+02
1179.99868844415846	2.997019e+02
1181.0007103556602	2.996965e+02
1181.99964151327413	2.996911e+02
1182.99858001971097	2.996858e+02
1184.00062515109835	2.996806e+02
1184.99957067028504	2.996756e+02
1185.99851899484156	2.996706e+02
1187.00057351632518	2.996658e+02
1187.99953059631616	2.996611e+02
1188.99849362446412	2.996566e+02
1190.00056565881141	2.996521e+02
1190.99954199423428	2.996478e+02
1191.99852380361835	2.996436e+02
1193.0006089512633	2.996394e+02
1193.99958603475943	2.996354e+02
1194.99855016271181	2.996313e+02
1196.00059544823239	2.996274e+02
1196.99950960317574	2.996237e+02
1197.99838901838962	2.996200e+02
1199.00033048155274	2.996165e+02
1199.99912615566609	2.996131e+02
1201.00097866831493	2.996099e+02
1201.99968382255634	2.996074e+02
1202.99834003880733	2.996053e+02
1204.000048194486	2.996034e+02
1204.99862036699483	2.996017e+02
1206.00026296274086	2.995999e+02
1206.99877532803589	2.995982e+02
1208.00035765685629	2.995964e+02
1208.99880374529289	2.995945e+02
1210.00030765006909	2.995926e+02
1210.99866048260742	2.995900e+02
1212.00005521470644	2.995870e+02
1212.99828645891466	2.995841e+02
1213.99955647530646	2.995819e+02
1215.00077473615215	2.995797e+02
1215.99885572998278	2.995774e+02
1217.00001534245234	2.995751e+02
1217.99807015916804	2.995727e+02
1218.99923182491011	2.995702e+02
1220.00040784604539	2.995677e+02
1220.99850238459476	2.995648e+02
1221.99971680765952	2.995610e+02
1223.0009526615288	2.995570e+02
1223.99911018558737	2.995528e+02
1225.00038901855055	2.995483e+02
1225.99859035402733	2.995436e+02
1226.99991543423243	2.995385e+02
1227.9981656946045	2.995333e+02
1228.9995445570305	2.995278e+02
1230.0009559124162	2.995222e+02
1230.99930306384226	2.995166e+02
1232.00079096131367	2.995109e+02
1232.99922256000877	2.995051e+02
1234.00080150474764	2.994992e+02
1234.99932704594016	2.994933e+02
1236.00100135483262	2.994872e+02
1236.99962158512949	2.994810e+02
1237.99828767946792	2.994747e+02
1239.00009935828234	2.994682e+02
1239.99885077281624	2.994616e+02
1241.00074088707311	2.994549e+02
1241.99955992815626	2.994482e+02
1242.99840375107306	2.994414e+02
1244.00036954211714	2.994347e+02
1244.99924899340976	2.994282e+02
1245.99814252710053	2.994218e+02
1247.00015233778663	2.994156e+02
1247.99907446850011	2.994097e+02
1248.99801245657409	2.994039e+02
1250.00006949212343	2.993982e+02
1250.99903874465963	2.993927e+02
1251.9980171517559	2.993874e+02
1253.00009871743578	2.993821e+02
1253.99906924520496	2.993769e+02
1254.99802171148099	2.993719e+02
1256.00004890617402	2.993670e+02
1256.99893735115597	2.993623e+02
1258.00088512359002	2.993578e+02
1258.99968529377657	2.993534e+02
1259.99843966837557	2.993492e+02
1261.00025147559381	2.993453e+02
1261.99892107124424	2.993416e+02
1263.00065423065553	2.993380e+02
1263.99925049751687	2.993345e+02
1265.0009135610826	2.993311e+02
1265.99944161575922	2.993277e+02
1266.99793565363575	2.993243e+02
1267.99949549814323	2.993209e+02
1268.99791731754135	2.993174e+02
1269.9993999202743	2.993138e+02
1271.00083948422684	2.993102e+02
1271.99913290560312	2.993066e+02
1273.00047962419103	2.993030e+02
1273.99868037886404	2.993003e+02
1274.99993909200953	2.992977e+02
1275.99806137866858	2.992951e+02
1276.99925376117221	2.992925e+02
1278.00042350549757	2.992898e+02
1278.99847846206808	2.992872e+02
1279.9996250331501	2.992844e+02
1281.00076718556329	2.992807e+02
1281.99880365085437	2.992766e+02
1282.99993413125026	2.992724e+02
1283.99796679431188	2.992678e+02
1284.99911057220856	2.992630e+02
1286.00027752006417	2.992580e+02
1286.99837975066725	2.992525e+02
1287.99962550355622	2.992466e+02
1289.0009215487255	2.992406e+02
1289.99917414749689	2.992344e+02
1291.00058816401247	2.992280e+02
1291.99896510465373	2.992217e+02
1293.00051009187996	2.992153e+02
1293.9990221543444	2.992088e+02
1295.0006992244821	2.992023e+02
1295.99933696642756	2.991957e+02
1296.99803311771893	2.991889e+02
1297.99988504428347	2.991821e+02
1298.99868789046354	2.991752e+02
1300.00064337446429	2.991681e+02
1300.99954346376671	2.991609e+02
1301.99848729543987	2.991536e+02
1303.00057421883002	2.991461e+02
1303.99959571877844	2.991387e+02
1304.99865258077125	2.991312e+02
1306.00084756155638	2.991236e+02
1306.99997568614435	2.991161e+02
1307.99914038046791	2.991085e+02
1308.99834180037737	2.991010e+02
1310.00068060740341	2.990933e+02
1310.99994679110318	2.990858e+02
1311.99923955881809	2.990784e+02
1312.99855416577725	2.990711e+02
1314.00098871274236	2.990639e+02
1315.00033118233068	2.990570e+02
1315.99968035228039	2.990503e+02
1316.99903062470958	2.990436e+02
1317.99837596639827	2.990373e+02
1319.00081431395529	2.990312e+02
1320.00013219435982	2.990252e+02
1320.99942818310433	2.990194e+02
1321.99869978614174	2.990140e+02
1322.99794457855933	2.990088e+02
1324.00026133372853	2.990035e+02
1324.99944066448029	2.989984e+02
1325.9985875870309	2.989937e+02
1327.00080828060459	2.989889e+02
1327.99989652433896	2.989840e+02
1328.99895469004514	2.989794e+02
1329.99798759769919	2.989750e+02
1331.00009817108776	2.989703e+02
1331.99907272872133	2.989656e+02
1332.9980161248659	2.989615e+02
1334.00004250575012	2.989572e+02
1334.99894359480732	2.989527e+02
1336.00092217373071	2.989487e+02
1336.99978862095145	2.989445e+02
1337.99864279015287	2.989399e+02
1339.00057781168721	2.989356e+02
1339.99939990603571	2.989313e+02
1340.99821403393571	2.989266e+02
1342.00011797293246	2.989221e+02
1342.99891625323062	2.989175e+02
1344.00081712779388	2.989124e+02
1344.99961532945053	2.989073e+02
1345.99841945113303	2.989021e+02
1347.00033626975369	2.988966e+02
1347.9991612664146	2.988909e+02
1348.99800061232236	2.988851e+02
1349.99995843046486	2.988790e+02
1350.99882884485237	2.988727e+02
1352.00081784367558	2.988664e+02
1352.99972466956524	2.988598e+02
1353.99865292872482	2.988531e+02
1355.00070862963616	2.988462e+02
1355.99969133071227	2.988390e+02
1356.99870541472819	2.988317e+02
1358.00085484322972	2.988242e+02
1358.99993565592968	2.988165e+02
1359.99904835064194	2.988086e+02
1360.99819117085349	2.988006e+02
1362.00046895444302	2.987924e+02
1362.9996744606367	2.987841e+02
1363.99890983446517	2.987756e+02
1364.99817625000514	2.987671e+02
1366.00057675993003	2.987583e+02
1366.99990367562941	2.987496e+02
1367.9992590363438	2.987408e+02
1368.99864066007058	2.987320e+02
1369.99804663080772	2.987233e+02
1371.00057959637684	2.987145e+02
1372.00002990975213	2.987059e+02
1372.9995002470821	2.986974e+02
1373.99899004972622	2.986889e+02
1374.99849884930177	2.986805e+02
1375.99802611657037	2.986721e+02
1377.0006751514743	2.986639e+02
1378.00023421828473	2.986557e+02
1378.99980186620587	2.986477e+02
1379.99937287725652	2.986399e+02
1380.99894108755052	2.986323e+02
1381.99850130410346	2.986250e+02
1382.99804987963262	2.986178e+02
1384.00068734541537	2.986109e+02
1385.0002043187983	2.986043e+02
1385.99970579036994	2.985979e+02
1386.99919015351657	2.985916e+02
1387.9986536510246	2.985855e+02
1388.99809272032599	2.985795e+02
1390.00060974385337	2.985737e+02
1390.99999660132357	2.985681e+02
1391.99935726255489	2.985627e+02
1392.99869173706816	2.985575e+02
1393.9979991575558	2.985524e+02
1395.00037999900633	2.985473e+02
1395.99962390962583	2.985424e+02
1396.99883211560154	2.985376e+02
1397.99800414250876	2.985329e+02
1399.00024344831309	2.985283e+02
1399.99934490739838	2.985238e+02
1400.9984116419314	2.985194e+02
1402.00054648821447	2.985149e+02
1402.99954453430087	2.985104e+02
1403.99850834173913	2.985060e+02
1405.00053967198528	2.985015e+02
1405.99943391035413	2.984969e+02
1406.99829450752236	2.984923e+02
1408.00022814772478	2.984875e+02
1408.99903329382164	2.984824e+02
1410.00091412937172	2.984771e+02
1410.99966626340984	2.984716e+02
1411.9983906948205	2.984658e+02
1413.00019518133809	2.984598e+02
1413.99888386547832	2.984536e+02
1415.00066595208682	2.984473e+02
1415.99934766114984	2.984407e+02
1416.9980370354624	2.984337e+02
1417.99983869231846	2.984265e+02
1418.99855226288651	2.984190e+02
1420.00038617582095	2.984113e+02
1420.99914001706429	2.984036e+02
1421.99792000870934	2.983957e+02
1422.99982909249775	2.983878e+02
1423.99866679425713	2.983799e+02
1425.00064067122162	2.983720e+02
1425.99955111646295	2.983641e+02
1426.99850618558708	2.983561e+02
1428.00061483366107	2.983481e+02
1428.99967494484235	2.983399e+02
1429.99878924253017	2.983317e+02
1430.99795362734608	2.983235e+02
1432.00026670837451	2.983153e+02
1432.99951741945915	2.983071e+02
1433.99880633259363	2.982991e+02
1434.99813322529735	2.982912e+02
1436.00060118761689	2.982833e+02
1437.00000441811471	2.982754e+02
1437.99944825605439	2.982676e+02
1438.99893273974135	2.982598e+02
1439.99845539545322	2.982520e+02
1440.99801166552561	2.982443e+02
1442.00069993741477	2.982367e+02
1443.00030417449284	2.982293e+02
1443.99992098048074	2.982220e+02
1444.99954376078949	2.982149e+02
1445.99916897508547	2.982080e+02
1446.99879542122426	2.982014e+02
1447.99842022787266	2.981949e+02
1448.99803658171481	2.981885e+02
1450.00074251822184	2.981823e+02
1451.00032547006595	2.981763e+02
1451.99989047009171	2.981706e+02
1452.99943915289964	2.981651e+02
1453.99897263919183	2.981599e+02
1454.99849251259775	2.981549e+02
1455.99799841150116	2.981499e+02
1457.00059184705924	2.981450e+02
1458.00006146936698	2.981403e+02
1458.99950821755465	2.981357e+02
1459.99892970872861	2.981313e+02
1460.99832273732682	2.981270e+02
1462.00078713971266	2.981228e+02
1463.00011302539178	2.981188e+02
1463.99940313452635	2.981148e+02
1464.99865863753894	2.981111e+02
1466.00098595879172	2.981074e+02
1467.00018237721974	2.981037e+02
1467.99935405881047	2.981000e+02
1468.99850226643298	2.980963e+02
1470.00072925667791	2.980925e+02
1470.99982757685984	2.980885e+02
1471.9988974616665	2.980845e+02
1472.99793641740439	2.980803e+02
1474.00004542403713	2.980760e+02
1474.99902393116145	2.980716e+02
1475.99798331380998	2.980669e+02
1477.00003275532003	2.980619e+02
1477.99896764514278	2.980565e+02
1479.00098971328089	2.980507e+02
1479.99989016698669	2.980448e+02
1480.9987717291865	2.980388e+02
1482.00074561971337	2.980329e+02
1482.99962385314484	2.980270e+02
1483.99852982484094	2.980210e+02
1485.00058344117451	2.980145e+02
1485.99959041304328	2.980076e+02
1486.99865669960923	2.980002e+02
1488.00088243404866	2.979926e+02
1489.00005568623578	2.979848e+02
1489.99927060181244	2.979770e+02
1490.99852111164478	2.979692e+02
1492.00090713276791	2.979615e+02
1493.00022362862455	2.979538e+02
1493.99958070080538	2.979460e+02
1494.99898601783889	2.979382e+02
1495.99844407874298	2.979303e+02
1496.99795267212198	2.979220e+02
1498.00061017970302	2.979136e+02
1499.00020024652781	2.979052e+02
1499.99982124123744	2.978968e+02
1500.9994711555787	2.978886e+02
1501.99915476841147	2.978807e+02
1502.99888210405743	2.978728e+02
1503.99866218352054	2.978648e+02
1504.99850046269671	2.978566e+02
1505.99839741814117	2.978481e+02
1506.99834498102905	2.978394e+02
1507.99832982226803	2.978308e+02
1508.99834377057755	2.978224e+02
1509.9983812867863	2.978143e+02
1510.99843940311575	2.978067e+02
1511.99851754542328	2.977993e+02
1512.99862037456728	2.977920e+02
1513.99875680543801	2.977850e+02
1514.99893992752845	2.977780e+02
1515.99916719891712	2.977711e+02
1516.99943167005972	2.977642e+02
1517.99971705804433	2.977575e+02
1519.00000507093364	2.977510e+02
1520.00028064636444	2.977450e+02
1521.00054344655064	2.977395e+02
1522.00080604227378	2.977344e+02
1522.99797203784647	2.977296e+02
1523.9982617297137	2.977248e+02
1524.99857104828561	2.977199e+02
1525.99889287421797	2.977151e+02
1526.99920744121346	2.977105e+02
1527.99949332756796	2.977062e+02
1528.99972890828735	2.977025e+02
1529.99989843304297	2.976994e+02
1530.99999660623575	2.976967e+02
1532.00002834752672	2.976943e+02
1533.0000056497388	2.976919e+02
1533.99994379792724	2.976894e+02
1534.99985489382766	2.976864e+02
1535.99974107227354	2.976830e+02
1536.99959318218407	2.976791e+02
1537.9993945457486	2.976751e+02
1538.99912737611771	2.976710e+02
1539.99878050831308	2.976670e+02
1540.99835962920133	2.976634e+02
1542.0009963747616	2.976598e+02
1543.00051612376092	2.976562e+02
1544.00004650489836	2.976521e+02
1544.99959031082108	2.976472e+02
1545.99913767881571	2.976417e+02
1546.99866683407481	2.976358e+02
1547.99815230633658	2.976300e+02
1549.00068285709017	2.976244e+02
1550.00005989398483	2.976193e+02
1550.99940805667757	2.976146e+02
1551.99875115231362	2.976098e+02
1552.99810340256977	2.976044e+02
1554.00057779378039	2.975984e+02
1554.99996085500288	2.975918e+02
1555.99934013623056	2.975848e+02
1556.99870004641639	2.975774e+02
1557.99802508664197	2.975700e+02
1559.00040351372286	2.975628e+02
1559.99962961638175	2.975556e+02
1560.99883185458475	2.975484e+02
1561.99804665354827	2.975412e+02
1563.00040512244777	2.975336e+02
1563.99971697969067	2.975250e+02
1564.99910425874737	2.975157e+02
1565.99856707239883	2.975062e+02
1566.99807599091628	2.974962e+02
1568.00070774537676	2.974857e+02
1569.00026169563853	2.974757e+02
1569.99985397141518	2.974666e+02
1570.99947455884217	2.974578e+02
1571.99913249478072	2.974485e+02
1572.99887431463685	2.974395e+02
1573.99872674321773	2.974312e+02
1574.99867493132228	2.974221e+02
1575.99869628956208	2.974118e+02
1576.99876896870296	2.974024e+02
1577.99887053899829	2.973939e+02
1578.99898700611743	2.973850e+02
1579.99911920877094	2.973768e+02
1580.99929604950307	2.973702e+02
1581.99954333203823	2.973630e+02
1582.99986456861598	2.973551e+02
1584.00026526690181	2.973480e+02
1585.00074982126171	2.973404e+02
1585.99819811651037	2.973321e+02
1586.99880664137254	2.973249e+02
1587.99945226420368	2.973179e+02
1589.0001050525093	2.973106e+02
1590.0007417046229	2.973041e+02
1590.99824813146188	2.972980e+02
1591.99884023885124	2.972919e+02
1592.99942972519125	2.972864e+02
1594.00002958172672	2.972811e+02
1595.00064829070243	2.972755e+02
1595.99818229142693	2.972702e+02
1596.99883056767135	2.972650e+02
1597.99946764110496	2.972598e+02
1599.00008495377551	2.972551e+02
1600.00067270199793	2.972509e+02
1600.99811693056563	2.972469e+02
1601.99863573761127	2.972433e+02
1602.99912012433379	2.972400e+02
1603.99955882001245	2.972367e+02
1604.99994378683573	2.972335e+02
1606.00026089057701	2.972307e+02
1607.00048996083433	2.972281e+02
1608.00061823184706	2.972259e+02
1609.00063726449798	2.972242e+02
1610.0005459719514	2.972227e+02
1611.00035693762493	2.972212e+02
1612.00008533486721	2.972196e+02
1612.99974030925409	2.972174e+02
1613.99933008162088	2.972143e+02
1614.99885544376457	2.972104e+02
1615.99829926410507	2.972058e+02
1617.00074608381328	2.972005e+02
1617.99999151333782	2.971951e+02
1618.99916022374327	2.971901e+02
1619.99827274183122	2.971852e+02
1621.00046467299944	2.971800e+02
1621.99955921158471	2.971746e+02
1622.99868939079943	2.971690e+02
1624.00096420526552	2.971627e+02
1625.0001752008875	2.971560e+02
1625.99941093398934	2.971491e+02
1626.99864202277604	2.971421e+02
1628.00095094900098	2.971349e+02
1629.00012708075269	2.971279e+02
1629.99926862994425	2.971209e+02
1630.99839600341625	2.971136e+02
1632.00064545422356	2.971060e+02
1632.999830789101	2.970978e+02
1633.99906500187512	2.970888e+02
1634.99834936202728	2.970791e+02
1636.00077795229117	2.970688e+02
1637.00013341642921	2.970583e+02
1637.99951203272235	2.970477e+02
1638.99891425364126	2.970373e+02
1639.99835136539605	2.970270e+02
1641.00094891576464	2.970167e+02
1642.00052419316467	2.970063e+02
1643.00020450171905	2.969957e+02
1643.99999952621715	2.969847e+02
1644.99990031811558	2.969733e+02
1645.9998853409802	2.969618e+02
1646.99992774030056	2.969506e+02
1648.00000741580061	2.969400e+02
1649.00012525584066	2.969302e+02
1650.0003044318978	2.969212e+02
1651.00057667982696	2.969127e+02
1652.00097306798943	2.969042e+02
1652.9984012384748	2.968953e+02
1653.99906609368327	2.968858e+02
1654.9998186113578	2.968759e+02
1656.00059973348289	2.968658e+02
1656.99825718648094	2.968563e+02
1657.99898360932161	2.968477e+02
1658.99966849767975	2.968402e+02
1660.00032889122303	2.968336e+02
1661.00098436380154	2.968273e+02
1661.99854619226448	2.968209e+02
1662.99925115638712	2.968143e+02
1664.00001017106456	2.968075e+02
1665.00081724871029	2.968005e+02
1665.99854239466185	2.967932e+02
1666.99936593392567	2.967860e+02
1668.00013978533343	2.967788e+02
1669.00085085916248	2.967723e+02
1669.99840096049707	2.967665e+02
1670.99901862720822	2.967613e+02
1671.9996011514902	2.967565e+02
1673.00014282323718	2.967520e+02
1674.00062690990535	2.967478e+02
1674.99793006669779	2.967443e+02
1675.99825913159702	2.967415e+02
1676.9985159332075	2.967396e+02
1677.99873305586266	2.967383e+02
1678.99894984492721	2.967371e+02
1679.9991844537949	2.967354e+02
1680.99942100389649	2.967327e+02
1681.99961178412059	2.967289e+02
1682.99969481212179	2.967244e+02
1683.99961417643317	2.967200e+02
1684.99933732720092	2.967162e+02
1685.99886835550888	2.967133e+02
1686.99826333853071	2.967111e+02
1688.00070195106059	2.967091e+02
1689.00002689868484	2.967064e+02
1689.99935696480293	2.967024e+02
1690.99869182296447	2.966970e+02
1691.99802643554904	2.966909e+02
1693.00044817745015	2.966842e+02
1693.9997459726842	2.966774e+02
1694.99903910307034	2.966707e+02
1695.99833840348583	2.966638e+02
1697.00075316265634	2.966562e+02
1698.00007672925381	2.966480e+02
1698.99939518658698	2.966391e+02
1699.99868049662655	2.966297e+02
1700.99791381765954	2.966203e+02
1702.00018950024923	2.966114e+02
1702.99931216928599	2.966031e+02
1703.99841821405221	2.965953e+02
1705.00066237152009	2.965877e+02
1705.99989378959776	2.965797e+02
1706.99925281337846	2.965709e+02
1707.99875871085374	2.965610e+02
1708.9984074327424	2.965499e+02
1709.99817324317451	2.965379e+02
1710.99800487291645	2.965253e+02
1712.00095314679879	2.965126e+02
1713.00077544386886	2.965003e+02
1714.00057550727479	2.964889e+02
1715.00038130945882	2.964784e+02
1716.00023802081137	2.964685e+02
1717.00019297839776	2.964590e+02
1718.00027819476122	2.964493e+02
1719.00050654086658	2.964393e+02
1720.00087646197721	2.964290e+02
1720.99825701122109	2.964187e+02
1721.99882484980481	2.964083e+02
1722.99944642589753	2.963981e+02
1724.00010876766851	2.963881e+02
1725.0007972407634	2.963779e+02
1725.99838250384119	2.963673e+02
1726.99907796378784	2.963565e+02
1727.99979450504793	2.963459e+02
1729.00054098330065	2.963357e+02
1729.99817993578563	2.963257e+02
1730.9988351227255	2.963159e+02
1731.99930843447328	2.963069e+02
1732.99960140813437	2.962996e+02
1733.99981711714031	2.962946e+02
1735.00010576322961	2.962907e+02
1736.00061319661063	2.962863e+02
1736.99831962602411	2.962798e+02
1737.99942471794657	2.962703e+02
1739.00069142894085	2.962582e+02
1739.99879142569853	2.962453e+02
1740.99972082434397	2.962339e+02
1742.0002595753615	2.962267e+02
1743.00042499239476	2.962245e+02
1744.00033711463016	2.962262e+02
1745.00020420483202	2.962299e+02
1746.00020305081262	2.962329e+02
1747.00044924191297	2.962336e+02
1748.00098229104992	2.962304e+02
1748.99862559907751	2.962239e+02
1749.99937443698445	2.962156e+02
1750.99993341300956	2.962074e+02
1752.00020452842364	2.962007e+02
1753.00018539774965	2.961961e+02
1753.99995722605786	2.961928e+02
1754.99965172305224	2.961896e+02
1755.99937420901142	2.961852e+02
1756.99918398843283	2.961790e+02
1757.99905727546616	2.961715e+02
1758.99890197778745	2.961635e+02
1759.99861603758336	2.961562e+02
1760.99815084045258	2.961506e+02
1762.00064772574046	2.961471e+02
1763.00000454708311	2.961449e+02
1763.99944313344577	2.961426e+02
1764.99905837673236	2.961384e+02
1765.99888355959615	2.961314e+02
1766.99884729628457	2.961217e+02
1767.99883162080027	2.961102e+02
1768.99871689796737	2.960985e+02
1769.99837543997342	2.960884e+02
1771.00083206083377	2.960805e+02
1771.99993232871066	2.960754e+02
1772.99891571185594	2.960721e+02
1773.9979439962824	2.960691e+02
1775.00028853091226	2.960647e+02
1775.99985701588776	2.960580e+02
1776.9997644951352	2.960484e+02
1777.99990352173882	2.960360e+02
1779.00007262439976	2.960218e+02
1780.00005311805398	2.960072e+02
1780.99972359915159	2.959942e+02
1781.99911606461114	2.959839e+02
1782.99838244358966	2.959757e+02
1784.000824727397	2.959681e+02
1785.00041188977411	2.959592e+02
1786.00031015063769	2.959478e+02
1787.00047433238024	2.959336e+02
1788.00079576195844	2.959180e+02
1788.99804110645005	2.959029e+02
1789.99833056785428	2.958896e+02
1790.99854521824045	2.958788e+02
1791.99875201646159	2.958700e+02
1792.99905301074273	2.958618e+02
1793.99956153303106	2.958528e+02
1795.00037569769552	2.958419e+02
1795.99842001382149	2.958289e+02
1796.99984002621409	2.958140e+02
1797.99821822073977	2.957980e+02
1798.99947944337873	2.957826e+02
1800.00027864572485	2.957704e+02
1801.00056012321079	2.957638e+02
1802.00048960482559	2.957625e+02
1803.00033879808689	2.957643e+02
1804.00034899565208	2.957658e+02
1805.00070417638608	2.957635e+02
1805.99834349052003	2.957555e+02
1806.99936069278101	2.957421e+02
1808.0004092353056	2.957258e+02
1808.99812186720555	2.957104e+02
1809.99854570925777	2.956992e+02
1810.99856121576249	2.956942e+02
1811.99830226419863	2.956934e+02
1812.99798186818407	2.956945e+02
1814.00089884028694	2.956943e+02
1815.00095200638179	2.956904e+02
1815.99812846920872	2.956827e+02
1816.9985271850544	2.956728e+02
1817.99889735535976	2.956630e+02
1818.99913309599242	2.956552e+02
1819.99921614260279	2.956501e+02
1820.99922274400001	2.956470e+02
1821.9992828819145	2.956439e+02
1822.9994983329093	2.956391e+02
1823.99987717613885	2.956316e+02
1825.00031684566693	2.956219e+02
1826.00063631033709	2.956115e+02
1827.00065115859502	2.956030e+02
1828.0002588480736	2.955985e+02
1828.999521290345	2.955981e+02
1829.9986634692209	2.956006e+02
1830.99798581434948	2.956032e+02
1832.00082425095457	2.956030e+02
1832.99794337922572	2.955976e+02
1833.99852546420016	2.955868e+02
1834.99916815684355	2.955721e+02
1835.99950287222032	2.955569e+02
1836.99926197810851	2.955448e+02
1837.99845557101821	2.955389e+02
1839.0004610645974	2.955384e+02
1839.99946844884767	2.955403e+02
1840.99889490637406	2.955401e+02
1841.99882978537903	2.955339e+02
1842.99915568361689	2.955210e+02
1843.99962394086606	2.955039e+02
1844.9999339175306	2.954864e+02
1845.99984691075065	2.954725e+02
1846.99937196937162	2.954645e+02
1847.99875222213336	2.954610e+02
1848.9983355002023	2.954589e+02
1849.99841663746088	2.954539e+02
1850.99907064851641	2.954428e+02
1852.00023379756112	2.954255e+02
1852.99850626381544	2.954040e+02
1853.99957871549464	2.953821e+02
1855.00004137674819	2.953635e+02
1855.99993206196245	2.953533e+02
1856.99962127416029	2.953499e+02
1857.99947772035603	2.953493e+02
1858.99983540032395	2.953459e+02
1860.00087601343103	2.953351e+02
1860.99940074094002	2.953175e+02
1861.99821972287737	2.952951e+02
1862.99985620170742	2.952715e+02
1864.00073654599191	2.952522e+02
1865.00079823534224	2.952425e+02
1866.00023590001365	2.952402e+02
1866.99936799980014	2.952415e+02
1867.99851343587943	2.952412e+02
1869.0009532396025	2.952335e+02
1870.00041894692572	2.952168e+02
1870.99976274147139	2.951952e+02
1871.9987072297788	2.951753e+02
1873.00016324044873	2.951618e+02
1874.00096078780825	2.951550e+02
1874.99814290175391	2.951530e+02
1875.99817497179083	2.951522e+02
1876.99826133029728	2.951489e+02
1877.99858335500471	2.951400e+02
1878.99911000948509	2.951250e+02
1879.99959120604399	2.951074e+02
1880.99966701720768	2.950933e+02
1881.99906092747733	2.950874e+02
1883.00082289671991	2.950904e+02
1883.99895188739174	2.951019e+02
1884.99999827907118	2.951166e+02
1885.9982135368839	2.951276e+02
1887.00003193897987	2.951323e+02
1887.99923803263118	2.951273e+02
1888.9986619013298	2.951154e+02
1890.0009782374259	2.951037e+02
1890.9996120218068	2.950984e+02
1892.00060902208838	2.951018e+02
1892.99796475072867	2.951145e+02
1893.99834801076008	2.951317e+02
1894.99921205038618	2.951469e+02
1896.00078212942276	2.951541e+02
1896.99985531762559	2.951525e+02
1897.99922337217936	2.951427e+02
1898.998514202754	2.951312e+02
1900.00049934267236	2.951248e+02
1900.99893317374926	2.951268e+02
1902.00019646337023	2.951380e+02
1902.99848172231191	2.951539e+02
1904.00035835896188	2.951687e+02
1904.99983568619928	2.951758e+02
1905.99992277003275	2.951725e+02
1907.00032134021694	2.951582e+02
1908.0008322899414	2.951404e+02
1909.00093160232086	2.951271e+02
1910.00030599308934	2.951220e+02
1910.99915416881481	2.951281e+02
1912.00096180215701	2.951426e+02
1912.99985416341951	2.951586e+02
1913.99916159502141	2.951691e+02
1915.00183493017198	2.951710e+02
1915.99884508729065	2.951634e+02
1916.99943377915861	2.951491e+02
1918.00014863020897	2.951344e+02
1919.00056764200008	2.951243e+02
1920.00045193746428	2.951208e+02
1920.999817220767	2.951249e+02
1921.99885407788929	2.951341e+02
1923.00093528869252	2.951443e+02
1924.00015154858534	2.951510e+02
1924.9996942356795	2.951528e+02
1925.99951501246892	2.951492e+02
1926.9994556337756	2.951427e+02
1927.99924453677409	2.951375e+02
1929.00169876828068	2.951372e+02
1930.00053873376396	2.951449e+02
1930.99901672645274	2.951605e+02
1932.00052548632129	2.951803e+02
1932.99922801006664	2.951995e+02
1934.0015359973911	2.952127e+02
1935.00131940371921	2.952176e+02
1936.00158843669146	2.952147e+02
1936.99896437524126	2.952074e+02
1937.99915532118575	2.952018e+02
1939.00169088058715	2.952033e+02
1940.00026699132422	2.952160e+02
1941.00131005967296	2.952392e+02
1941.99907159494342	2.952679e+02
1943.00016854220166	2.952955e+02
1943.99876931042331	2.953160e+02
1945.0013154265514	2.953268e+02
1946.00145902451573	2.953318e+02
1947.00184707857534	2.953340e+02
1947.99894027443679	2.953382e+02
1949.00159173641941	2.953531e+02
1950.0005148195396	2.953826e+02
1950.99915708621666	2.954222e+02
1952.00121105374001	2.954633e+02
1953.00099918931824	2.954993e+02
1954.00175856958867	2.955271e+02
1955.00025833826953	2.955428e+02
1955.99891357040747	2.955539e+02
1956.99998347217434	2.955693e+02
1957.99995687250339	2.955938e+02
1958.99898139444576	2.956292e+02
1960.00060367275319	2.956766e+02
1960.99908875227379	2.957276e+02
1962.00098840628698	2.957698e+02
1963.00035636391385	2.957967e+02
1964.00013511165548	2.958110e+02
1964.99958884015041	2.958149e+02
1966.00117777936748	2.958091e+02
1967.00166040344834	2.958065e+02
1968.00103332507774	2.958204e+02
1968.99926208336751	2.958481e+02
1969.99984270938785	2.958800e+02
1971.00066921584312	2.959157e+02
1972.00156233056987	2.959526e+02
1973.00163917092277	2.959773e+02
1974.00116417228719	2.959879e+02
1975.00054692965341	2.959999e+02
1976.00169083237279	2.960205e+02
1977.00122177684921	2.960418e+02
1978.00073247297109	2.960633e+02
1979.00099174790853	2.960973e+02
1980.00060676208864	2.961353e+02
1980.9999655791205	2.961560e+02
1982.00038738718672	2.961626e+02
1982.99987281407948	2.961698e+02
1984.00023924400102	2.961740e+02
1985.00078188989801	2.961832e+02
1986.00130190178152	2.962191e+02
1987.00082094559184	2.962743e+02
1988.00124635556813	2.963301e+02
1989.00020087422172	2.963840e+02
1989.999123837252	2.964298e+02
1991.00087133326883	2.964518e+02
1991.99942744573468	2.964570e+02
1992.99978404438912	2.964608e+02
1993.99925602162261	2.964686e+02
1994.999169630285	2.964897e+02
1995.99991512042811	2.965354e+02
1997.00115585923368	2.965966e+02
1997.99970297082518	2.966501e+02
1999.00140827003497	2.966759e+02
1999.99864306339714	2.966692e+02
2001.00049341427098	2.966488e+02
2001.99871974126404	2.966432e+02
2002.99998310215051	2.966691e+02
2003.99892672382498	2.967204e+02
2004.99910086211912	2.967821e+02
2005.99975132704435	2.968418e+02
2006.99968559747913	2.968821e+02
2007.99838059500075	2.968892e+02
2008.99946407483458	2.968748e+02
2010.00017958868057	2.968700e+02
2010.99811436887239	2.968926e+02
2012.00009799786471	2.969423e+02
2013.00007377642805	2.970085e+02
2014.00024334006048	2.970703e+02
2014.99984687250253	2.971073e+02
2015.99872423445186	2.971135e+02
2017.00039146966742	2.971008e+02
2017.99944762206155	2.970915e+02
2018.99902973931535	2.971089e+02
2019.99926510331693	2.971584e+02
2021.00041439558163	2.972237e+02
2021.99893569980145	2.972773e+02
2023.00014567225253	2.972987e+02
2023.99799465514093	2.972945e+02
2024.99925690021951	2.972876e+02
2025.9981258396333	2.972993e+02
2026.99802969827783	2.973315e+02
2027.99863002482357	2.973740e+02
2028.99912882977151	2.974152e+02
2029.99940003971801	2.974441e+02
2030.99961806678425	2.974531e+02
2031.99984647913698	2.974496e+02
2033.00038005481906	2.974526e+02
2033.99871361746636	2.974721e+02
2035.0005466491109	2.975039e+02
2035.99886036417092	2.975374e+02
2036.99988564581076	2.975627e+02
2037.9982610211141	2.975761e+02
2039.00006026532355	2.975821e+02
2039.99878396542613	2.975910e+02
2040.99772480244224	2.976118e+02
2042.00012038723753	2.976452e+02
2042.99966677357202	2.976819e+02
2043.99909102798074	2.977110e+02
2044.99866566660921	2.977308e+02
2045.99868470683373	2.977474e+02
2046.99904399035381	2.977675e+02
2047.99968019166795	2.977945e+02
2049.00057878516054	2.978260e+02
2049.9985104174707	2.978562e+02
2050.99974557565474	2.978813e+02
2051.99827445028086	2.979014e+02
2053.00040170725606	2.979217e+02
2053.99975117620988	2.979466e+02
2054.99917963931011	2.979764e+02
2055.99906816382008	2.980078e+02
2057.00010239177618	2.980378e+02
2057.99957034940689	2.980666e+02
2059.00033855696984	2.980951e+02
2059.99877427408364	2.981238e+02
2061.00068028990472	2.981526e+02
2061.99967126352203	2.981798e+02
2062.9986247787715	2.982055e+02
2064.0005915181905	2.982296e+02
2064.99889326900075	2.982525e+02
2065.99960981869208	2.982754e+02
2066.99975605732197	2.982992e+02
2067.99950374386253	2.983240e+02
2068.99903816909227	2.983497e+02
2069.99854899783304	2.983767e+02
2070.99835310048456	2.984054e+02
2071.99848359109592	2.984362e+02
2072.99844596715275	2.984698e+02
2073.99778702077265	2.985070e+02
2074.99967222318037	2.985472e+02
2075.99810136242013	2.985895e+02
2076.99934962724456	2.986342e+02
2078.00007264182295	2.986814e+02
2078.9997303476639	2.987311e+02
2079.99798609703339	2.987822e+02
2080.99795342414836	2.988334e+02
2081.99986423388145	2.988849e+02
2082.99768968741637	2.989384e+02
2083.99737290915937	2.989968e+02
2084.99894619512907	2.990609e+02
2085.99976832878156	2.991274e+02
2087.00031337056316	2.991904e+02
2087.99766901176326	2.992434e+02
2088.99789846065732	2.992833e+02
2089.99794567799563	2.993096e+02
2090.99800346861957	2.993235e+02
2091.99812405934608	2.993257e+02
2092.99840201409143	2.993168e+02
2093.99876380594333	2.993012e+02
2094.99869089617778	2.992874e+02
2095.9978550317137	2.992844e+02
2096.9991733022307	2.992975e+02
2097.99977647816695	2.993260e+02
2098.99987393665151	2.993651e+02
2099.99979300803352	2.994093e+02
2101.00010186090003	2.994545e+02
2101.99846402574758	2.994983e+02
2102.99866839115339	2.995378e+02
2103.99813623537784	2.995680e+02
2104.99996692578725	2.995847e+02
2105.99816976857392	2.995887e+02
2106.99866919346414	2.995857e+02
2107.99782810185116	2.995815e+02
2108.9981657680155	2.995793e+02
2109.99908141417063	2.995794e+02
2111.00014270524571	2.995823e+02
2111.99784360021431	2.995905e+02
2112.9980692155591	2.996073e+02
2113.99772421590706	2.996327e+02
2115.00025172177084	2.996625e+02
2115.99995989037507	2.996913e+02
2116.99743479911331	2.997159e+02
2117.99936725192401	2.997375e+02
2118.99971794856356	2.997592e+02
2119.99836479931173	2.997832e+02
2120.99811993371668	2.998094e+02
2121.99882706652033	2.998359e+02
2122.9973407326479	2.998616e+02
2123.9997887224763	2.998866e+02
2124.99981503044955	2.999108e+02
2125.99746819986694	2.999335e+02
2126.99908667016416	2.999540e+02
2127.9985176557293	2.999712e+02
2128.99886088528137	2.999855e+02
2129.9999912036451	2.999974e+02
2130.99865504492345	3.000074e+02
2131.99786809570242	3.000154e+02
2132.99751634167706	3.000213e+02
2133.99753946215287	3.000256e+02
2134.99786540615605	3.000289e+02
2135.99851037891131	3.000319e+02
2136.9995630294261	3.000351e+02
2137.99793694486607	3.000383e+02
2138.99984749607711	3.000407e+02
2139.99877445712855	3.000415e+02
2140.99753084719578	3.000397e+02
2141.99917903327423	3.000341e+02
2142.99749645313159	3.000240e+02
2143.99886796876945	3.000093e+02
2144.99993714993252	2.999899e+02
2145.99733484778471	2.999662e+02
2147.00039487450886	2.999387e+02
2147.99976503022026	2.999084e+02
2148.99875176522892	2.998777e+02
2149.99746583337583	2.998475e+02
2150.99907529154007	2.998174e+02
2152.00030219342352	2.997879e+02
2152.99785677024329	2.997602e+02
2153.99733257606476	2.997335e+02
2154.99748501575414	2.997089e+02
2156.000377352143	2.996879e+02
2156.99863758590345	2.996735e+02
2157.99919717638477	2.996695e+02
2158.99807518371426	2.996811e+02
2159.9998077229543	2.997091e+02
2161.00031085701812	2.997475e+02
2162.00036355467819	2.997871e+02
2162.99924782493918	2.998272e+02
2163.99943658260054	2.998716e+02
2165.00044714256319	2.999169e+02
2165.99874920609682	2.999591e+02
2167.00033799808352	2.999947e+02
2167.99877640363593	3.000244e+02
2169.00023517328327	3.000488e+02
2169.99850800146805	3.000655e+02
2170.99994296293926	3.000739e+02
2171.99863989052164	3.000767e+02
2172.99750202157702	3.000762e+02
2173.9992223670597	3.000717e+02
2174.99740299741461	3.000617e+02
2175.99833749423806	3.000450e+02
2176.99911416738041	3.000204e+02
2177.99978870693667	2.999906e+02
2179.00033647576856	2.999611e+02
2179.9976957639301	2.999398e+02
2180.99803515688518	2.999299e+02
2181.99820458052909	2.999296e+02
2182.99845473769528	2.999339e+02
2183.99895209592114	2.999393e+02
2184.99950017484889	2.999447e+02
2186.00019397418373	2.999501e+02
2186.99787029970958	2.999557e+02
2187.99826391316947	2.999590e+02
2188.99771439201459	2.999536e+02
2189.99907864252827	2.999390e+02
2190.99935342400659	2.999202e+02
2191.99883265925837	2.998941e+02
2192.99795951929855	2.998629e+02
2193.99983017743807	2.998385e+02
2194.99780033080879	2.998281e+02
2195.99755666840838	2.998319e+02
2196.99925646415886	2.998510e+02
2197.99984148038402	2.998784e+02
2198.99928127135126	2.999014e+02
2199.99808676481643	2.999201e+02
2200.99998098248716	2.999415e+02
2201.99918517415335	2.999629e+02
2202.99908315789162	2.999773e+02
2203.9995327011743	2.999837e+02
2205.00010956640926	2.999858e+02
2205.9974725342804	2.999860e+02
2206.9976090697246	2.999860e+02
2208.0003674833938	2.999883e+02
2208.99940244910567	2.999914e+02
2209.99771086723058	2.999937e+02
2210.9985298354004	2.999956e+02
2211.99910742249858	2.999948e+02
2212.99971696180592	2.999871e+02
2213.99752000513672	2.999763e+02
2214.99894471088874	2.999704e+02
2215.9981775852375	2.999686e+02
2216.99840338094509	2.999667e+02
2217.99954605298126	2.999664e+02
2218.99848923973559	2.999718e+02
2219.99827675633151	2.999829e+02
2220.99872301500773	2.999958e+02
2221.99962852024055	3.000108e+02
2222.99777183598962	3.000281e+02
2223.99902753071365	3.000410e+02
2224.99982873955014	3.000467e+02
2225.9998707552727	3.000501e+02
2226.99913600122863	3.000479e+02
2227.99759010323805	3.000274e+02
2228.99846232958998	2.999965e+02
2229.99897909293577	2.999726e+02
2230.9996306599669	2.999540e+02
2232.00039433140728	2.999357e+02
2232.99787400434116	2.999310e+02
2233.99871370510118	2.999515e+02
2234.9999537612639	2.999854e+02
2235.99848415860879	3.000190e+02
2236.9976012285706	3.000531e+02
2237.9974617870439	3.000911e+02
2238.99784214628562	3.001226e+02
2239.99891322069834	3.001433e+02
2240.99789000996088	3.001602e+02
2242.00030983782108	3.001773e+02
2242.99914185837042	3.001868e+02
2243.99743710862595	3.001848e+02
2244.9984691276054	3.001761e+02
2245.9992081517712	3.001545e+02
2246.99974073588555	3.001124e+02
2248.00018196718929	3.000670e+02
2248.99762751118942	3.000362e+02
2249.99801405747576	3.000182e+02
2250.99809761508232	3.000108e+02
2251.99820086085674	3.000234e+02
2252.99882295924635	3.000600e+02
2254.00006169661992	3.001093e+02
2254.99875315346162	3.001539e+02
2255.99810970797625	3.001861e+02
2256.99824355901546	3.002107e+02
2257.99905473568333	3.002308e+02
2259.00019969251434	3.002440e+02
2259.9981875817798	3.002546e+02
2260.99919128155943	3.002682e+02
2262.00032459015301	3.002662e+02
2262.99873406835104	3.002318e+02
2264.0002081860398	3.001836e+02
2264.99863667349973	3.001340e+02
2266.00027632655883	3.000786e+02
2266.9985431275627	3.000381e+02
2267.99951118267973	3.000327e+02
2269.00016699129947	3.000647e+02
2269.99758185133123	3.001228e+02
2270.99786821735279	3.001921e+02
2271.99790892851388	3.002554e+02
2272.99816742215307	3.002996e+02
2273.99930044262283	3.003228e+02
2274.99835017376199	3.003365e+02
2275.99842348579068	3.003544e+02
2276.99740792660987	3.003802e+02
2277.99822741756543	3.004054e+02
2278.99984385249445	3.004191e+02
2279.99807266022026	3.004140e+02
2280.99875640573237	3.003737e+02
2281.99830753409651	3.002952e+02
2282.99894213778862	3.002142e+02
2283.99766376034813	3.001592e+02
2284.998243751882	3.001394e+02
2285.9982282519054	3.001608e+02
2286.99869785351211	3.002164e+02
2288.00041530655244	3.002921e+02
2288.99951252740084	3.003710e+02
2289.99786921335908	3.004346e+02
2290.99812690473073	3.004741e+02
2291.9977693247115	3.004938e+02
2292.99805242413095	3.005020e+02
2293.99830070155258	3.005053e+02
2294.9988735932684	3.005079e+02
2295.99737680840144	3.005108e+02
2296.997362918004	3.005114e+02
2297.99835026838127	3.005035e+02
2298.99810139530109	3.004752e+02
2299.99896535442485	3.004211e+02
2301.00015453566448	3.003613e+02
2301.99949696415069	3.003122e+02
2302.99774808424536	3.002840e+02
2303.99907972232177	3.002857e+02
2304.99849876808003	3.003190e+02
2305.99941864096763	3.003771e+02
2306.99814169517276	3.004425e+02
2307.99912113494747	3.004985e+02
2308.99866296727805	3.005358e+02
2309.99740859131316	3.005551e+02
2310.99987246703085	3.005611e+02
2311.99820423129177	3.005590e+02
2312.99859138255442	3.005535e+02
2313.9994256144837	3.005472e+02
2314.99908323351883	3.005387e+02
2316.00008394815541	3.005249e+02
2316.99989285751553	3.005012e+02
2317.99884932061877	3.004682e+02
2319.00006736875866	3.004344e+02
2319.99787336056079	3.004072e+02
2320.99868770266175	3.003901e+02
2322.00010910638866	3.003884e+02
2323.00034540120851	3.004050e+02
2323.99997020282581	3.004348e+02
2324.99781788980272	3.004677e+02
2325.99819909263806	3.004968e+02
2327.00007667975842	3.005198e+02
2328.00027143664965	3.005353e+02
2328.99961233529211	3.005424e+02
2329.999652867431	3.005431e+02
2330.99835263534351	3.005419e+02
2331.99841108730061	3.005405e+02
2332.99840211696892	3.005376e+02
2333.99763965347938	3.005301e+02
2334.99957929431184	3.005150e+02
2335.99803029698614	3.004929e+02
2336.99890683774356	3.004706e+02
2337.99955209680638	3.004557e+02
2339.00034084638401	3.004530e+02
2339.99829559317095	3.004627e+02
2340.99967267216425	3.004822e+02
2341.99800723161434	3.005085e+02
2342.99890011629896	3.005360e+02
2343.99892908347601	3.005594e+02
2344.99827801677657	3.005772e+02
2345.997805155278	3.005912e+02
2346.99903193915088	3.006036e+02
2347.99961710966136	3.006148e+02
2348.99858992739382	3.006240e+02
2350.00041670362452	3.006304e+02
2350.99831128024289	3.006304e+02
2351.99882692585015	3.006186e+02
2352.9983404695754	3.005957e+02
2353.99964050988183	3.005699e+02
2355.00015843287702	3.005487e+02
2356.00035204070218	3.005350e+02
2356.99748193251799	3.005322e+02
2357.99790440889547	3.005418e+02
2358.99840253773255	3.005622e+02
2359.99880880956607	3.005891e+02
2360.99891648527046	3.006171e+02
2361.99861574990382	3.006425e+02
2362.99863355898651	3.006624e+02
2364.00024669444701	3.006759e+02
2364.99810022804013	3.006852e+02
2365.99763788779637	3.006921e+02
2367.00011005986244	3.006963e+02
2367.99796373717663	3.006968e+02
2369.00042317796442	3.006913e+02
2369.99883797816256	3.006764e+02
2370.99953219971803	3.006537e+02
2371.99945387799426	3.006299e+02
2372.99897667841287	3.006093e+02
2373.99849069003858	3.005954e+02
2374.99828936273707	3.005903e+02
2375.99834002907892	3.005942e+02
2376.9986668221236	3.006052e+02
2377.99903901132166	3.006196e+02
2378.99908183994557	3.006345e+02
2379.9985360598921	3.006487e+02
2380.99748482587938	3.006603e+02
2381.99960393491756	3.006679e+02
2382.9995179112866	3.006718e+02
2383.99737201020798	3.006735e+02
2384.9987046308911	3.006741e+02
2385.99952367580681	3.006739e+02
2386.99957175900454	3.006722e+02
2387.99895135302222	3.006670e+02
2388.99773264053056	3.006581e+02
2389.99934795109812	3.006478e+02
2390.99794611844391	3.006388e+02
2392.000071067514	3.006322e+02
2392.99986942474106	3.006286e+02
2393.99735909048286	3.006276e+02
2394.99861755764323	3.006282e+02
2396.00038049822797	3.006297e+02
2396.999280046271	3.006322e+02
2397.9980206531327	3.006361e+02
2398.99936990546212	3.006410e+02
2400.00009661273771	3.006458e+02
2401.00022862171454	3.006496e+02
2401.99975452106037	3.006523e+02
2402.99857882436754	3.006548e+02
2403.99987990839827	3.006583e+02
2404.99771436263154	3.006631e+02
2405.99850742203034	3.006681e+02
2406.99943760110773	3.006732e+02
2407.99773064108285	3.006795e+02
2408.99994245487642	3.006876e+02
2410.00033731595931	3.006971e+02
2410.99895595835778	3.007069e+02
2411.99883692786898	3.007179e+02
2412.99975301639915	3.007292e+02
2413.99843709958805	3.007413e+02
2414.99756668073724	3.007541e+02
2415.99978622502795	3.007670e+02
2416.99856364521656	3.007802e+02
2418.00001604584122	3.007931e+02
2418.99799271498659	3.008055e+02
2419.9987927418324	3.008175e+02
2420.99938329038832	3.008279e+02
2421.99982983369091	3.008370e+02
2423.00018911715779	3.008449e+02
2423.99751364332587	3.008525e+02
2424.9981777602884	3.008605e+02
2425.99912214524238	3.008696e+02
2427.00019506984881	3.008806e+02
2427.9981607959844	3.008942e+02
2428.99928472065631	3.009100e+02
2429.99736154411175	3.009271e+02
2430.99842009405165	3.009451e+02
2431.99921838544333	3.009620e+02
2432.99973280321046	3.009772e+02
2433.99988832222334	3.009892e+02
2434.99956375596548	3.009993e+02
2435.99865888192835	3.010064e+02
2437.0001885427655	3.010104e+02
2437.99804783782565	3.010114e+02
2438.99856199650139	3.010098e+02
2439.9987412791188	3.010060e+02
2440.99863100579387	3.010008e+02
2441.99828404650953	3.009954e+02
2442.99768514480547	3.009910e+02
2443.99988470843846	3.009885e+02
2444.9987306353064	3.009884e+02
2445.99742126215824	3.009902e+02
2446.99919619922366	3.009924e+02
2447.99800719339055	3.009932e+02
2449.00008267641579	3.009905e+02
2449.99927919990387	3.009833e+02
2450.99861444218186	3.009702e+02
2451.99791152140278	3.009504e+02
2453.00013688460331	3.009224e+02
2453.99914594800839	3.008848e+02
2454.9979210174979	3.008370e+02
2455.99960560640875	3.007782e+02
2456.99819897199541	3.007090e+02
2457.99999726007673	3.006332e+02
2458.99811008820507	3.005551e+02
2459.99801173524884	3.004822e+02
2460.9973812106341	3.004250e+02
2461.999602100218	3.003899e+02
2462.99849580337514	3.003774e+02
2463.99949130303048	3.003873e+02
2464.99894132724648	3.004163e+02
2465.99884914598897	3.004705e+02
2466.99910480596418	3.005579e+02
2467.99937686812382	3.006536e+02
2468.99798518704938	3.007283e+02
2469.99991054773227	3.007751e+02
2470.99856156170927	3.007967e+02
2472.00010733379759	3.008015e+02
2472.99822254590345	3.007988e+02
2473.99863329917798	3.007908e+02
2474.99815405534582	3.007739e+02
2476.00005594850836	3.007442e+02
2476.99817209166258	3.007031e+02
2477.99865629239775	3.006507e+02
2478.99836041636036	3.005940e+02
2480.00023966126992	3.005364e+02
2480.99803662861541	3.004806e+02
2482.00039712141552	3.004311e+02
2482.9982461498239	3.003924e+02
2483.99807190137017	3.003625e+02
2484.99958241501281	3.003446e+02
2486.00013007160533	3.003406e+02
2487.00024099135953	3.003475e+02
2487.9997162465761	3.003637e+02
2488.99883911418601	3.003877e+02
2489.99813519589907	3.004168e+02
2490.99772194033585	3.004476e+02
2491.99765629056583	3.004786e+02
2492.9980162916745	3.005090e+02
2493.99889117297562	3.005375e+02
2495.00034273794836	3.005626e+02
2495.99936673973116	3.005827e+02
2496.99905960229626	3.005981e+02
2497.9994557521095	3.006104e+02
2498.99753238008907	3.006202e+02
2499.99947729902715	3.006248e+02
2500.99919630359909	3.006233e+02
2501.99967339764999	3.006183e+02
2503.00079409065529	3.006092e+02
2503.99938634722639	3.005943e+02
2504.99840853773048	3.005757e+02
2506.00086927230268	3.005577e+02
2507.0005589385014	3.005416e+02
2508.0005466460957	3.005292e+02
2509.00073594086234	3.005216e+02
2509.99805346357516	3.005177e+02
2510.99871320600323	3.005167e+02
2511.99973411103974	3.005184e+02
2512.99809854275554	3.005207e+02
2513.99994797670161	3.005231e+02
2514.99907669717004	3.005262e+02
2515.9987003076576	3.005292e+02
2516.99887012493264	3.005306e+02
2517.99960778680634	3.005300e+02
2519.00092831216534	3.005279e+02
2519.99953051158673	3.005241e+02
2520.99836085585366	3.005178e+02
2522.00036118810021	3.005079e+02
2522.99945027961076	3.004955e+02
2523.99842825720361	3.004844e+02
2525.00015672435393	3.004776e+02
2525.99848770081462	3.004756e+02
2526.99958009738111	3.004768e+02
2528.00036314507406	3.004810e+02
2529.00074844603978	3.004880e+02
2530.00064158086252	3.004944e+02
2531.00023862287844	3.004965e+02
2531.99958838139719	3.004948e+02
2532.99853022830484	3.004921e+02
2534.00025830022696	3.004905e+02
2534.99884392441436	3.004917e+02
2536.00048399108164	3.004954e+02
2536.99905064259292	3.005000e+02
2538.0008637657611	3.005047e+02
2538.9998327799799	3.005102e+02
2539.99901032525668	3.005165e+02
2540.99851782799442	3.005234e+02
2541.99855123628504	3.005314e+02
2542.99904870387536	3.005397e+02
2543.99996914063968	3.005455e+02
2544.99832916726973	3.005484e+02
2546.00021546476637	3.005488e+02
2546.99931673698256	3.005461e+02
2547.99881992875771	3.005401e+02
2548.99862262136003	3.005334e+02
2549.99845127508843	3.005269e+02
2550.99844442773247	3.005198e+02
2551.998593112035	3.005136e+02
2552.99871533058831	3.005099e+02
2553.9989976212928	3.005090e+02
2554.99952693893238	3.005127e+02
2556.00016099880759	3.005209e+02
2557.00094128681849	3.005311e+02
2557.99895570057834	3.005410e+02
2559.00036794657717	3.005506e+02
2559.99876402940254	3.005608e+02
2561.00029048555871	3.005709e+02
2561.99881457109268	3.005792e+02
2563.00036329194745	3.005842e+02
2563.99864794126188	3.005843e+02
2564.99997951802061	3.005802e+02
2565.99806654894201	3.005748e+02
2566.99887539327392	3.005699e+02
2567.99932199801924	3.005651e+02
2568.99937951830952	3.005599e+02
2569.99888282642405	3.005525e+02
2571.00088605964902	3.005432e+02
2571.99913804690959	3.005346e+02
2572.9997520523807	3.005281e+02
2573.99973460387309	3.005237e+02
2574.9991399030705	3.005219e+02
2575.99794255559391	3.005227e+02
2576.99933542342978	3.005260e+02
2578.00034653739704	3.005317e+02
2578.99793964354012	3.005389e+02
2579.99837141146509	3.005468e+02
2580.99860515131604	3.005550e+02
2581.99865806965227	3.005630e+02
2582.99858803817642	3.005712e+02
2583.99854520136341	3.005801e+02
2584.99860877221636	3.005892e+02
2585.99886769613204	3.005977e+02
2586.99940052540296	3.006042e+02
2588.00032822619914	3.006078e+02
2588.99868937208157	3.006085e+02
2590.00067251721293	3.006055e+02
2591.00007771264291	3.005979e+02
2591.999961690899	3.005861e+02
2593.00030722982319	3.005714e+02
2593.9979344911676	3.005552e+02
2594.998875517329	3.005388e+02
2596.00005991303124	3.005220e+02
2596.99857683497385	3.005071e+02
2598.00040491428535	3.004974e+02
2598.99919503987849	3.004915e+02
2599.99832176697328	3.004878e+02
2601.00078869902381	3.004883e+02
2602.00021481696558	3.004937e+02
2602.99993773763299	3.005005e+02
2604.00000663840683	3.005097e+02
2605.00028319116655	3.005209e+02
2606.00091222106585	3.005325e+02
2606.9987735065306	3.005451e+02
2607.99980269569915	3.005567e+02
2609.00076333192055	3.005641e+02
2609.99855893318454	3.005648e+02
2610.99928448174023	3.005607e+02
2611.99980045247003	3.005548e+02
2613.00014886259714	3.005488e+02
2614.00032546469038	3.005424e+02
2615.00027960245825	3.005347e+02
2615.99994637583222	3.005249e+02
2616.99924406199898	3.005135e+02
2617.9980576806588	3.005009e+02
2618.99938925570723	3.004878e+02
2620.00006816725318	3.004764e+02
2621.00010709850994	3.004686e+02
2621.99965731460088	3.004642e+02
2622.99882609439192	3.004659e+02
2624.00065838655109	3.004731e+02
2624.99906433560773	3.004818e+02
2626.00040335024778	3.004892e+02
2626.99848679841398	3.004962e+02
2627.99942005976436	3.005048e+02
2629.00021244846221	3.005151e+02
2629.99786268051685	3.005277e+02
2630.99851703354034	3.005409e+02
2631.99915995577385	3.005526e+02
2632.99999060617347	3.005619e+02
2633.998094927073	3.005687e+02
2634.99962825516013	3.005719e+02
2635.99843288546663	3.005712e+02
2636.99773663496444	3.005675e+02
2637.99760571516163	3.005614e+02
2638.99778690327184	3.005524e+02
2639.99830057556437	3.005383e+02
2640.99930329624567	3.005193e+02
2642.00049370648321	3.004988e+02
2642.99877582441013	3.004786e+02
2643.99757536305378	3.004595e+02
2644.99979533819624	3.004447e+02
2645.99889300449559	3.004345e+02
2646.99833597070574	3.004263e+02
2647.99813330419329	3.004240e+02
2648.99797848054914	3.004282e+02
2649.99826243877351	3.004346e+02
2650.99910091956144	3.004455e+02
2652.00022928678391	3.004611e+02
2652.99867573842175	3.004770e+02
2653.9975287735524	3.004911e+02
2654.99961209333287	3.005005e+02
2655.99870525406504	3.005056e+02
2656.99799105220563	3.005091e+02
2658.00045412392728	3.005133e+02
2658.99983573578857	3.005170e+02
2659.99931554451723	3.005174e+02
2660.99878235005872	3.005124e+02
2661.99808774638359	3.005018e+02
2663.00026451472104	3.004850e+02
2663.99897693488856	3.004647e+02
2665.0002880089196	3.004461e+02
2665.99801132077073	3.004301e+02
2666.99837887208196	3.004185e+02
2667.99829893663491	3.004095e+02
2668.99783730216404	3.004043e+02
2670.00017353254998	3.004023e+02
2670.99913104654706	3.004024e+02
2671.99782579633984	3.004037e+02
2672.99942548677382	3.004066e+02
2673.99778609802115	3.004119e+02
2674.99909865687141	3.004199e+02
2676.00029638023307	3.004303e+02
2676.99830942368817	3.004415e+02
2677.99935028333084	3.004538e+02
2679.0003654772695	3.004642e+02
2679.99830579483614	3.004718e+02
2680.99939321280681	3.004753e+02
2682.00055523101764	3.004756e+02
2682.99869837807182	3.004723e+02
2684.00004568391796	3.004646e+02
2684.99851993432549	3.004529e+02
2686.00031583854297	3.004390e+02
2686.99921593488534	3.004242e+02
2687.99831397159369	3.004077e+02
2688.99762290014041	3.003885e+02
2690.00027590692935	3.003673e+02
2690.99999547597145	3.003474e+02
2691.99977746517061	3.003309e+02
2692.99981644030277	3.003184e+02
2694.00017155536761	3.003120e+02
2694.99772649186116	3.003103e+02
2695.99885377340388	3.003125e+02
2697.00046887395001	3.003187e+02
2697.9993934163017	3.003273e+02
2698.99876738618514	3.003367e+02
2699.99865489591184	3.003485e+02
2700.9990826995313	3.003643e+02
2702.0000149007069	3.003837e+02
2702.99836930913671	3.004036e+02
2704.00033308723232	3.004193e+02
2704.99946880740708	3.004273e+02
2705.99874803743933	3.004278e+02
2706.99816590584351	3.004229e+02
2707.99756580653138	3.004150e+02
2708.99990188669699	3.004049e+02
2709.99895450594067	3.003939e+02
2710.99778392072312	3.003829e+02
2711.99940795776774	3.003724e+02
2712.99763720082137	3.003614e+02
2713.99872550815689	3.003500e+02
2714.99954709951135	3.003400e+02
2716.00015619130727	3.003324e+02
2716.99752266370433	3.003273e+02
2717.99786898524098	3.003241e+02
2718.9981179681904	3.003231e+02
2719.99833251796827	3.003245e+02
2720.99851282848158	3.003288e+02
2721.99865080398149	3.003359e+02
2722.99877233849793	3.003448e+02
2723.99886266513386	3.003545e+02
2724.99886657676097	3.003649e+02
2725.99873763257528	3.003741e+02
2726.99846546551362	3.003806e+02
2727.9981010648703	3.003852e+02
2728.9976843829736	3.003891e+02
2730.00035840969122	3.003926e+02
2730.99996070567022	3.003945e+02
2731.99961359939516	3.003923e+02
2732.99934192592218	3.003837e+02
2733.99919432913339	3.003695e+02
2734.99922580758403	3.003517e+02
2735.99946555459383	3.003320e+02
2736.99992229074496	3.003107e+02
2738.00057490861263	3.002885e+02
2738.99831257485448	3.002660e+02
2739.99937935182015	3.002446e+02
2740.99754048845125	3.002265e+02
2741.99902451592243	3.002129e+02
2742.99766334834021	3.002049e+02
2743.99971227169408	3.002016e+02
2744.99897148291438	3.002042e+02
2745.99862066898504	3.002114e+02
2746.99873735936671	3.002219e+02
2747.99934858969027	3.002349e+02
2749.00049996806138	3.002480e+02
2749.99909429389663	3.002598e+02
2750.9982082681945	3.002697e+02
2751.9978040475321	3.002770e+02
2752.99786482638046	3.002824e+02
2753.99834415190799	3.002876e+02
2754.99910241042335	3.002927e+02
2755.99998668010585	3.002961e+02
2756.9977270847462	3.002969e+02
2757.99846597625265	3.002954e+02
2758.99901732126773	3.002915e+02
2759.99933732970476	3.002861e+02
2760.99934944763163	3.002800e+02
2761.99903831849861	3.002727e+02
2762.99843229781391	3.002649e+02
2763.99753766924823	3.002585e+02
2764.9995297544956	3.002540e+02
2765.99824121572101	3.002521e+02
2766.99993920934639	3.002532e+02
2767.99840236972841	3.002582e+02
2768.99990027811918	3.002661e+02
2769.99817972866913	3.002766e+02
2770.99944623232204	3.002892e+02
2772.00056690254041	3.003029e+02
2772.99841457706179	3.003166e+02
2773.99920637450896	3.003293e+02
2774.99980997238254	3.003397e+02
2776.00022643083412	3.003471e+02
2777.00047745049324	3.003515e+02
2778.00059357119881	3.003533e+02
2779.00060210025686	3.003515e+02
2780.00053056490015	3.003463e+02
2781.00040933635682	3.003379e+02
2782.00025681299303	3.003266e+02
2783.00007981718772	3.003127e+02
2783.9999094651248	3.002963e+02
2784.99978609565824	3.002782e+02
2785.99970857577682	3.002594e+02
2786.99967699975059	3.002402e+02
2787.99973639800464	3.002213e+02
2788.9998819860084	3.002045e+02
2790.00011241906213	3.001907e+02
2791.00048445079892	3.001802e+02
2791.99792296568467	3.001741e+02
2792.99870966538174	3.001717e+02
2793.99980533089456	3.001719e+02
2794.99814324459066	3.001750e+02
2795.99998008805551	3.001804e+02
2796.99910140148131	3.001866e+02
2797.99864561077948	3.001928e+02
2798.99857346735871	3.001986e+02
2799.99882604556296	3.002027e+02
2800.99935140733623	3.002049e+02
2802.00007076547126	3.002055e+02
2802.99778266680732	3.002041e+02
2803.99870001165209	3.002013e+02
2804.99964568148607	3.001980e+02
2806.00055099140627	3.001949e+02
2806.99823017126346	3.001921e+02
2807.99890079282204	3.001895e+02
2808.99938861525698	3.001876e+02
2809.99969086145347	3.001868e+02
2810.99985466412863	3.001869e+02
2811.99987339113432	3.001881e+02
2812.99973711734629	3.001908e+02
2813.99949959149126	3.001946e+02
2814.99910169612394	3.002004e+02
2815.99850798087118	3.002079e+02
2816.99775242364149	3.002163e+02
2817.99993398254901	3.002260e+02
2818.99875278360332	3.002373e+02
2820.00041913608993	3.002495e+02
2820.99868258738843	3.002620e+02
2821.99975684999572	3.002742e+02
2823.00050025327755	3.002849e+02
2823.99781988198538	3.002933e+02
2824.99797953310508	3.002996e+02
2825.99787079712632	3.003034e+02
2826.99752400357602	3.003047e+02
2828.00009517123453	3.003038e+02
2828.99937309692905	3.003006e+02
2829.99848164044533	3.002956e+02
2831.00051385396773	3.002888e+02
2831.99934374564509	3.002805e+02
2832.99815101384183	3.002713e+02
2833.99993218959071	3.002601e+02
2834.99847098656801	3.002470e+02
2836.00002786650839	3.002336e+02
2836.99842692314951	3.002216e+02
2837.99997599358403	3.002105e+02
2838.99857233503189	3.001997e+02
2840.0004832745949	3.001890e+02
2840.99948532379813	3.001780e+02
2841.99869504890466	3.001667e+02
2842.99806443157513	3.001569e+02
2843.99754858404549	3.001497e+02
2845.00028381328593	3.001454e+02
2846.00007246186897	3.001436e+02
2847.00006165629793	3.001431e+02
2848.00031450211964	3.001426e+02
2848.99775783342284	3.001413e+02
2849.99863363367194	3.001388e+02
2850.99982555372026	3.001343e+02
2851.99817937527996	3.001284e+02
2852.99987255858059	3.001220e+02
2853.99860941159932	3.001159e+02
2855.00059105707669	3.001107e+02
2855.9995370689353	3.001070e+02
2856.99855813274007	3.001047e+02
2857.99766692333287	3.001030e+02
2858.9999956206334	3.001018e+02
2859.99930785326524	3.001008e+02
2860.99873526533247	3.000994e+02
2861.99826933368786	3.000978e+02
2862.99786879663861	3.000964e+02
2864.00062357392972	3.000955e+02
2865.00026576370419	3.000957e+02
2865.9998439128517	3.000977e+02
2866.99926004866938	3.001014e+02
2867.99855292796565	3.001063e+02
2868.99766193429832	3.001124e+02
2869.99965851680554	3.001193e+02
2870.99825992603019	3.001270e+02
2871.99965536026457	3.001357e+02
2872.99755919371	3.001453e+02
2873.99818645784126	3.001559e+02
2874.99840513695381	3.001670e+02
2875.99819912794965	3.001784e+02
2876.99757544710064	3.001893e+02
2877.99967094089698	3.001994e+02
2878.99828746838648	3.002083e+02
2879.99967835713323	3.002160e+02
2880.99765908685413	3.002222e+02
2881.99848382585424	3.002267e+02
2882.99907607965861	3.002295e+02
2883.99945711702321	3.002310e+02
2884.99956041807172	3.002309e+02
2885.99953928932428	3.002293e+02
2886.99940162959319	3.002263e+02
2887.99910088683737	3.002223e+02
2888.99866296788377	3.002174e+02
2889.99812889266923	3.002117e+02
2890.99754712771346	3.002050e+02
2892.00007764612064	3.001971e+02
2892.99957142305402	3.001882e+02
2893.99917356502283	3.001784e+02
2894.99891113235526	3.001680e+02
2895.99881272031462	3.001574e+02
2896.99890228911363	3.001468e+02
2897.99919440826079	3.001363e+02
2898.99969898907921	3.001260e+02
2900.00042538156822	3.001157e+02
2900.99827257065681	3.001052e+02
2901.99944926494891	3.000946e+02
2902.99772888530606	3.000840e+02
2903.99933826368306	3.000732e+02
2904.99804350447357	3.000629e+02
2906.00005878848015	3.000531e+02
2906.99916950012766	3.000438e+02
2907.99849670960748	3.000355e+02
2908.99806431657908	3.000279e+02
2909.99791295359046	3.000208e+02
2910.99807359191254	3.000142e+02
2911.99857211342396	3.000080e+02
2912.99942276642787	3.000019e+02
2914.00062368954741	2.999960e+02
2914.99903405660643	2.999904e+02
2915.99774740466	2.999851e+02
2916.99984136788544	2.999803e+02
2917.99902520207797	2.999761e+02
2918.99836946620962	2.999726e+02
2919.99782958261767	2.999698e+02
2921.00049845586864	2.999676e+02
2921.99997040520066	2.999661e+02
2922.99937649817048	2.999654e+02
2923.99866305935166	2.999657e+02
2924.99777637816533	2.999671e+02
2925.99978712385882	2.999700e+02
2926.99841892929589	2.999745e+02
2927.99989034549253	2.999807e+02
2928.99793172498221	2.999886e+02
2929.99874946110549	2.999982e+02
2930.99920424626862	3.000092e+02
2931.99927517524247	3.000214e+02
2932.99893598591143	3.000349e+02
2933.99816092099627	3.000493e+02
2935.00004464529275	3.000641e+02
2935.99834124196968	3.000791e+02
2936.99924771074438	3.000940e+02
2937.99964680275434	3.001085e+02
2938.99955002328579	3.001217e+02
2939.99898475730561	3.001335e+02
2940.99799142477559	3.001436e+02
2941.99969899304142	3.001518e+02
2942.99789763447097	3.001581e+02
2943.99900723070186	3.001628e+02
2944.99986880195729	3.001656e+02
2946.00050428817485	3.001666e+02
2946.99785858360246	3.001659e+02
2947.99816832813258	3.001638e+02
2948.99840250985471	3.001595e+02
2949.99862809933074	3.001529e+02
