# Region type : patch node2U_3_Outlet_0
#   Faces  : 148
#   Area   : 1.734676e-02
#        Time	areaAverage(T)
     0.999427	3.001500e+02
      2.00049	3.001500e+02
      3.00031	3.001500e+02
      3.99974	3.001500e+02
     4.999837	3.001500e+02
      6.00101	3.001500e+02
     7.000448	3.001500e+02
     8.000372	3.001500e+02
     9.000012	3.001500e+02
   10.0011397	3.001500e+02
   11.0005124	3.001681e+02
   12.0006243	3.001861e+02
    13.001107	3.002040e+02
   13.9997402	3.002218e+02
  14.99964955	3.002396e+02
  15.99955708	3.002572e+02
  17.00134405	3.002747e+02
  18.00000337	3.002921e+02
  19.00006167	3.003095e+02
 20.001505108	3.003269e+02
 20.999254464	3.003442e+02
  22.00150266	3.003615e+02
 23.001714829	3.003787e+02
 23.999634984	3.003958e+02
25.00095516804	3.004129e+02
25.9996836352	3.004298e+02
26.99932842931	3.004466e+02
28.00029166142	3.004634e+02
28.99937441246	3.004800e+02
30.002134441893	3.004966e+02
31.002014765417	3.005131e+02
32.001552166551	3.005294e+02
33.000560257147	3.005456e+02
33.999249928093	3.005617e+02
35.00108530523362	3.005777e+02
36.00057592118466	3.005935e+02
37.00120630448001	3.006094e+02
38.00022932106895	3.006251e+02
39.00052258115672	3.006409e+02
40.0012943804983152	3.006568e+02
41.0019879837090926	3.006728e+02
41.9992708912271695	3.006888e+02
43.0021545135227328	3.007051e+02
44.0019391598090266	3.007214e+02
44.9992995861729526	3.007378e+02
46.0009844670853099	3.007544e+02
47.0014489491798813	3.007710e+02
48.0008801364990703	3.007877e+02
48.9995304912996801	3.008043e+02
50.0001794237682375	3.008210e+02
50.9993551299025256	3.008376e+02
51.9998205148969248	3.008542e+02
53.0015311001695864	3.008708e+02
54.0013696283965601	3.008873e+02
54.9993238877661597	3.009037e+02
56.0015339065886479	3.009202e+02
57.0018205760141825	3.009367e+02
58.000096433294182	3.009531e+02
58.9991359299691496	3.009696e+02
60.0016627635771727	3.009861e+02
61.0010778941215932	3.010026e+02
62.0000130700834902	3.010191e+02
63.0010986270090001	3.010356e+02
64.0009690790207202	3.010522e+02
64.9994918949116851	3.010687e+02
65.9998560646141783	3.010854e+02
66.9992477683962306	3.011020e+02
68.0009249354785794	3.011187e+02
69.0019475640447695	3.011354e+02
69.9993513960609874	3.011521e+02
70.9993591323269015	3.011688e+02
72.0020465187059102	3.011856e+02
73.0013581031466714	3.012023e+02
74.000423255190384	3.012190e+02
74.9993458644687365	3.012357e+02
76.0013508435945511	3.012525e+02
77.0005510755528491	3.012692e+02
78.0000113736252843	3.012859e+02
78.9992549610128236	3.013026e+02
80.0009720943383229	3.013193e+02
81.0020589541296232	3.013360e+02
81.9992454193614009	3.013526e+02
83.0014611672898184	3.013693e+02
83.9993628440124525	3.013859e+02
85.0020431376517678	3.014025e+02
86.000333987758637	3.014191e+02
87.0003695380874404	3.014357e+02
88.0020658759812022	3.014523e+02
88.9993795452335519	3.014688e+02
90.0015696379174557	3.014853e+02
90.9997903684166971	3.015018e+02
92.0003898830139377	3.015184e+02
93.0006194266289867	3.015349e+02
94.0007057145538596	3.015513e+02
95.0007997335581251	3.015678e+02
96.0009686444809773	3.015843e+02
97.0012373806239623	3.016007e+02
98.0016053172324462	3.016171e+02
99.0020344570527584	3.016335e+02
99.9994552294174497	3.016499e+02
100.999851234731452	3.016662e+02
102.000136850138333	3.016825e+02
103.000241500016131	3.016988e+02
104.000073061910427	3.017151e+02
104.999552930719901	3.017313e+02
106.001633206025147	3.017476e+02
107.000192996165325	3.017638e+02
108.001260471577879	3.017799e+02
109.001819915586253	3.017961e+02
110.001932009313407	3.018122e+02
111.001635624775176	3.018283e+02
112.000980310532839	3.018443e+02
113.000018915714335	3.018604e+02
114.001807672044521	3.018764e+02
115.000361508444968	3.018924e+02
116.001781982353393	3.019083e+02
117.000048097326257	3.019242e+02
118.00122264940498	3.019401e+02
118.999382617868164	3.019559e+02
120.000616562993542	3.019718e+02
121.002007225989203	3.019875e+02
122.000661640430124	3.020032e+02
122.999734831133267	3.020188e+02
123.99952262735836	3.020344e+02
125.000333848736219	3.020499e+02
125.999642959708595	3.020653e+02
127.000956414914896	3.020807e+02
128.001293686371213	3.020960e+02
129.000700621259568	3.021112e+02
130.002135701572797	3.021263e+02
130.999533849213833	3.021413e+02
131.999244240588723	3.021564e+02
133.001101245812436	3.021714e+02
134.0020971077968	3.021863e+02
135.002075643628388	3.022013e+02
136.000848975566782	3.022162e+02
137.001309026256649	3.022311e+02
138.000254544982795	3.022459e+02
139.000649575250975	3.022608e+02
139.999224934568531	3.022756e+02
141.002036637829093	3.022904e+02
141.999654446908238	3.023052e+02
143.001271960468813	3.023200e+02
144.000548532269903	3.023347e+02
145.00044839448563	3.023494e+02
146.000849050599697	3.023641e+02
147.001677167223932	3.023788e+02
147.99975047252525	3.023935e+02
149.001369451029944	3.024081e+02
150.000282434108982	3.024226e+02
150.999551328031998	3.024371e+02
151.999184896249147	3.024516e+02
152.999208185270845	3.024661e+02
153.999585696359787	3.024805e+02
155.00029833082661	3.024948e+02
156.001343237128225	3.025092e+02
156.999457705577299	3.025234e+02
158.000686168546764	3.025377e+02
159.001776087131674	3.025519e+02
159.999561059721657	3.025661e+02
161.000550527382018	3.025802e+02
162.001972559951867	3.025943e+02
163.000888609676053	3.026083e+02
164.000316687785954	3.026223e+02
165.000096140130211	3.026362e+02
166.000088612179667	3.026502e+02
167.000061340522421	3.026641e+02
167.999782828424799	3.026779e+02
168.999172341489157	3.026917e+02
170.001230534148533	3.027055e+02
170.999544804163264	3.027192e+02
172.00045496321485	3.027328e+02
173.000757901779707	3.027463e+02
174.000444045117518	3.027598e+02
174.999760596408947	3.027732e+02
176.002157779350711	3.027866e+02
177.001661582702695	3.027998e+02
178.001628294344187	3.028131e+02
178.999162606507298	3.028262e+02
180.000503473761029	3.028393e+02
180.999207866690625	3.028523e+02
182.001208593017452	3.028653e+02
183.000047488950003	3.028781e+02
184.001808139786192	3.028910e+02
184.999937399233318	3.029037e+02
186.000595667805044	3.029163e+02
187.000530755139152	3.029288e+02
187.999425330199387	3.029412e+02
189.000062339945401	3.029535e+02
189.999357851741564	3.029657e+02
191.001057008974414	3.029778e+02
191.999795576908383	3.029898e+02
193.002046035564831	3.030017e+02
194.001168212745995	3.030133e+02
195.000232847940111	3.030248e+02
195.99953641592225	3.030360e+02
196.999439237675062	3.030471e+02
197.999269378639354	3.030582e+02
199.000650340503455	3.030692e+02
200.000842022656059	3.030801e+02
201.00119110761409	3.030909e+02
202.001134602567248	3.031016e+02
202.999417775043128	3.031121e+02
204.000827370954454	3.031226e+02
205.000559713225243	3.031329e+02
206.000502514791634	3.031431e+02
207.00011763453864	3.031532e+02
207.999195525308778	3.031632e+02
209.000671541921633	3.031731e+02
210.001817201873507	3.031831e+02
211.0002458890323	3.031929e+02
211.999364130299796	3.032026e+02
213.001839980993253	3.032122e+02
214.000870215088923	3.032217e+02
215.002023773923156	3.032311e+02
216.001504856122665	3.032404e+02
217.002189670235424	3.032495e+02
218.001143521538211	3.032586e+02
219.001212277794565	3.032675e+02
219.999323567592427	3.032763e+02
221.002031393932299	3.032850e+02
222.000217558785977	3.032936e+02
222.99997324448853	3.033021e+02
224.001867206834618	3.033104e+02
225.000375206176443	3.033186e+02
226.00200082573221	3.033267e+02
227.000972114187221	3.033346e+02
228.000539892764351	3.033425e+02
229.000893584517286	3.033503e+02
229.999159920018428	3.033579e+02
231.001639840260879	3.033656e+02
231.999283063040082	3.033731e+02
233.00130211069677	3.033807e+02
234.001698960598503	3.033882e+02
235.000597990278322	3.033958e+02
236.001193587127887	3.034034e+02
237.000556169397072	3.034111e+02
238.001863471893813	3.034188e+02
239.002111919382003	3.034266e+02
240.001418570662111	3.034346e+02
240.999928434963607	3.034426e+02
242.000753346005581	3.034507e+02
243.000790839895984	3.034588e+02
244.000120610590187	3.034670e+02
245.0016559814066	3.034753e+02
246.000482859716641	3.034835e+02
246.99990715638009	3.034918e+02
247.999403010268622	3.035001e+02
249.001563930534189	3.035084e+02
249.99991638000995	3.035167e+02
251.00124377511591	3.035249e+02
252.000612908785769	3.035332e+02
253.001586776589619	3.035414e+02
254.001036030762123	3.035497e+02
254.999975551401036	3.035578e+02
256.000901604547437	3.035659e+02
257.000429744924418	3.035740e+02
258.001671223638084	3.035819e+02
259.001589548794925	3.035898e+02
260.000266655218695	3.035976e+02
261.000969535167712	3.036052e+02
262.000494430921947	3.036128e+02
263.002051357954429	3.036203e+02
263.999663054152222	3.036276e+02
264.999816340629877	3.036348e+02
265.999646482167861	3.036419e+02
266.999122460407477	3.036488e+02
268.001488989346399	3.036556e+02
269.000493605175279	3.036623e+02
270.001990224823089	3.036690e+02
270.999337872084311	3.036756e+02
272.001339823267472	3.036822e+02
273.001474013986467	3.036888e+02
273.999720630411105	3.036954e+02
274.999301622459257	3.037021e+02
276.00038858779908	3.037089e+02
277.000037429810845	3.037157e+02
277.99913815271151	3.037225e+02
279.001896234752223	3.037293e+02
279.999861762659407	3.037361e+02
280.999488359605721	3.037429e+02
282.000390167863145	3.037497e+02
283.001987050804189	3.037564e+02
284.000403045574728	3.037630e+02
285.001459538132849	3.037696e+02
286.001911629869539	3.037761e+02
287.001710184502201	3.037824e+02
288.000877315806576	3.037886e+02
288.999535921458005	3.037947e+02
290.000849147452925	3.038007e+02
291.001784583192489	3.038067e+02
291.999470265078116	3.038127e+02
293.000350726228248	3.038187e+02
294.001453998386921	3.038247e+02
294.99966250983897	3.038308e+02
296.001136649546311	3.038370e+02
296.999687551871489	3.038432e+02
298.001247068601629	3.038495e+02
298.999548585051969	3.038558e+02
300.000750059626967	3.038621e+02
301.001680673730334	3.038684e+02
301.999163971664927	3.038747e+02
302.999367282612582	3.038810e+02
303.999165754537898	3.038872e+02
305.001521887055901	3.038934e+02
306.000375119051853	3.038995e+02
307.001951876416115	3.039056e+02
308.000142042528466	3.039116e+02
309.001212895246681	3.039177e+02
309.999178614301854	3.039237e+02
311.000144539620237	3.039298e+02
312.001033491892031	3.039359e+02
313.001930242594824	3.039420e+02
313.999795573081769	3.039481e+02
315.000737111554429	3.039543e+02
316.001795102997278	3.039605e+02
317.00001860641413	3.039667e+02
318.001569055336915	3.039729e+02
319.000370431756608	3.039791e+02
319.999538897728996	3.039853e+02
321.002128177021007	3.039915e+02
322.001976849831294	3.039977e+02
323.002194787671499	3.040039e+02
323.999791101614449	3.040100e+02
325.000926405668565	3.040161e+02
325.999464392117318	3.040222e+02
327.001583740419449	3.040283e+02
328.001120124628414	3.040343e+02
329.001056924662748	3.040403e+02
330.001316807607054	3.040463e+02
331.001922953082271	3.040522e+02
331.999820607277798	3.040582e+02
333.001108668105701	3.040641e+02
333.999592450065279	3.040700e+02
335.001430012474145	3.040759e+02
336.000445902539866	3.040819e+02
336.999658818477883	3.040878e+02
338.002156064041969	3.040937e+02
339.001851563835544	3.040997e+02
340.001899743984723	3.041056e+02
340.999156465230499	3.041116e+02
341.999853923984119	3.041176e+02
343.000704997008711	3.041236e+02
344.001376858938784	3.041297e+02
345.00203887706607	3.041358e+02
345.999955215504826	3.041418e+02
347.000522663162087	3.041479e+02
348.000200029152836	3.041540e+02
349.000522755694988	3.041601e+02
350.001253613143035	3.041662e+02
351.000624273237918	3.041722e+02
351.999435802063715	3.041782e+02
353.002196744729815	3.041842e+02
354.001070048515999	3.041902e+02
355.001641036799754	3.041961e+02
355.999599629701663	3.042019e+02
357.000540487227624	3.042078e+02
358.000075444862205	3.042136e+02
358.999302800154226	3.042194e+02
360.001709987803054	3.042253e+02
361.000074298292702	3.042311e+02
362.000859290272558	3.042369e+02
363.001622746756937	3.042427e+02
364.001832563596452	3.042485e+02
365.001535463384243	3.042544e+02
366.00131467837474	3.042602e+02
367.00110538924082	3.042660e+02
368.000736030787152	3.042718e+02
369.000275218586978	3.042776e+02
369.999824276884169	3.042834e+02
370.999426774194205	3.042891e+02
372.002080612393968	3.042948e+02
373.001588932385062	3.043004e+02
374.001081446833666	3.043060e+02
375.000626116571937	3.043115e+02
376.000218547876443	3.043170e+02
376.999910591726973	3.043224e+02
377.999797780145002	3.043278e+02
378.999906813743962	3.043332e+02
380.000244808336674	3.043386e+02
381.000865619572778	3.043440e+02
382.001806304484546	3.043495e+02
382.999946272056377	3.043549e+02
384.001355606036498	3.043603e+02
384.99985631053687	3.043658e+02
386.0015402976166	3.043713e+02
387.000162701931743	3.043767e+02
388.001801501548812	3.043822e+02
389.000300444038373	3.043877e+02
390.001742707954349	3.043931e+02
390.99990443699852	3.043986e+02
392.000936197689441	3.044040e+02
393.00177492471073	3.044094e+02
393.999328852185783	3.044147e+02
394.999780108992752	3.044201e+02
396.000134804692266	3.044254e+02
397.00042004616688	3.044307e+02
398.000667031307955	3.044360e+02
399.000931769728538	3.044414e+02
400.001227470614424	3.044467e+02
401.001544797640236	3.044520e+02
402.001902596511854	3.044573e+02
402.999246021227464	3.044627e+02
403.999704245461601	3.044680e+02
405.000213976000339	3.044734e+02
406.000785726507388	3.044787e+02
407.001408508531085	3.044841e+02
408.002071314539194	3.044894e+02
408.999708595374841	3.044947e+02
410.000459919667492	3.045001e+02
411.001252828558734	3.045054e+02
412.002098628850092	3.045107e+02
412.999937502784405	3.045160e+02
414.000908309496879	3.045213e+02
415.001942485681127	3.045266e+02
415.999966713914432	3.045318e+02
417.001110452812043	3.045370e+02
417.999223947442431	3.045422e+02
419.000449839982025	3.045474e+02
420.001714127287812	3.045526e+02
420.999943618431587	3.045577e+02
422.001290078822194	3.045629e+02
422.999615985253001	3.045680e+02
424.001060314288623	3.045731e+02
424.999478222599919	3.045782e+02
426.001017745420938	3.045833e+02
426.999530720086625	3.045884e+02
428.001152874177365	3.045935e+02
428.999734515582077	3.045986e+02
430.001408625449528	3.046037e+02
431.000010340225799	3.046088e+02
432.001667839199797	3.046139e+02
433.000221815074497	3.046190e+02
434.001804251808949	3.046242e+02
435.000261415516377	3.046293e+02
436.001731095603191	3.046344e+02
437.000062707295285	3.046394e+02
438.001391866866186	3.046445e+02
438.999570770102707	3.046496e+02
440.000737846380048	3.046546e+02
441.00182111589163	3.046596e+02
441.999771361342766	3.046646e+02
443.000763413799177	3.046696e+02
444.001696459830953	3.046745e+02
444.999500435886944	3.046795e+02
446.00032752414711	3.046844e+02
447.001117645498596	3.046893e+02
448.001883226712721	3.046943e+02
448.999571098762033	3.046992e+02
450.00033578121878	3.047041e+02
451.00111711588346	3.047091e+02
452.001919501336943	3.047140e+02
452.999672442533097	3.047189e+02
454.000509144188925	3.047239e+02
455.001349657630726	3.047288e+02
456.002184940512961	3.047337e+02
456.999938224470498	3.047386e+02
458.000744652436538	3.047435e+02
459.001531729330225	3.047484e+02
459.999229727689283	3.047533e+02
460.999980922561065	3.047581e+02
462.000721221335311	3.047629e+02
463.001457879234579	3.047677e+02
464.002198438059679	3.047725e+02
464.999883907378376	3.047773e+02
466.000675712563577	3.047820e+02
467.001515884230287	3.047867e+02
467.999330505639648	3.047915e+02
469.000266807748972	3.047962e+02
470.001261089356149	3.048009e+02
470.999245163364833	3.048055e+02
472.000360361590424	3.048102e+02
473.001534471459308	3.048149e+02
473.99969086704948	3.048196e+02
475.000964073942441	3.048243e+02
475.999201404603866	3.048290e+02
477.000533716233122	3.048337e+02
478.001873839315238	3.048384e+02
479.000134933457161	3.048431e+02
480.001446950719014	3.048478e+02
480.999654544415421	3.048525e+02
482.00089220139256	3.048571e+02
483.002083364948987	3.048618e+02
484.000154946090731	3.048664e+02
485.001249816296991	3.048711e+02
485.999230737996697	3.048757e+02
487.00024615858581	3.048803e+02
488.001234027089424	3.048849e+02
488.999135972829379	3.048895e+02
490.000107037485407	3.048941e+02
491.001090819159572	3.048986e+02
492.002101665974578	3.049032e+02
493.00008301340813	3.049077e+02
494.001188349803726	3.049123e+02
494.999284798957547	3.049168e+02
496.000521798226259	3.049213e+02
497.001832923759764	3.049258e+02
498.000146640750472	3.049304e+02
499.001605196865512	3.049349e+02
500.000061963698101	3.049394e+02
501.001655800322453	3.049439e+02
502.000234992100616	3.049484e+02
503.001937609868378	3.049530e+02
504.000610741995047	3.049575e+02
504.999319615887543	3.049620e+02
506.001131858100678	3.049665e+02
506.999897443339478	3.049709e+02
508.001760645684897	3.049754e+02
509.00057494393468	3.049799e+02
509.999413898640967	3.049843e+02
511.001351703648083	3.049888e+02
512.000243591651156	3.049932e+02
512.999166595937822	3.049976e+02
514.001198888276008	3.050020e+02
515.000197471901288	3.050064e+02
515.999240191230342	3.050107e+02
517.001404900109492	3.050151e+02
518.000546014341694	3.050195e+02
518.9997392945819	3.050238e+02
520.002060063838258	3.050282e+02
521.001358525883006	3.050326e+02
522.000709177407316	3.050369e+02
523.000105090532884	3.050413e+02
523.999529934207544	3.050456e+02
525.002084781041731	3.050499e+02
526.001622665853461	3.050543e+02
527.001171985616338	3.050586e+02
528.000721685101212	3.050629e+02
529.000262130536157	3.050672e+02
529.999796097172407	3.050716e+02
530.999318975361916	3.050759e+02
532.001899480313568	3.050802e+02
533.001399512774583	3.050844e+02
534.000900020699419	3.050887e+02
535.000404316961408	3.050930e+02
535.999921060856764	3.050972e+02
536.999458418444192	3.051015e+02
538.002103412542056	3.051057e+02
539.001714787084325	3.051099e+02
540.001366371732502	3.051142e+02
541.001061457090373	3.051184e+02
542.000809750296298	3.051226e+02
543.000609536481306	3.051267e+02
544.000457062784562	3.051309e+02
545.000356160035494	3.051351e+02
546.000305324828219	3.051393e+02
547.000296519477502	3.051434e+02
548.00032856348605	3.051476e+02
549.00039992437064	3.051517e+02
550.00050195823269	3.051559e+02
551.000628867013802	3.051600e+02
552.000778619984771	3.051641e+02
553.000945071355659	3.051682e+02
554.001124319738892	3.051724e+02
555.001316586008329	3.051765e+02
556.001519320644888	3.051806e+02
557.001731672484084	3.051846e+02
558.001954675918114	3.051887e+02
559.002190567552361	3.051928e+02
559.999362884992479	3.051968e+02
560.999630826612474	3.052009e+02
561.999920830554856	3.052049e+02
563.000235633839111	3.052089e+02
564.000576550278424	3.052129e+02
565.000944078801922	3.052169e+02
566.001337432372793	3.052209e+02
567.001755222184784	3.052249e+02
568.002196495543558	3.052289e+02
568.999580920182666	3.052329e+02
570.000062861669335	3.052369e+02
571.000563368208532	3.052408e+02
572.001080476734842	3.052448e+02
573.001612390215314	3.052487e+02
574.002157901395321	3.052527e+02
574.999637739490481	3.052566e+02
576.000208103055229	3.052605e+02
577.000790376419445	3.052645e+02
578.00138554894454	3.052684e+02
579.001995962862566	3.052723e+02
579.999544495687815	3.052762e+02
581.000190636220964	3.052800e+02
582.000857445269162	3.052839e+02
583.001547127940512	3.052878e+02
583.999183521675604	3.052916e+02
584.999926948589632	3.052955e+02
586.000700489218843	3.052993e+02
587.001506598911533	3.053032e+02
587.99926799382547	3.053070e+02
589.000145409217112	3.053108e+02
590.001061787678282	3.053146e+02
591.002019298079972	3.053184e+02
591.999939170705602	3.053221e+02
593.000983032244562	3.053259e+02
594.002072942547557	3.053297e+02
595.000129737546672	3.053334e+02
596.001316151765764	3.053372e+02
596.999472665188705	3.053409e+02
598.000761925122447	3.053446e+02
599.002104637616185	3.053483e+02
600.000419838153448	3.053521e+02
601.001870748756801	3.053558e+02
602.000295198039908	3.053594e+02
603.001856482751009	3.053631e+02
604.000391285519527	3.053668e+02
605.002064012870051	3.053705e+02
606.000709777146653	3.053741e+02
606.999409940374107	3.053778e+02
608.001245875481345	3.053814e+02
609.000049676068443	3.053850e+02
610.001977780122729	3.053887e+02
611.000845954300644	3.053923e+02
611.99973879132358	3.053959e+02
613.0017381606973	3.053995e+02
614.000676823116464	3.054030e+02
614.999639012873558	3.054066e+02
616.001711923290941	3.054102e+02
617.000734056203328	3.054138e+02
617.999790448542399	3.054173e+02
619.001965576661064	3.054209e+02
620.001094966328083	3.054244e+02
621.000264110250328	3.054280e+02
621.999473763055789	3.054315e+02
623.001807770423625	3.054350e+02
624.001097977880477	3.054386e+02
625.000428471307941	3.054421e+02
625.99979888765597	3.054456e+02
626.999206816023047	3.054491e+02
628.001734472853627	3.054526e+02
629.001210015546008	3.054561e+02
630.000717516821396	3.054596e+02
631.000256078500001	3.054631e+02
631.999825123270284	3.054666e+02
632.999426658020411	3.054700e+02
634.00214914754838	3.054735e+02
635.00182383606159	3.054770e+02
636.00153826904284	3.054804e+02
637.001295668469538	3.054838e+02
638.001098441052591	3.054873e+02
639.000949078242797	3.054907e+02
640.000852172062196	3.054941e+02
641.000811977679632	3.054975e+02
642.000826046606221	3.055009e+02
643.00088421093858	3.055043e+02
644.000987198982557	3.055077e+02
645.001135073950991	3.055110e+02
646.001327198662466	3.055144e+02
647.001564001378711	3.055178e+02
648.001846248315132	3.055211e+02
649.002175559720968	3.055245e+02
649.999466234982947	3.055278e+02
650.999894350096497	3.055311e+02
652.000373217148535	3.055344e+02
653.000902076524198	3.055377e+02
654.00147562295092	3.055410e+02
655.002088305455345	3.055443e+02
655.999648575967171	3.055476e+02
657.000332758057425	3.055509e+02
658.0010501714155	3.055541e+02
659.001800652544148	3.055574e+02
659.99949457924231	3.055606e+02
661.00031023942654	3.055639e+02
662.001159454296953	3.055671e+02
663.002044136727022	3.055703e+02
663.999875970023027	3.055736e+02
665.000834738074445	3.055768e+02
666.001832272214756	3.055800e+02
666.999780480688059	3.055832e+02
668.00086067640018	3.055863e+02
669.0019849067927	3.055895e+02
670.000066609870373	3.055927e+02
671.001289291633157	3.055958e+02
671.999475757621894	3.055990e+02
673.000807624938147	3.056021e+02
674.00218933117651	3.056053e+02
675.000530347012273	3.056084e+02
676.00201286504398	3.056115e+02
677.000455554626456	3.056146e+02
678.00203940307631	3.056177e+02
679.000578665894523	3.056208e+02
679.999162369956139	3.056239e+02
681.000880745148152	3.056270e+02
681.99954849522635	3.056300e+02
683.001348837939759	3.056331e+02
684.000098695633596	3.056361e+02
685.001982198614996	3.056392e+02
686.000816954055722	3.056422e+02
686.999697858463037	3.056452e+02
688.00171817598391	3.056483e+02
689.000696449352063	3.056513e+02
689.999727806012288	3.056543e+02
691.001907207350882	3.056573e+02
692.001049376099786	3.056602e+02
693.000249775258794	3.056632e+02
693.999509619646233	3.056662e+02
695.001924732240695	3.056692e+02
696.001309593331143	3.056721e+02
697.000760008039492	3.056750e+02
698.000278654198837	3.056780e+02
698.999867765049999	3.056809e+02
699.999528647373381	3.056838e+02
700.999261851223423	3.056867e+02
702.002166662328364	3.056897e+02
703.002048461605796	3.056926e+02
704.002016020040287	3.056954e+02
705.002067926577752	3.056983e+02
706.00220676286699	3.057012e+02
706.999339558774523	3.057041e+02
707.999660490636643	3.057069e+02
709.000074117678878	3.057098e+02
710.000580381524742	3.057127e+02
711.001179537292728	3.057155e+02
712.001873981621088	3.057183e+02
712.999567203269407	3.057212e+02
714.00045794582627	3.057240e+02
715.001450105897447	3.057268e+02
715.999448579511522	3.057296e+02
717.000655854154957	3.057324e+02
718.0019742138428	3.057352e+02
719.000305392174141	3.057380e+02
720.001852983587924	3.057408e+02
721.000416218402506	3.057435e+02
722.002200570993409	3.057463e+02
723.001008981241284	3.057491e+02
723.999950655311068	3.057518e+02
725.002133639869839	3.057546e+02
726.001353102790858	3.057573e+02
727.00071608947178	3.057600e+02
728.00022038558518	3.057627e+02
728.999871265919523	3.057655e+02
729.999674178006103	3.057682e+02
730.999624470423214	3.057709e+02
731.999723814716162	3.057736e+02
732.999981920546702	3.057763e+02
734.000399350975727	3.057789e+02
735.000982023089364	3.057816e+02
736.001751885511112	3.057843e+02
736.999619236443891	3.057869e+02
738.000802725583412	3.057896e+02
739.002187912777913	3.057923e+02
740.000664238488525	3.057949e+02
740.999335135875413	3.057975e+02
742.001306272409806	3.058002e+02
743.00035018367214	3.058028e+02
743.99957864434225	3.058054e+02
745.00209378730176	3.058080e+02
746.001656578055645	3.058107e+02
747.001380774958648	3.058133e+02
748.00126859852594	3.058159e+02
749.001303812227547	3.058185e+02
750.001478226125414	3.058210e+02
751.001804049645898	3.058236e+02
751.999170492685494	3.058262e+02
752.999809978551639	3.058288e+02
754.000617256708324	3.058313e+02
755.00160456231481	3.058339e+02
755.9996414509244	3.058364e+02
757.000951254417714	3.058390e+02
757.999294888358463	3.058415e+02
759.000917716026038	3.058441e+02
759.999566380384408	3.058466e+02
761.001471295675515	3.058491e+02
762.000398866962996	3.058516e+02
762.999480786557797	3.058541e+02
764.001828470308624	3.058566e+02
765.001191457607433	3.058591e+02
766.000702680357449	3.058616e+02
767.000354804227186	3.058640e+02
768.000129205270241	3.058665e+02
769.000031120643371	3.058690e+02
770.000070989382039	3.058714e+02
771.000232985301295	3.058739e+02
772.000507517313849	3.058763e+02
773.00091097560221	3.058783e+02
774.001447959901384	3.058808e+02
774.998969051475342	3.058832e+02
775.999733179126224	3.058856e+02
777.000628535097917	3.058880e+02
777.998511779941055	3.058904e+02
778.999625465291729	3.058928e+02
780.000852992181535	3.058952e+02
780.999067502251023	3.058976e+02
782.000501651750483	3.059000e+02
782.998890402950906	3.059023e+02
784.000510709332616	3.059047e+02
784.999095951145591	3.059070e+02
786.000885146906739	3.059094e+02
786.999626701129273	3.059117e+02
788.001601758150173	3.059141e+02
789.000530123687213	3.059164e+02
789.999530848230279	3.059187e+02
790.99862715721315	3.059210e+02
792.000951261299747	3.059233e+02
793.000211673519857	3.059256e+02
793.999551064803086	3.059279e+02
794.998993047389376	3.059302e+02
795.998539242270454	3.059325e+02
797.00121385970408	3.059348e+02
798.00083212691186	3.059370e+02
799.000522314330169	3.059393e+02
800.000250605756605	3.059415e+02
801.000017169912667	3.059438e+02
801.999842073571358	3.059460e+02
802.999706484609419	3.059483e+02
803.999582733291618	3.059505e+02
804.999482047756146	3.059527e+02
805.999415658781686	3.059550e+02
806.999351759117303	3.059572e+02
807.999274949151413	3.059594e+02
808.999208724711366	3.059616e+02
809.99914808867095	3.059638e+02
810.999056193766251	3.059660e+02
811.998932488494233	3.059682e+02
812.998803996338438	3.059704e+02
813.998654002002354	3.059726e+02
815.001579920991389	3.059748e+02
816.00133257523828	3.059770e+02
817.001074908216992	3.059792e+02
818.000771926080461	3.059813e+02
819.000393426636151	3.059835e+02
819.999981202322829	3.059857e+02
820.999550655257735	3.059878e+02
821.99903903299446	3.059900e+02
823.001566279714211	3.059921e+02
824.000924564271259	3.059943e+02
825.000221582081508	3.059964e+02
825.999382328954994	3.059986e+02
827.001587692406019	3.060007e+02
828.000627895948355	3.060028e+02
828.999551449502519	3.060049e+02
830.001467451544841	3.060070e+02
831.00021531107916	3.060091e+02
831.998895971035608	3.060112e+02
833.00053533753794	3.060133e+02
833.998955071971295	3.060154e+02
835.00047699596098	3.060175e+02
835.998715522652674	3.060195e+02
836.999930671296283	3.060216e+02
838.001123477570104	3.060236e+02
838.999081881752318	3.060257e+02
839.999970080385197	3.060277e+02
841.000794857779169	3.060297e+02
842.001560905365864	3.060318e+02
842.999001408825166	3.060338e+02
843.999452529910513	3.060358e+02
844.999872326116702	3.060377e+02
846.00012386627759	3.060397e+02
847.000222763155534	3.060417e+02
848.000292433634058	3.060437e+02
849.000242785677756	3.060456e+02
850.00002896157423	3.060476e+02
850.999761643604757	3.060495e+02
851.999393702273892	3.060514e+02
852.998859638489989	3.060533e+02
854.001360649677281	3.060553e+02
855.000657095778593	3.060572e+02
855.999813643532775	3.060590e+02
856.998873063266615	3.060609e+02
858.000986364875075	3.060628e+02
858.999868720381755	3.060646e+02
859.998649532608965	3.060665e+02
861.000471721768236	3.060683e+02
861.999066316743551	3.060701e+02
863.00067494956329	3.060719e+02
863.999087793853846	3.060737e+02
865.000544472149613	3.060755e+02
865.998803714020937	3.060773e+02
867.000122603809928	3.060791e+02
868.001384262134707	3.060808e+02
868.999472388112508	3.060826e+02
870.000643261292907	3.060843e+02
870.998667684868224	3.060860e+02
871.999782446837344	3.060877e+02
873.000874958462532	3.060894e+02
873.998827776105145	3.060911e+02
874.999872922336863	3.060927e+02
876.000892789683121	3.060944e+02
876.998770256755165	3.060960e+02
877.999739486612611	3.060977e+02
879.000683825170086	3.060993e+02
880.001608363271998	3.061009e+02
880.999396520939513	3.061025e+02
882.000287412664647	3.061041e+02
883.001169270520791	3.061057e+02
883.998928084996123	3.061072e+02
884.999805708670237	3.061087e+02
886.000690875077112	3.061103e+02
887.001587333905491	3.061118e+02
887.999378046442303	3.061133e+02
889.000298849841215	3.061148e+02
890.001227169192589	3.061163e+02
890.999038491454712	3.061177e+02
891.999963323031352	3.061192e+02
893.000877356106457	3.061206e+02
893.998656425749232	3.061221e+02
894.999532193965592	3.061235e+02
896.00038300383892	3.061249e+02
897.001206450445807	3.061263e+02
897.998883302916397	3.061277e+02
898.999649348573598	3.061291e+02
900.000386891797802	3.061305e+02
901.001097298132891	3.061318e+02
901.998664901937559	3.061332e+02
902.999325858317889	3.061345e+02
903.999963408500321	3.061359e+02
905.00057879198755	3.061372e+02
906.001172663939997	3.061385e+02
906.998627661731803	3.061398e+02
907.999177637872663	3.061411e+02
908.999704328773987	3.061424e+02
910.000205979892371	3.061437e+02
911.000680661403294	3.061450e+02
912.001126076367655	3.061463e+02
913.0015389069398	3.061475e+02
913.998800052091042	3.061488e+02
914.999140677978858	3.061500e+02
915.999443047825253	3.061513e+02
916.999706709535417	3.061525e+02
917.9999324325413	3.061537e+02
919.000120945214121	3.061549e+02
920.000274033838991	3.061561e+02
921.000394375183646	3.061573e+02
922.000485300970581	3.061585e+02
923.000549587474893	3.061597e+02
924.000590745406612	3.061609e+02
925.000611420237874	3.061621e+02
926.000613609053062	3.061632e+02
927.000599446097908	3.061644e+02
928.000569194498098	3.061655e+02
929.000522922412983	3.061666e+02
930.00045981055996	3.061677e+02
931.000378734565288	3.061688e+02
932.000279030365391	3.061699e+02
933.000160171714697	3.061710e+02
934.000022525270765	3.061721e+02
934.999867901941911	3.061731e+02
935.999698896975019	3.061742e+02
936.999519162073966	3.061752e+02
937.999332095546947	3.061762e+02
938.999141000032296	3.061773e+02
939.998949079595945	3.061783e+02
940.998758037671109	3.061792e+02
941.998568508800759	3.061802e+02
943.001495012791338	3.061812e+02
944.001307348309638	3.061822e+02
945.001117308138419	3.061831e+02
946.000922549333836	3.061840e+02
947.000718497132311	3.061850e+02
948.000501810637275	3.061859e+02
949.000268707143277	3.061868e+02
950.000015691923181	3.061877e+02
950.999740415221709	3.061886e+02
951.999440668327338	3.061894e+02
952.999114517718226	3.061903e+02
953.998760791102313	3.061912e+02
955.001492963863257	3.061920e+02
956.001082963674321	3.061928e+02
957.000645038631092	3.061937e+02
958.000178803099629	3.061945e+02
958.999682979672343	3.061953e+02
959.99915611341271	3.061961e+02
960.998596297893869	3.061969e+02
962.001114210052492	3.061977e+02
963.000481022976601	3.061985e+02
963.999807458572491	3.061992e+02
964.999090907294772	3.062000e+02
966.001442156829967	3.062007e+02
967.00063385017711	3.062015e+02
967.999778394348027	3.062022e+02
968.998876222372701	3.062029e+02
970.001041290887429	3.062037e+02
971.00005162988009	3.062044e+02
971.99902222709477	3.062051e+02
973.001068265900244	3.062058e+02
973.999968298627778	3.062064e+02
974.998835801962286	3.062071e+02
976.000783794113772	3.062078e+02
976.999589948280573	3.062085e+02
978.001478315908685	3.062091e+02
979.000227384655773	3.062097e+02
979.998950053329395	3.062104e+02
981.000759147816893	3.062110e+02
981.999433860136037	3.062116e+02
983.001198919287617	3.062122e+02
983.999833765523476	3.062128e+02
985.001562066623023	3.062134e+02
986.000163562993293	3.062140e+02
986.998750851895807	3.062145e+02
988.000436835688788	3.062151e+02
988.999001766113224	3.062156e+02
990.000669566239139	3.062162e+02
990.999220801870592	3.062167e+02
992.000879034973195	3.062172e+02
992.999424557068551	3.062177e+02
994.001079242855212	3.062182e+02
994.999621495325073	3.062187e+02
996.001272379075544	3.062192e+02
996.999808992381304	3.062197e+02
998.00145173852161	3.062201e+02
998.999978241237272	3.062206e+02
1000.00160959835716	3.062210e+02
1001.0001236260174	3.062215e+02
1001.99863129237235	3.062219e+02
1003.00024257300242	3.062223e+02
1003.99873512430747	3.062227e+02
1005.00032852015397	3.062231e+02
1005.99879928425139	3.062235e+02
1007.00036695508913	3.062239e+02
1007.99880919247039	3.062242e+02
1009.00034613438197	3.062246e+02
1009.99875574490147	3.062249e+02
1011.00025693841337	3.062253e+02
1011.99862805223597	3.062256e+02
1013.00008661249171	3.062259e+02
1014.00152002830805	3.062263e+02
1014.99981539430576	3.062266e+02
1016.00118991158695	3.062269e+02
1016.99942133770173	3.062272e+02
1018.00072743686451	3.062275e+02
1018.99888733657883	3.062277e+02
1020.0001194479787	3.062280e+02
1021.0013144051718	3.062283e+02
1021.99936417932599	3.062285e+02
1023.00048793499343	3.062288e+02
1024.00157635031769	3.062290e+02
1024.99951923650224	3.062292e+02
1026.00053376456799	3.062292e+02
1026.99840141366099	3.062294e+02
1027.99934028847269	3.062297e+02
1029.00024373670999	3.062299e+02
1029.99800516408482	3.062301e+02
1030.99884221824027	3.062302e+02
1031.99964671941939	3.062304e+02
1033.00041802231635	3.062306e+02
1033.99804952709655	3.062307e+02
1034.99875870898768	3.062309e+02
1035.99944064779402	3.062310e+02
1037.00009994695847	3.062311e+02
1038.00074205531064	3.062312e+02
1038.99826386522864	3.062313e+02
1039.99888329008604	3.062314e+02
1040.99949323576243	3.062315e+02
1042.00009334319179	3.062315e+02
1043.00068206451465	3.062316e+02
1043.99814967603993	3.062316e+02
1044.99870863692104	3.062316e+02
1045.99924781729806	3.062316e+02
1046.99976355174067	3.062316e+02
1048.00025367515536	3.062316e+02
1049.00071861765264	3.062316e+02
1049.99805381919327	3.062315e+02
1050.99847620815876	3.062314e+02
1051.99888214853831	3.062314e+02
1052.99927355657019	3.062313e+02
1053.9996523324719	3.062312e+02
1055.00002043905374	3.062311e+02
1056.00037971354323	3.062309e+02
1057.00073245915132	3.062308e+02
1057.99797295655617	3.062306e+02
1058.99831543682899	3.062305e+02
1059.99865196832684	3.062303e+02
1060.99898010463107	3.062301e+02
1061.99929558142412	3.062299e+02
1062.99959473043623	3.062297e+02
1063.99987413955296	3.062294e+02
1065.00013162082382	3.062292e+02
1066.0003666061491	3.062289e+02
1067.00058056368607	3.062287e+02
1068.00077596735809	3.062284e+02
1069.00095477978175	3.062281e+02
1069.99801178201983	3.062278e+02
1070.99815862411697	3.062275e+02
1071.99828564748941	3.062272e+02
1072.99838778802427	3.062269e+02
1073.99845913444005	3.062266e+02
1074.9984943237796	3.062263e+02
1075.99848998123457	3.062259e+02
1076.99844496008745	3.062256e+02
1077.99835962096631	3.062253e+02
1078.99823550914539	3.062249e+02
1079.99804283451908	3.062243e+02
1080.99777406137309	3.062239e+02
1081.99757889515672	3.062235e+02
1082.99736940244225	3.062232e+02
1083.997131230901	3.062228e+02
1084.99997233226168	3.062224e+02
1085.99968519321806	3.062220e+02
1086.99937344953241	3.062216e+02
1087.99903579596662	3.062212e+02
1088.99867164629632	3.062208e+02
1089.99828016497986	3.062204e+02
1090.99786207309512	3.062199e+02
1091.99741979769374	3.062195e+02
1092.99695453449795	3.062191e+02
1093.99957109156776	3.062186e+02
1094.99906341952942	3.062182e+02
1095.99853767852869	3.062177e+02
1096.99799652755314	3.062173e+02
1097.99744266236758	3.062168e+02
1098.99998253767399	3.062163e+02
1099.99941124372504	3.062158e+02
1100.99883557991279	3.062153e+02
1101.99825767902257	3.062148e+02
1102.99768014663232	3.062143e+02
1103.99710595075726	3.062138e+02
1104.99964161450657	3.062133e+02
1105.99908297351203	3.062127e+02
1106.99853713760399	3.062122e+02
1107.99800585816433	3.062116e+02
1108.9974892800883	3.062110e+02
1109.99698550838366	3.062104e+02
1110.9995967161592	3.062098e+02
1111.99911250392847	3.062092e+02
1112.99863366098452	3.062086e+02
1113.99815714160036	3.062079e+02
1114.99768068710409	3.062073e+02
1115.9972029713133	3.062066e+02
1116.99982721927131	3.062059e+02
1117.99934466068339	3.062052e+02
1118.99885918591713	3.062045e+02
1119.99837112821047	3.062038e+02
1120.99788002591595	3.062031e+02
1121.9973852182859	3.062023e+02
1122.99999101212848	3.062016e+02
1123.99948905605766	3.062008e+02
1124.99898330748624	3.062001e+02
1125.99847339668077	3.061993e+02
1126.99795813229139	3.061985e+02
1127.99743513206772	3.061977e+02
1129.00000566831295	3.061969e+02
1129.99945815789215	3.061960e+02
1130.99889325602135	3.061952e+02
1131.99830841874882	3.061943e+02
1133.00080490487903	3.061935e+02
1134.00017295241537	3.061926e+02
1134.99951269206895	3.061918e+02
1135.99882001690776	3.061909e+02
1136.9980899825764	3.061900e+02
1138.00042121801789	3.061892e+02
1138.99960350566766	3.061883e+02
1139.99873758961189	3.061874e+02
1141.00092542982816	3.061865e+02
1141.99996276609818	3.061856e+02
1142.99895494689849	3.061847e+02
1144.00100640711162	3.061838e+02
1144.99991575993818	3.061829e+02
1145.99878880975484	3.061820e+02
1147.0007313388096	3.061811e+02
1147.99954265645124	3.061802e+02
1148.99832711965564	3.061793e+02
1150.000187799591	3.061783e+02
1150.99892189105094	3.061774e+02
1152.00073346352883	3.061765e+02
1152.99942172058309	3.061755e+02
1153.99809208171928	3.061745e+02
1154.99985105495193	3.061736e+02
1155.99850184254683	3.061726e+02
1157.00025319591782	3.061716e+02
1157.99890694103397	3.061706e+02
1159.00066832192624	3.061696e+02
1159.99933451059292	3.061686e+02
1160.99800622983889	3.061676e+02
1161.9997834014282	3.061665e+02
1162.99846151705219	3.061655e+02
1164.00024126092603	3.061644e+02
1164.99891712956332	3.061633e+02
1166.00068994524736	3.061623e+02
1166.99935646339691	3.061612e+02
1167.9980188936504	3.061601e+02
1168.99978069425833	3.061589e+02
1169.9984467029667	3.061578e+02
1171.00022526371276	3.061567e+02
1171.99892255418968	3.061555e+02
1173.00074953688045	3.061544e+02
1173.99949361987819	3.061532e+02
1174.99825013742043	3.061520e+02
1176.00013710691951	3.061508e+02
1176.99895466628141	3.061496e+02
1178.00090672586907	3.061484e+02
1178.99978597725067	3.061472e+02
1179.99868844415846	3.061459e+02
1181.0007103556602	3.061446e+02
1181.99964151327413	3.061434e+02
1182.99858001971097	3.061421e+02
1184.00062515109835	3.061408e+02
1184.99957067028504	3.061395e+02
1185.99851899484156	3.061382e+02
1187.00057351632518	3.061368e+02
1187.99953059631616	3.061355e+02
1188.99849362446412	3.061342e+02
1190.00056565881141	3.061328e+02
1190.99954199423428	3.061314e+02
1191.99852380361835	3.061301e+02
1193.0006089512633	3.061287e+02
1193.99958603475943	3.061273e+02
1194.99855016271181	3.061259e+02
1196.00059544823239	3.061244e+02
1196.99950960317574	3.061230e+02
1197.99838901838962	3.061216e+02
1199.00033048155274	3.061202e+02
1199.99912615566609	3.061187e+02
1201.00097866831493	3.061173e+02
1201.99968382255634	3.061158e+02
1202.99834003880733	3.061144e+02
1204.000048194486	3.061129e+02
1204.99862036699483	3.061114e+02
1206.00026296274086	3.061100e+02
1206.99877532803589	3.061085e+02
1208.00035765685629	3.061071e+02
1208.99880374529289	3.061056e+02
1210.00030765006909	3.061041e+02
1210.99866048260742	3.061027e+02
1212.00005521470644	3.061012e+02
1212.99828645891466	3.060997e+02
1213.99955647530646	3.060982e+02
1215.00077473615215	3.060968e+02
1215.99885572998278	3.060953e+02
1217.00001534245234	3.060938e+02
1217.99807015916804	3.060923e+02
1218.99923182491011	3.060908e+02
1220.00040784604539	3.060893e+02
1220.99850238459476	3.060878e+02
1221.99971680765952	3.060863e+02
1223.0009526615288	3.060848e+02
1223.99911018558737	3.060833e+02
1225.00038901855055	3.060818e+02
1225.99859035402733	3.060802e+02
1226.99991543423243	3.060787e+02
1227.9981656946045	3.060771e+02
1228.9995445570305	3.060755e+02
1230.0009559124162	3.060740e+02
1230.99930306384226	3.060724e+02
1232.00079096131367	3.060708e+02
1232.99922256000877	3.060691e+02
1234.00080150474764	3.060675e+02
1234.99932704594016	3.060659e+02
1236.00100135483262	3.060642e+02
1236.99962158512949	3.060626e+02
1237.99828767946792	3.060609e+02
1239.00009935828234	3.060592e+02
1239.99885077281624	3.060575e+02
1241.00074088707311	3.060558e+02
1241.99955992815626	3.060541e+02
1242.99840375107306	3.060524e+02
1244.00036954211714	3.060507e+02
1244.99924899340976	3.060489e+02
1245.99814252710053	3.060472e+02
1247.00015233778663	3.060454e+02
1247.99907446850011	3.060436e+02
1248.99801245657409	3.060418e+02
1250.00006949212343	3.060400e+02
1250.99903874465963	3.060382e+02
1251.9980171517559	3.060364e+02
1253.00009871743578	3.060346e+02
1253.99906924520496	3.060327e+02
1254.99802171148099	3.060309e+02
1256.00004890617402	3.060291e+02
1256.99893735115597	3.060272e+02
1258.00088512359002	3.060253e+02
1258.99968529377657	3.060235e+02
1259.99843966837557	3.060216e+02
1261.00025147559381	3.060197e+02
1261.99892107124424	3.060178e+02
1263.00065423065553	3.060159e+02
1263.99925049751687	3.060140e+02
1265.0009135610826	3.060121e+02
1265.99944161575922	3.060102e+02
1266.99793565363575	3.060083e+02
1267.99949549814323	3.060064e+02
1268.99791731754135	3.060044e+02
1269.9993999202743	3.060025e+02
1271.00083948422684	3.060006e+02
1271.99913290560312	3.059986e+02
1273.00047962419103	3.059967e+02
1273.99868037886404	3.059948e+02
1274.99993909200953	3.059928e+02
1275.99806137866858	3.059909e+02
1276.99925376117221	3.059889e+02
1278.00042350549757	3.059870e+02
1278.99847846206808	3.059850e+02
1279.9996250331501	3.059831e+02
1281.00076718556329	3.059811e+02
1281.99880365085437	3.059792e+02
1282.99993413125026	3.059772e+02
1283.99796679431188	3.059753e+02
1284.99911057220856	3.059733e+02
1286.00027752006417	3.059713e+02
1286.99837975066725	3.059693e+02
1287.99962550355622	3.059673e+02
1289.0009215487255	3.059653e+02
1289.99917414749689	3.059633e+02
1291.00058816401247	3.059613e+02
1291.99896510465373	3.059593e+02
1293.00051009187996	3.059572e+02
1293.9990221543444	3.059552e+02
1295.0006992244821	3.059531e+02
1295.99933696642756	3.059510e+02
1296.99803311771893	3.059490e+02
1297.99988504428347	3.059469e+02
1298.99868789046354	3.059448e+02
1300.00064337446429	3.059426e+02
1300.99954346376671	3.059405e+02
1301.99848729543987	3.059384e+02
1303.00057421883002	3.059363e+02
1303.99959571877844	3.059341e+02
1304.99865258077125	3.059320e+02
1306.00084756155638	3.059298e+02
1306.99997568614435	3.059276e+02
1307.99914038046791	3.059254e+02
1308.99834180037737	3.059232e+02
1310.00068060740341	3.059210e+02
1310.99994679110318	3.059188e+02
1311.99923955881809	3.059166e+02
1312.99855416577725	3.059144e+02
1314.00098871274236	3.059121e+02
1315.00033118233068	3.059099e+02
1315.99968035228039	3.059076e+02
1316.99903062470958	3.059054e+02
1317.99837596639827	3.059031e+02
1319.00081431395529	3.059008e+02
1320.00013219435982	3.058985e+02
1320.99942818310433	3.058962e+02
1321.99869978614174	3.058939e+02
1322.99794457855933	3.058916e+02
1324.00026133372853	3.058893e+02
1324.99944066448029	3.058870e+02
1325.9985875870309	3.058847e+02
1327.00080828060459	3.058824e+02
1327.99989652433896	3.058800e+02
1328.99895469004514	3.058777e+02
1329.99798759769919	3.058754e+02
1331.00009817108776	3.058730e+02
1331.99907272872133	3.058707e+02
1332.9980161248659	3.058683e+02
1334.00004250575012	3.058660e+02
1334.99894359480732	3.058636e+02
1336.00092217373071	3.058612e+02
1336.99978862095145	3.058588e+02
1337.99864279015287	3.058565e+02
1339.00057781168721	3.058541e+02
1339.99939990603571	3.058517e+02
1340.99821403393571	3.058493e+02
1342.00011797293246	3.058469e+02
1342.99891625323062	3.058445e+02
1344.00081712779388	3.058421e+02
1344.99961532945053	3.058397e+02
1345.99841945113303	3.058373e+02
1347.00033626975369	3.058348e+02
1347.9991612664146	3.058324e+02
1348.99800061232236	3.058300e+02
1349.99995843046486	3.058275e+02
1350.99882884485237	3.058251e+02
1352.00081784367558	3.058226e+02
1352.99972466956524	3.058201e+02
1353.99865292872482	3.058177e+02
1355.00070862963616	3.058152e+02
1355.99969133071227	3.058127e+02
1356.99870541472819	3.058102e+02
1358.00085484322972	3.058077e+02
1358.99993565592968	3.058051e+02
1359.99904835064194	3.058026e+02
1360.99819117085349	3.058001e+02
1362.00046895444302	3.057975e+02
1362.9996744606367	3.057950e+02
1363.99890983446517	3.057924e+02
1364.99817625000514	3.057898e+02
1366.00057675993003	3.057872e+02
1366.99990367562941	3.057846e+02
1367.9992590363438	3.057820e+02
1368.99864066007058	3.057794e+02
1369.99804663080772	3.057768e+02
1371.00057959637684	3.057742e+02
1372.00002990975213	3.057715e+02
1372.9995002470821	3.057689e+02
1373.99899004972622	3.057662e+02
1374.99849884930177	3.057636e+02
1375.99802611657037	3.057609e+02
1377.0006751514743	3.057582e+02
1378.00023421828473	3.057555e+02
1378.99980186620587	3.057528e+02
1379.99937287725652	3.057501e+02
1380.99894108755052	3.057474e+02
1381.99850130410346	3.057447e+02
1382.99804987963262	3.057420e+02
1384.00068734541537	3.057392e+02
1385.0002043187983	3.057365e+02
1385.99970579036994	3.057338e+02
1386.99919015351657	3.057310e+02
1387.9986536510246	3.057283e+02
1388.99809272032599	3.057255e+02
1390.00060974385337	3.057228e+02
1390.99999660132357	3.057200e+02
1391.99935726255489	3.057172e+02
1392.99869173706816	3.057145e+02
1393.9979991575558	3.057117e+02
1395.00037999900633	3.057089e+02
1395.99962390962583	3.057061e+02
1396.99883211560154	3.057033e+02
1397.99800414250876	3.057005e+02
1399.00024344831309	3.056977e+02
1399.99934490739838	3.056949e+02
1400.9984116419314	3.056921e+02
1402.00054648821447	3.056893e+02
1402.99954453430087	3.056865e+02
1403.99850834173913	3.056837e+02
1405.00053967198528	3.056808e+02
1405.99943391035413	3.056780e+02
1406.99829450752236	3.056752e+02
1408.00022814772478	3.056723e+02
1408.99903329382164	3.056695e+02
1410.00091412937172	3.056666e+02
1410.99966626340984	3.056637e+02
1411.9983906948205	3.056609e+02
1413.00019518133809	3.056580e+02
1413.99888386547832	3.056551e+02
1415.00066595208682	3.056522e+02
1415.99934766114984	3.056493e+02
1416.9980370354624	3.056464e+02
1417.99983869231846	3.056434e+02
1418.99855226288651	3.056405e+02
1420.00038617582095	3.056375e+02
1420.99914001706429	3.056346e+02
1421.99792000870934	3.056316e+02
1422.99982909249775	3.056286e+02
1423.99866679425713	3.056256e+02
1425.00064067122162	3.056226e+02
1425.99955111646295	3.056196e+02
1426.99850618558708	3.056166e+02
1428.00061483366107	3.056135e+02
1428.99967494484235	3.056105e+02
1429.99878924253017	3.056074e+02
1430.99795362734608	3.056043e+02
1432.00026670837451	3.056012e+02
1432.99951741945915	3.055981e+02
1433.99880633259363	3.055950e+02
1434.99813322529735	3.055919e+02
1436.00060118761689	3.055888e+02
1437.00000441811471	3.055856e+02
1437.99944825605439	3.055825e+02
1438.99893273974135	3.055793e+02
1439.99845539545322	3.055762e+02
1440.99801166552561	3.055730e+02
1442.00069993741477	3.055698e+02
1443.00030417449284	3.055666e+02
1443.99992098048074	3.055635e+02
1444.99954376078949	3.055603e+02
1445.99916897508547	3.055571e+02
1446.99879542122426	3.055539e+02
1447.99842022787266	3.055506e+02
1448.99803658171481	3.055474e+02
1450.00074251822184	3.055442e+02
1451.00032547006595	3.055410e+02
1451.99989047009171	3.055377e+02
1452.99943915289964	3.055345e+02
1453.99897263919183	3.055313e+02
1454.99849251259775	3.055280e+02
1455.99799841150116	3.055248e+02
1457.00059184705924	3.055215e+02
1458.00006146936698	3.055183e+02
1458.99950821755465	3.055150e+02
1459.99892970872861	3.055118e+02
1460.99832273732682	3.055085e+02
1462.00078713971266	3.055052e+02
1463.00011302539178	3.055020e+02
1463.99940313452635	3.054987e+02
1464.99865863753894	3.054954e+02
1466.00098595879172	3.054921e+02
1467.00018237721974	3.054889e+02
1467.99935405881047	3.054856e+02
1468.99850226643298	3.054823e+02
1470.00072925667791	3.054790e+02
1470.99982757685984	3.054757e+02
1471.9988974616665	3.054724e+02
1472.99793641740439	3.054690e+02
1474.00004542403713	3.054657e+02
1474.99902393116145	3.054624e+02
1475.99798331380998	3.054590e+02
1477.00003275532003	3.054557e+02
1477.99896764514278	3.054523e+02
1479.00098971328089	3.054489e+02
1479.99989016698669	3.054456e+02
1480.9987717291865	3.054422e+02
1482.00074561971337	3.054388e+02
1482.99962385314484	3.054353e+02
1483.99852982484094	3.054319e+02
1485.00058344117451	3.054285e+02
1485.99959041304328	3.054250e+02
1486.99865669960923	3.054216e+02
1488.00088243404866	3.054181e+02
1489.00005568623578	3.054146e+02
1489.99927060181244	3.054111e+02
1490.99852111164478	3.054076e+02
1492.00090713276791	3.054040e+02
1493.00022362862455	3.054005e+02
1493.99958070080538	3.053970e+02
1494.99898601783889	3.053934e+02
1495.99844407874298	3.053898e+02
1496.99795267212198	3.053862e+02
1498.00061017970302	3.053826e+02
1499.00020024652781	3.053790e+02
1499.99982124123744	3.053754e+02
1500.9994711555787	3.053718e+02
1501.99915476841147	3.053681e+02
1502.99888210405743	3.053645e+02
1503.99866218352054	3.053608e+02
1504.99850046269671	3.053571e+02
1505.99839741814117	3.053535e+02
1506.99834498102905	3.053498e+02
1507.99832982226803	3.053461e+02
1508.99834377057755	3.053424e+02
1509.9983812867863	3.053386e+02
1510.99843940311575	3.053349e+02
1511.99851754542328	3.053312e+02
1512.99862037456728	3.053275e+02
1513.99875680543801	3.053237e+02
1514.99893992752845	3.053200e+02
1515.99916719891712	3.053162e+02
1516.99943167005972	3.053125e+02
1517.99971705804433	3.053087e+02
1519.00000507093364	3.053049e+02
1520.00028064636444	3.053012e+02
1521.00054344655064	3.052974e+02
1522.00080604227378	3.052936e+02
1522.99797203784647	3.052898e+02
1523.9982617297137	3.052860e+02
1524.99857104828561	3.052822e+02
1525.99889287421797	3.052785e+02
1526.99920744121346	3.052747e+02
1527.99949332756796	3.052709e+02
1528.99972890828735	3.052671e+02
1529.99989843304297	3.052633e+02
1530.99999660623575	3.052595e+02
1532.00002834752672	3.052557e+02
1533.0000056497388	3.052518e+02
1533.99994379792724	3.052480e+02
1534.99985489382766	3.052442e+02
1535.99974107227354	3.052404e+02
1536.99959318218407	3.052366e+02
1537.9993945457486	3.052328e+02
1538.99912737611771	3.052289e+02
1539.99878050831308	3.052251e+02
1540.99835962920133	3.052213e+02
1542.0009963747616	3.052174e+02
1543.00051612376092	3.052136e+02
1544.00004650489836	3.052097e+02
1544.99959031082108	3.052058e+02
1545.99913767881571	3.052020e+02
1546.99866683407481	3.051981e+02
1547.99815230633658	3.051942e+02
1549.00068285709017	3.051903e+02
1550.00005989398483	3.051863e+02
1550.99940805667757	3.051824e+02
1551.99875115231362	3.051785e+02
1552.99810340256977	3.051745e+02
1554.00057779378039	3.051706e+02
1554.99996085500288	3.051666e+02
1555.99934013623056	3.051626e+02
1556.99870004641639	3.051586e+02
1557.99802508664197	3.051546e+02
1559.00040351372286	3.051506e+02
1559.99962961638175	3.051465e+02
1560.99883185458475	3.051425e+02
1561.99804665354827	3.051384e+02
1563.00040512244777	3.051344e+02
1563.99971697969067	3.051303e+02
1564.99910425874737	3.051262e+02
1565.99856707239883	3.051221e+02
1566.99807599091628	3.051180e+02
1568.00070774537676	3.051138e+02
1569.00026169563853	3.051097e+02
1569.99985397141518	3.051055e+02
1570.99947455884217	3.051013e+02
1571.99913249478072	3.050972e+02
1572.99887431463685	3.050930e+02
1573.99872674321773	3.050888e+02
1574.99867493132228	3.050846e+02
1575.99869628956208	3.050803e+02
1576.99876896870296	3.050761e+02
1577.99887053899829	3.050719e+02
1578.99898700611743	3.050676e+02
1579.99911920877094	3.050633e+02
1580.99929604950307	3.050591e+02
1581.99954333203823	3.050548e+02
1582.99986456861598	3.050505e+02
1584.00026526690181	3.050462e+02
1585.00074982126171	3.050419e+02
1585.99819811651037	3.050376e+02
1586.99880664137254	3.050333e+02
1587.99945226420368	3.050290e+02
1589.0001050525093	3.050246e+02
1590.0007417046229	3.050203e+02
1590.99824813146188	3.050160e+02
1591.99884023885124	3.050117e+02
1592.99942972519125	3.050073e+02
1594.00002958172672	3.050030e+02
1595.00064829070243	3.049986e+02
1595.99818229142693	3.049943e+02
1596.99883056767135	3.049899e+02
1597.99946764110496	3.049856e+02
1599.00008495377551	3.049812e+02
1600.00067270199793	3.049768e+02
1600.99811693056563	3.049725e+02
1601.99863573761127	3.049681e+02
1602.99912012433379	3.049638e+02
1603.99955882001245	3.049594e+02
1604.99994378683573	3.049550e+02
1606.00026089057701	3.049507e+02
1607.00048996083433	3.049463e+02
1608.00061823184706	3.049419e+02
1609.00063726449798	3.049375e+02
1610.0005459719514	3.049332e+02
1611.00035693762493	3.049288e+02
1612.00008533486721	3.049244e+02
1612.99974030925409	3.049200e+02
1613.99933008162088	3.049157e+02
1614.99885544376457	3.049113e+02
1615.99829926410507	3.049069e+02
1617.00074608381328	3.049024e+02
1617.99999151333782	3.048980e+02
1618.99916022374327	3.048936e+02
1619.99827274183122	3.048892e+02
1621.00046467299944	3.048847e+02
1621.99955921158471	3.048803e+02
1622.99868939079943	3.048758e+02
1624.00096420526552	3.048713e+02
1625.0001752008875	3.048668e+02
1625.99941093398934	3.048623e+02
1626.99864202277604	3.048578e+02
1628.00095094900098	3.048533e+02
1629.00012708075269	3.048487e+02
1629.99926862994425	3.048442e+02
1630.99839600341625	3.048396e+02
1632.00064545422356	3.048350e+02
1632.999830789101	3.048305e+02
1633.99906500187512	3.048259e+02
1634.99834936202728	3.048212e+02
1636.00077795229117	3.048166e+02
1637.00013341642921	3.048119e+02
1637.99951203272235	3.048073e+02
1638.99891425364126	3.048026e+02
1639.99835136539605	3.047979e+02
1641.00094891576464	3.047932e+02
1642.00052419316467	3.047885e+02
1643.00020450171905	3.047837e+02
1643.99999952621715	3.047790e+02
1644.99990031811558	3.047742e+02
1645.9998853409802	3.047695e+02
1646.99992774030056	3.047647e+02
1648.00000741580061	3.047599e+02
1649.00012525584066	3.047550e+02
1650.0003044318978	3.047502e+02
1651.00057667982696	3.047454e+02
1652.00097306798943	3.047405e+02
1652.9984012384748	3.047357e+02
1653.99906609368327	3.047308e+02
1654.9998186113578	3.047260e+02
1656.00059973348289	3.047211e+02
1656.99825718648094	3.047162e+02
1657.99898360932161	3.047113e+02
1658.99966849767975	3.047064e+02
1660.00032889122303	3.047015e+02
1661.00098436380154	3.046965e+02
1661.99854619226448	3.046916e+02
1662.99925115638712	3.046867e+02
1664.00001017106456	3.046818e+02
1665.00081724871029	3.046768e+02
1665.99854239466185	3.046719e+02
1666.99936593392567	3.046669e+02
1668.00013978533343	3.046620e+02
1669.00085085916248	3.046570e+02
1669.99840096049707	3.046521e+02
1670.99901862720822	3.046471e+02
1671.9996011514902	3.046422e+02
1673.00014282323718	3.046372e+02
1674.00062690990535	3.046323e+02
1674.99793006669779	3.046273e+02
1675.99825913159702	3.046224e+02
1676.9985159332075	3.046174e+02
1677.99873305586266	3.046125e+02
1678.99894984492721	3.046075e+02
1679.9991844537949	3.046025e+02
1680.99942100389649	3.045976e+02
1681.99961178412059	3.045926e+02
1682.99969481212179	3.045877e+02
1683.99961417643317	3.045827e+02
1684.99933732720092	3.045778e+02
1685.99886835550888	3.045728e+02
1686.99826333853071	3.045678e+02
1688.00070195106059	3.045628e+02
1689.00002689868484	3.045578e+02
1689.99935696480293	3.045529e+02
1690.99869182296447	3.045479e+02
1691.99802643554904	3.045429e+02
1693.00044817745015	3.045378e+02
1693.9997459726842	3.045328e+02
1694.99903910307034	3.045278e+02
1695.99833840348583	3.045227e+02
1697.00075316265634	3.045176e+02
1698.00007672925381	3.045126e+02
1698.99939518658698	3.045075e+02
1699.99868049662655	3.045024e+02
1700.99791381765954	3.044973e+02
1702.00018950024923	3.044921e+02
1702.99931216928599	3.044870e+02
1703.99841821405221	3.044818e+02
1705.00066237152009	3.044767e+02
1705.99989378959776	3.044715e+02
1706.99925281337846	3.044663e+02
1707.99875871085374	3.044611e+02
1708.9984074327424	3.044559e+02
1709.99817324317451	3.044506e+02
1710.99800487291645	3.044454e+02
1712.00095314679879	3.044401e+02
1713.00077544386886	3.044348e+02
1714.00057550727479	3.044295e+02
1715.00038130945882	3.044242e+02
1716.00023802081137	3.044189e+02
1717.00019297839776	3.044135e+02
1718.00027819476122	3.044082e+02
1719.00050654086658	3.044028e+02
1720.00087646197721	3.043975e+02
1720.99825701122109	3.043921e+02
1721.99882484980481	3.043867e+02
1722.99944642589753	3.043813e+02
1724.00010876766851	3.043759e+02
1725.0007972407634	3.043704e+02
1725.99838250384119	3.043650e+02
1726.99907796378784	3.043596e+02
1727.99979450504793	3.043541e+02
1729.00054098330065	3.043486e+02
1729.99817993578563	3.043432e+02
1730.9988351227255	3.043377e+02
1731.99930843447328	3.043322e+02
1732.99960140813437	3.043267e+02
1733.99981711714031	3.043212e+02
1735.00010576322961	3.043157e+02
1736.00061319661063	3.043102e+02
1736.99831962602411	3.043047e+02
1737.99942471794657	3.042992e+02
1739.00069142894085	3.042936e+02
1739.99879142569853	3.042881e+02
1740.99972082434397	3.042825e+02
1742.0002595753615	3.042770e+02
1743.00042499239476	3.042714e+02
1744.00033711463016	3.042659e+02
1745.00020420483202	3.042603e+02
1746.00020305081262	3.042548e+02
1747.00044924191297	3.042493e+02
1748.00098229104992	3.042438e+02
1748.99862559907751	3.042382e+02
1749.99937443698445	3.042327e+02
1750.99993341300956	3.042272e+02
1752.00020452842364	3.042216e+02
1753.00018539774965	3.042161e+02
1753.99995722605786	3.042105e+02
1754.99965172305224	3.042050e+02
1755.99937420901142	3.041995e+02
1756.99918398843283	3.041939e+02
1757.99905727546616	3.041883e+02
1758.99890197778745	3.041828e+02
1759.99861603758336	3.041772e+02
1760.99815084045258	3.041716e+02
1762.00064772574046	3.041660e+02
1763.00000454708311	3.041604e+02
1763.99944313344577	3.041548e+02
1764.99905837673236	3.041492e+02
1765.99888355959615	3.041436e+02
1766.99884729628457	3.041380e+02
1767.99883162080027	3.041323e+02
1768.99871689796737	3.041267e+02
1769.99837543997342	3.041210e+02
1771.00083206083377	3.041153e+02
1771.99993232871066	3.041096e+02
1772.99891571185594	3.041040e+02
1773.9979439962824	3.040983e+02
1775.00028853091226	3.040926e+02
1775.99985701588776	3.040868e+02
1776.9997644951352	3.040811e+02
1777.99990352173882	3.040754e+02
1779.00007262439976	3.040696e+02
1780.00005311805398	3.040639e+02
1780.99972359915159	3.040581e+02
1781.99911606461114	3.040523e+02
1782.99838244358966	3.040465e+02
1784.000824727397	3.040406e+02
1785.00041188977411	3.040348e+02
1786.00031015063769	3.040290e+02
1787.00047433238024	3.040231e+02
1788.00079576195844	3.040173e+02
1788.99804110645005	3.040114e+02
1789.99833056785428	3.040055e+02
1790.99854521824045	3.039996e+02
1791.99875201646159	3.039937e+02
1792.99905301074273	3.039877e+02
1793.99956153303106	3.039818e+02
1795.00037569769552	3.039758e+02
1795.99842001382149	3.039699e+02
1796.99984002621409	3.039639e+02
1797.99821822073977	3.039579e+02
1798.99947944337873	3.039519e+02
1800.00027864572485	3.039459e+02
1801.00056012321079	3.039399e+02
1802.00048960482559	3.039338e+02
1803.00033879808689	3.039278e+02
1804.00034899565208	3.039218e+02
1805.00070417638608	3.039158e+02
1805.99834349052003	3.039097e+02
1806.99936069278101	3.039037e+02
1808.0004092353056	3.038976e+02
1808.99812186720555	3.038916e+02
1809.99854570925777	3.038855e+02
1810.99856121576249	3.038794e+02
1811.99830226419863	3.038734e+02
1812.99798186818407	3.038673e+02
1814.00089884028694	3.038612e+02
1815.00095200638179	3.038551e+02
1815.99812846920872	3.038491e+02
1816.9985271850544	3.038430e+02
1817.99889735535976	3.038369e+02
1818.99913309599242	3.038308e+02
1819.99921614260279	3.038247e+02
1820.99922274400001	3.038186e+02
1821.9992828819145	3.038124e+02
1822.9994983329093	3.038063e+02
1823.99987717613885	3.038002e+02
1825.00031684566693	3.037941e+02
1826.00063631033709	3.037879e+02
1827.00065115859502	3.037818e+02
1828.0002588480736	3.037756e+02
1828.999521290345	3.037695e+02
1829.9986634692209	3.037634e+02
1830.99798581434948	3.037572e+02
1832.00082425095457	3.037511e+02
1832.99794337922572	3.037449e+02
1833.99852546420016	3.037388e+02
1834.99916815684355	3.037326e+02
1835.99950287222032	3.037264e+02
1836.99926197810851	3.037202e+02
1837.99845557101821	3.037140e+02
1839.0004610645974	3.037078e+02
1839.99946844884767	3.037016e+02
1840.99889490637406	3.036954e+02
1841.99882978537903	3.036891e+02
1842.99915568361689	3.036829e+02
1843.99962394086606	3.036766e+02
1844.9999339175306	3.036704e+02
1845.99984691075065	3.036641e+02
1846.99937196937162	3.036578e+02
1847.99875222213336	3.036515e+02
1848.9983355002023	3.036453e+02
1849.99841663746088	3.036390e+02
1850.99907064851641	3.036326e+02
1852.00023379756112	3.036263e+02
1852.99850626381544	3.036200e+02
1853.99957871549464	3.036136e+02
1855.00004137674819	3.036072e+02
1855.99993206196245	3.036009e+02
1856.99962127416029	3.035945e+02
1857.99947772035603	3.035881e+02
1858.99983540032395	3.035817e+02
1860.00087601343103	3.035753e+02
1860.99940074094002	3.035689e+02
1861.99821972287737	3.035625e+02
1862.99985620170742	3.035561e+02
1864.00073654599191	3.035496e+02
1865.00079823534224	3.035432e+02
1866.00023590001365	3.035368e+02
1866.99936799980014	3.035304e+02
1867.99851343587943	3.035240e+02
1869.0009532396025	3.035176e+02
1870.00041894692572	3.035112e+02
1870.99976274147139	3.035048e+02
1871.9987072297788	3.034983e+02
1873.00016324044873	3.034919e+02
1874.00096078780825	3.034855e+02
1874.99814290175391	3.034791e+02
1875.99817497179083	3.034727e+02
1876.99826133029728	3.034663e+02
1877.99858335500471	3.034600e+02
1878.99911000948509	3.034536e+02
1879.99959120604399	3.034472e+02
1880.99966701720768	3.034408e+02
1881.99906092747733	3.034344e+02
1883.00082289671991	3.034280e+02
1883.99895188739174	3.034217e+02
1884.99999827907118	3.034153e+02
1885.9982135368839	3.034091e+02
1887.00003193897987	3.034028e+02
1887.99923803263118	3.033965e+02
1888.9986619013298	3.033903e+02
1890.0009782374259	3.033841e+02
1890.9996120218068	3.033779e+02
1892.00060902208838	3.033717e+02
1892.99796475072867	3.033656e+02
1893.99834801076008	3.033595e+02
1894.99921205038618	3.033534e+02
1896.00078212942276	3.033473e+02
1896.99985531762559	3.033413e+02
1897.99922337217936	3.033353e+02
1898.998514202754	3.033293e+02
1900.00049934267236	3.033233e+02
1900.99893317374926	3.033173e+02
1902.00019646337023	3.033114e+02
1902.99848172231191	3.033055e+02
1904.00035835896188	3.032996e+02
1904.99983568619928	3.032938e+02
1905.99992277003275	3.032879e+02
1907.00032134021694	3.032821e+02
1908.0008322899414	3.032764e+02
1909.00093160232086	3.032706e+02
1910.00030599308934	3.032648e+02
1910.99915416881481	3.032591e+02
1912.00096180215701	3.032536e+02
1912.99985416341951	3.032479e+02
1913.99916159502141	3.032423e+02
1915.00183493017198	3.032367e+02
1915.99884508729065	3.032311e+02
1916.99943377915861	3.032256e+02
1918.00014863020897	3.032200e+02
1919.00056764200008	3.032145e+02
1920.00045193746428	3.032090e+02
1920.999817220767	3.032035e+02
1921.99885407788929	3.031981e+02
1923.00093528869252	3.031926e+02
1924.00015154858534	3.031873e+02
1924.9996942356795	3.031819e+02
1925.99951501246892	3.031765e+02
1926.9994556337756	3.031712e+02
1927.99924453677409	3.031659e+02
1929.00169876828068	3.031605e+02
1930.00053873376396	3.031553e+02
1930.99901672645274	3.031501e+02
1932.00052548632129	3.031448e+02
1932.99922801006664	3.031397e+02
1934.0015359973911	3.031345e+02
1935.00131940371921	3.031294e+02
1936.00158843669146	3.031244e+02
1936.99896437524126	3.031193e+02
1937.99915532118575	3.031142e+02
1939.00169088058715	3.031092e+02
1940.00026699132422	3.031041e+02
1941.00131005967296	3.030991e+02
1941.99907159494342	3.030942e+02
1943.00016854220166	3.030892e+02
1943.99876931042331	3.030844e+02
1945.0013154265514	3.030795e+02
1946.00145902451573	3.030746e+02
1947.00184707857534	3.030697e+02
1947.99894027443679	3.030648e+02
1949.00159173641941	3.030599e+02
1950.0005148195396	3.030550e+02
1950.99915708621666	3.030501e+02
1952.00121105374001	3.030452e+02
1953.00099918931824	3.030403e+02
1954.00175856958867	3.030354e+02
1955.00025833826953	3.030305e+02
1955.99891357040747	3.030255e+02
1956.99998347217434	3.030205e+02
1957.99995687250339	3.030154e+02
1958.99898139444576	3.030104e+02
1960.00060367275319	3.030054e+02
1960.99908875227379	3.030004e+02
1962.00098840628698	3.029954e+02
1963.00035636391385	3.029905e+02
1964.00013511165548	3.029856e+02
1964.99958884015041	3.029808e+02
1966.00117777936748	3.029760e+02
1967.00166040344834	3.029712e+02
1968.00103332507774	3.029666e+02
1968.99926208336751	3.029620e+02
1969.99984270938785	3.029574e+02
1971.00066921584312	3.029529e+02
1972.00156233056987	3.029485e+02
1973.00163917092277	3.029442e+02
1974.00116417228719	3.029399e+02
1975.00054692965341	3.029357e+02
1976.00169083237279	3.029315e+02
1977.00122177684921	3.029274e+02
1978.00073247297109	3.029233e+02
1979.00099174790853	3.029194e+02
1980.00060676208864	3.029154e+02
1980.9999655791205	3.029116e+02
1982.00038738718672	3.029078e+02
1982.99987281407948	3.029040e+02
1984.00023924400102	3.029002e+02
1985.00078188989801	3.028964e+02
1986.00130190178152	3.028927e+02
1987.00082094559184	3.028891e+02
1988.00124635556813	3.028856e+02
1989.00020087422172	3.028822e+02
1989.999123837252	3.028789e+02
1991.00087133326883	3.028756e+02
1991.99942744573468	3.028724e+02
1992.99978404438912	3.028693e+02
1993.99925602162261	3.028662e+02
1994.999169630285	3.028632e+02
1995.99991512042811	3.028603e+02
1997.00115585923368	3.028576e+02
1997.99970297082518	3.028550e+02
1999.00140827003497	3.028525e+02
1999.99864306339714	3.028498e+02
2001.00049341427098	3.028474e+02
2001.99871974126404	3.028451e+02
2002.99998310215051	3.028428e+02
2003.99892672382498	3.028407e+02
2004.99910086211912	3.028387e+02
2005.99975132704435	3.028368e+02
2006.99968559747913	3.028349e+02
2007.99838059500075	3.028332e+02
2008.99946407483458	3.028315e+02
2010.00017958868057	3.028298e+02
2010.99811436887239	3.028283e+02
2012.00009799786471	3.028268e+02
2013.00007377642805	3.028255e+02
2014.00024334006048	3.028243e+02
2014.99984687250253	3.028232e+02
2015.99872423445186	3.028222e+02
2017.00039146966742	3.028212e+02
2017.99944762206155	3.028202e+02
2018.99902973931535	3.028194e+02
2019.99926510331693	3.028187e+02
2021.00041439558163	3.028181e+02
2021.99893569980145	3.028175e+02
2023.00014567225253	3.028171e+02
2023.99799465514093	3.028167e+02
2024.99925690021951	3.028164e+02
2025.9981258396333	3.028161e+02
2026.99802969827783	3.028159e+02
2027.99863002482357	3.028159e+02
2028.99912882977151	3.028159e+02
2029.99940003971801	3.028160e+02
2030.99961806678425	3.028161e+02
2031.99984647913698	3.028164e+02
2033.00038005481906	3.028167e+02
2033.99871361746636	3.028170e+02
2035.0005466491109	3.028175e+02
2035.99886036417092	3.028181e+02
2036.99988564581076	3.028187e+02
2037.9982610211141	3.028194e+02
2039.00006026532355	3.028202e+02
2039.99878396542613	3.028211e+02
2040.99772480244224	3.028221e+02
2042.00012038723753	3.028232e+02
2042.99966677357202	3.028244e+02
2043.99909102798074	3.028257e+02
2044.99866566660921	3.028271e+02
2045.99868470683373	3.028285e+02
2046.99904399035381	3.028301e+02
2047.99968019166795	3.028318e+02
2049.00057878516054	3.028335e+02
2049.9985104174707	3.028354e+02
2050.99974557565474	3.028373e+02
2051.99827445028086	3.028393e+02
2053.00040170725606	3.028414e+02
2053.99975117620988	3.028436e+02
2054.99917963931011	3.028458e+02
2055.99906816382008	3.028483e+02
2057.00010239177618	3.028508e+02
2057.99957034940689	3.028533e+02
2059.00033855696984	3.028560e+02
2059.99877427408364	3.028588e+02
2061.00068028990472	3.028617e+02
2061.99967126352203	3.028648e+02
2062.9986247787715	3.028680e+02
2064.0005915181905	3.028714e+02
2064.99889326900075	3.028749e+02
2065.99960981869208	3.028786e+02
2066.99975605732197	3.028824e+02
2067.99950374386253	3.028864e+02
2068.99903816909227	3.028906e+02
2069.99854899783304	3.028949e+02
2070.99835310048456	3.028993e+02
2071.99848359109592	3.029038e+02
2072.99844596715275	3.029085e+02
2073.99778702077265	3.029132e+02
2074.99967222318037	3.029180e+02
2075.99810136242013	3.029229e+02
2076.99934962724456	3.029279e+02
2078.00007264182295	3.029331e+02
2078.9997303476639	3.029383e+02
2079.99798609703339	3.029437e+02
2080.99795342414836	3.029492e+02
2081.99986423388145	3.029547e+02
2082.99768968741637	3.029604e+02
2083.99737290915937	3.029662e+02
2084.99894619512907	3.029722e+02
2085.99976832878156	3.029782e+02
2087.00031337056316	3.029844e+02
2087.99766901176326	3.029906e+02
2088.99789846065732	3.029968e+02
2089.99794567799563	3.030031e+02
2090.99800346861957	3.030095e+02
2091.99812405934608	3.030158e+02
2092.99840201409143	3.030221e+02
2093.99876380594333	3.030284e+02
2094.99869089617778	3.030346e+02
2095.9978550317137	3.030408e+02
2096.9991733022307	3.030471e+02
2097.99977647816695	3.030535e+02
2098.99987393665151	3.030599e+02
2099.99979300803352	3.030664e+02
2101.00010186090003	3.030729e+02
2101.99846402574758	3.030796e+02
2102.99866839115339	3.030863e+02
2103.99813623537784	3.030930e+02
2104.99996692578725	3.030997e+02
2105.99816976857392	3.031065e+02
2106.99866919346414	3.031132e+02
2107.99782810185116	3.031199e+02
2108.9981657680155	3.031267e+02
2109.99908141417063	3.031335e+02
2111.00014270524571	3.031404e+02
2111.99784360021431	3.031474e+02
2112.9980692155591	3.031544e+02
2113.99772421590706	3.031615e+02
2115.00025172177084	3.031688e+02
2115.99995989037507	3.031760e+02
2116.99743479911331	3.031834e+02
2117.99936725192401	3.031907e+02
2118.99971794856356	3.031981e+02
2119.99836479931173	3.032056e+02
2120.99811993371668	3.032131e+02
2121.99882706652033	3.032206e+02
2122.9973407326479	3.032281e+02
2123.9997887224763	3.032357e+02
2124.99981503044955	3.032434e+02
2125.99746819986694	3.032510e+02
2126.99908667016416	3.032587e+02
2127.9985176557293	3.032665e+02
2128.99886088528137	3.032742e+02
2129.9999912036451	3.032819e+02
2130.99865504492345	3.032896e+02
2131.99786809570242	3.032973e+02
2132.99751634167706	3.033049e+02
2133.99753946215287	3.033125e+02
2134.99786540615605	3.033201e+02
2135.99851037891131	3.033276e+02
2136.9995630294261	3.033351e+02
2137.99793694486607	3.033425e+02
2138.99984749607711	3.033498e+02
2139.99877445712855	3.033571e+02
2140.99753084719578	3.033643e+02
2141.99917903327423	3.033714e+02
2142.99749645313159	3.033784e+02
2143.99886796876945	3.033853e+02
2144.99993714993252	3.033921e+02
2145.99733484778471	3.033988e+02
2147.00039487450886	3.034054e+02
2147.99976503022026	3.034118e+02
2148.99875176522892	3.034181e+02
2149.99746583337583	3.034243e+02
2150.99907529154007	3.034305e+02
2152.00030219342352	3.034366e+02
2152.99785677024329	3.034425e+02
2153.99733257606476	3.034485e+02
2154.99748501575414	3.034543e+02
2156.000377352143	3.034601e+02
2156.99863758590345	3.034658e+02
2157.99919717638477	3.034714e+02
2158.99807518371426	3.034770e+02
2159.9998077229543	3.034824e+02
2161.00031085701812	3.034878e+02
2162.00036355467819	3.034931e+02
2162.99924782493918	3.034984e+02
2163.99943658260054	3.035036e+02
2165.00044714256319	3.035087e+02
2165.99874920609682	3.035139e+02
2167.00033799808352	3.035190e+02
2167.99877640363593	3.035240e+02
2169.00023517328327	3.035291e+02
2169.99850800146805	3.035340e+02
2170.99994296293926	3.035390e+02
2171.99863989052164	3.035439e+02
2172.99750202157702	3.035488e+02
2173.9992223670597	3.035537e+02
2174.99740299741461	3.035586e+02
2175.99833749423806	3.035634e+02
2176.99911416738041	3.035683e+02
2177.99978870693667	3.035732e+02
2179.00033647576856	3.035781e+02
2179.9976957639301	3.035831e+02
2180.99803515688518	3.035880e+02
2181.99820458052909	3.035930e+02
2182.99845473769528	3.035981e+02
2183.99895209592114	3.036031e+02
2184.99950017484889	3.036082e+02
2186.00019397418373	3.036133e+02
2186.99787029970958	3.036184e+02
2187.99826391316947	3.036234e+02
2188.99771439201459	3.036284e+02
2189.99907864252827	3.036334e+02
2190.99935342400659	3.036383e+02
2191.99883265925837	3.036431e+02
2192.99795951929855	3.036478e+02
2193.99983017743807	3.036525e+02
2194.99780033080879	3.036572e+02
2195.99755666840838	3.036619e+02
2196.99925646415886	3.036666e+02
2197.99984148038402	3.036714e+02
2198.99928127135126	3.036762e+02
2199.99808676481643	3.036812e+02
2200.99998098248716	3.036862e+02
2201.99918517415335	3.036912e+02
2202.99908315789162	3.036963e+02
2203.9995327011743	3.037013e+02
2205.00010956640926	3.037064e+02
2205.9974725342804	3.037114e+02
2206.9976090697246	3.037164e+02
2208.0003674833938	3.037213e+02
2208.99940244910567	3.037262e+02
2209.99771086723058	3.037309e+02
2210.9985298354004	3.037357e+02
2211.99910742249858	3.037404e+02
2212.99971696180592	3.037450e+02
2213.99752000513672	3.037497e+02
2214.99894471088874	3.037544e+02
2215.9981775852375	3.037592e+02
2216.99840338094509	3.037640e+02
2217.99954605298126	3.037690e+02
2218.99848923973559	3.037740e+02
2219.99827675633151	3.037791e+02
2220.99872301500773	3.037842e+02
2221.99962852024055	3.037895e+02
2222.99777183598962	3.037947e+02
2223.99902753071365	3.038000e+02
2224.99982873955014	3.038053e+02
2225.9998707552727	3.038105e+02
2226.99913600122863	3.038157e+02
2227.99759010323805	3.038208e+02
2228.99846232958998	3.038259e+02
2229.99897909293577	3.038310e+02
2230.9996306599669	3.038360e+02
2232.00039433140728	3.038410e+02
2232.99787400434116	3.038460e+02
2233.99871370510118	3.038511e+02
2234.9999537612639	3.038563e+02
2235.99848415860879	3.038615e+02
2236.9976012285706	3.038667e+02
2237.9974617870439	3.038720e+02
2238.99784214628562	3.038774e+02
2239.99891322069834	3.038828e+02
2240.99789000996088	3.038881e+02
2242.00030983782108	3.038935e+02
2242.99914185837042	3.038989e+02
2243.99743710862595	3.039042e+02
2244.9984691276054	3.039095e+02
2245.9992081517712	3.039148e+02
2246.99974073588555	3.039201e+02
2248.00018196718929	3.039253e+02
2248.99762751118942	3.039304e+02
2249.99801405747576	3.039356e+02
2250.99809761508232	3.039409e+02
2251.99820086085674	3.039461e+02
2252.99882295924635	3.039514e+02
2254.00006169661992	3.039568e+02
2254.99875315346162	3.039621e+02
2255.99810970797625	3.039676e+02
2256.99824355901546	3.039730e+02
2257.99905473568333	3.039785e+02
2259.00019969251434	3.039840e+02
2259.9981875817798	3.039894e+02
2260.99919128155943	3.039948e+02
2262.00032459015301	3.040002e+02
2262.99873406835104	3.040056e+02
2264.0002081860398	3.040109e+02
2264.99863667349973	3.040161e+02
2266.00027632655883	3.040213e+02
2266.9985431275627	3.040265e+02
2267.99951118267973	3.040317e+02
2269.00016699129947	3.040369e+02
2269.99758185133123	3.040422e+02
2270.99786821735279	3.040475e+02
2271.99790892851388	3.040529e+02
2272.99816742215307	3.040583e+02
2273.99930044262283	3.040638e+02
2274.99835017376199	3.040692e+02
2275.99842348579068	3.040747e+02
2276.99740792660987	3.040802e+02
2277.99822741756543	3.040857e+02
2278.99984385249445	3.040913e+02
2279.99807266022026	3.040968e+02
2280.99875640573237	3.041023e+02
2281.99830753409651	3.041077e+02
2282.99894213778862	3.041131e+02
2283.99766376034813	3.041184e+02
2284.998243751882	3.041237e+02
2285.9982282519054	3.041290e+02
2286.99869785351211	3.041344e+02
2288.00041530655244	3.041398e+02
2288.99951252740084	3.041452e+02
2289.99786921335908	3.041506e+02
2290.99812690473073	3.041561e+02
2291.9977693247115	3.041617e+02
2292.99805242413095	3.041673e+02
2293.99830070155258	3.041729e+02
2294.9988735932684	3.041786e+02
2295.99737680840144	3.041844e+02
2296.997362918004	3.041902e+02
2297.99835026838127	3.041960e+02
2298.99810139530109	3.042017e+02
2299.99896535442485	3.042075e+02
2301.00015453566448	3.042132e+02
2301.99949696415069	3.042189e+02
2302.99774808424536	3.042246e+02
2303.99907972232177	3.042302e+02
2304.99849876808003	3.042358e+02
2305.99941864096763	3.042414e+02
2306.99814169517276	3.042470e+02
2307.99912113494747	3.042526e+02
2308.99866296727805	3.042582e+02
2309.99740859131316	3.042638e+02
2310.99987246703085	3.042694e+02
2311.99820423129177	3.042751e+02
2312.99859138255442	3.042809e+02
2313.9994256144837	3.042867e+02
2314.99908323351883	3.042926e+02
2316.00008394815541	3.042984e+02
2316.99989285751553	3.043043e+02
2317.99884932061877	3.043101e+02
2319.00006736875866	3.043160e+02
2319.99787336056079	3.043218e+02
2320.99868770266175	3.043275e+02
2322.00010910638866	3.043333e+02
2323.00034540120851	3.043389e+02
2323.99997020282581	3.043445e+02
2324.99781788980272	3.043501e+02
2325.99819909263806	3.043556e+02
2327.00007667975842	3.043611e+02
2328.00027143664965	3.043667e+02
2328.99961233529211	3.043722e+02
2329.999652867431	3.043777e+02
2330.99835263534351	3.043833e+02
2331.99841108730061	3.043889e+02
2332.99840211696892	3.043945e+02
2333.99763965347938	3.044001e+02
2334.99957929431184	3.044058e+02
2335.99803029698614	3.044114e+02
2336.99890683774356	3.044170e+02
2337.99955209680638	3.044225e+02
2339.00034084638401	3.044281e+02
2339.99829559317095	3.044336e+02
2340.99967267216425	3.044390e+02
2341.99800723161434	3.044445e+02
2342.99890011629896	3.044498e+02
2343.99892908347601	3.044552e+02
2344.99827801677657	3.044605e+02
2345.997805155278	3.044658e+02
2346.99903193915088	3.044711e+02
2347.99961710966136	3.044765e+02
2348.99858992739382	3.044818e+02
2350.00041670362452	3.044872e+02
2350.99831128024289	3.044925e+02
2351.99882692585015	3.044979e+02
2352.9983404695754	3.045032e+02
2353.99964050988183	3.045086e+02
2355.00015843287702	3.045139e+02
2356.00035204070218	3.045193e+02
2356.99748193251799	3.045245e+02
2357.99790440889547	3.045298e+02
2358.99840253773255	3.045350e+02
2359.99880880956607	3.045402e+02
2360.99891648527046	3.045454e+02
2361.99861574990382	3.045506e+02
2362.99863355898651	3.045557e+02
2364.00024669444701	3.045609e+02
2364.99810022804013	3.045661e+02
2365.99763788779637	3.045714e+02
2367.00011005986244	3.045766e+02
2367.99796373717663	3.045819e+02
2369.00042317796442	3.045872e+02
2369.99883797816256	3.045925e+02
2370.99953219971803	3.045979e+02
2371.99945387799426	3.046032e+02
2372.99897667841287	3.046085e+02
2373.99849069003858	3.046138e+02
2374.99828936273707	3.046191e+02
2375.99834002907892	3.046243e+02
2376.9986668221236	3.046295e+02
2377.99903901132166	3.046347e+02
2378.99908183994557	3.046399e+02
2379.9985360598921	3.046451e+02
2380.99748482587938	3.046502e+02
2381.99960393491756	3.046555e+02
2382.9995179112866	3.046607e+02
2383.99737201020798	3.046659e+02
2384.9987046308911	3.046712e+02
2385.99952367580681	3.046765e+02
2386.99957175900454	3.046819e+02
2387.99895135302222	3.046872e+02
2388.99773264053056	3.046926e+02
2389.99934795109812	3.046979e+02
2390.99794611844391	3.047033e+02
2392.000071067514	3.047087e+02
2392.99986942474106	3.047140e+02
2393.99735909048286	3.047193e+02
2394.99861755764323	3.047246e+02
2396.00038049822797	3.047299e+02
2396.999280046271	3.047352e+02
2397.9980206531327	3.047405e+02
2398.99936990546212	3.047458e+02
2400.00009661273771	3.047511e+02
2401.00022862171454	3.047564e+02
2401.99975452106037	3.047617e+02
2402.99857882436754	3.047671e+02
2403.99987990839827	3.047725e+02
2404.99771436263154	3.047779e+02
2405.99850742203034	3.047834e+02
2406.99943760110773	3.047889e+02
2407.99773064108285	3.047943e+02
2408.99994245487642	3.047998e+02
2410.00033731595931	3.048053e+02
2410.99895595835778	3.048108e+02
2411.99883692786898	3.048163e+02
2412.99975301639915	3.048218e+02
2413.99843709958805	3.048273e+02
2414.99756668073724	3.048329e+02
2415.99978622502795	3.048384e+02
2416.99856364521656	3.048440e+02
2418.00001604584122	3.048496e+02
2418.99799271498659	3.048552e+02
2419.9987927418324	3.048608e+02
2420.99938329038832	3.048664e+02
2421.99982983369091	3.048721e+02
2423.00018911715779	3.048777e+02
2423.99751364332587	3.048834e+02
2424.9981777602884	3.048890e+02
2425.99912214524238	3.048947e+02
2427.00019506984881	3.049004e+02
2427.9981607959844	3.049060e+02
2428.99928472065631	3.049117e+02
2429.99736154411175	3.049174e+02
2430.99842009405165	3.049231e+02
2431.99921838544333	3.049288e+02
2432.99973280321046	3.049345e+02
2433.99988832222334	3.049402e+02
2434.99956375596548	3.049459e+02
2435.99865888192835	3.049515e+02
2437.0001885427655	3.049572e+02
2437.99804783782565	3.049628e+02
2438.99856199650139	3.049685e+02
2439.9987412791188	3.049741e+02
2440.99863100579387	3.049797e+02
2441.99828404650953	3.049852e+02
2442.99768514480547	3.049908e+02
2443.99988470843846	3.049964e+02
2444.9987306353064	3.050019e+02
2445.99742126215824	3.050074e+02
2446.99919619922366	3.050130e+02
2447.99800719339055	3.050185e+02
2449.00008267641579	3.050240e+02
2449.99927919990387	3.050294e+02
2450.99861444218186	3.050348e+02
2451.99791152140278	3.050402e+02
2453.00013688460331	3.050455e+02
2453.99914594800839	3.050507e+02
2454.9979210174979	3.050558e+02
2455.99960560640875	3.050608e+02
2456.99819897199541	3.050657e+02
2457.99999726007673	3.050706e+02
2458.99811008820507	3.050753e+02
2459.99801173524884	3.050799e+02
2460.9973812106341	3.050845e+02
2461.999602100218	3.050890e+02
2462.99849580337514	3.050934e+02
2463.99949130303048	3.050977e+02
2464.99894132724648	3.051018e+02
2465.99884914598897	3.051059e+02
2466.99910480596418	3.051098e+02
2467.99937686812382	3.051136e+02
2468.99798518704938	3.051173e+02
2469.99991054773227	3.051209e+02
2470.99856156170927	3.051244e+02
2472.00010733379759	3.051279e+02
2472.99822254590345	3.051313e+02
2473.99863329917798	3.051347e+02
2474.99815405534582	3.051380e+02
2476.00005594850836	3.051413e+02
2476.99817209166258	3.051446e+02
2477.99865629239775	3.051478e+02
2478.99836041636036	3.051509e+02
2480.00023966126992	3.051540e+02
2480.99803662861541	3.051570e+02
2482.00039712141552	3.051598e+02
2482.9982461498239	3.051625e+02
2483.99807190137017	3.051651e+02
2484.99958241501281	3.051677e+02
2486.00013007160533	3.051701e+02
2487.00024099135953	3.051725e+02
2487.9997162465761	3.051748e+02
2488.99883911418601	3.051771e+02
2489.99813519589907	3.051793e+02
2490.99772194033585	3.051816e+02
2491.99765629056583	3.051838e+02
2492.9980162916745	3.051861e+02
2493.99889117297562	3.051883e+02
2495.00034273794836	3.051906e+02
2495.99936673973116	3.051929e+02
2496.99905960229626	3.051952e+02
2497.9994557521095	3.051976e+02
2498.99753238008907	3.051999e+02
2499.99947729902715	3.052024e+02
2500.99919630359909	3.052049e+02
2501.99967339764999	3.052074e+02
2503.00079409065529	3.052096e+02
2503.99938634722639	3.052123e+02
2504.99840853773048	3.052149e+02
2506.00086927230268	3.052176e+02
2507.0005589385014	3.052204e+02
2508.0005466460957	3.052231e+02
2509.00073594086234	3.052259e+02
2509.99805346357516	3.052287e+02
2510.99871320600323	3.052315e+02
2511.99973411103974	3.052343e+02
2512.99809854275554	3.052372e+02
2513.99994797670161	3.052401e+02
2514.99907669717004	3.052429e+02
2515.9987003076576	3.052458e+02
2516.99887012493264	3.052488e+02
2517.99960778680634	3.052518e+02
2519.00092831216534	3.052548e+02
2519.99953051158673	3.052579e+02
2520.99836085585366	3.052610e+02
2522.00036118810021	3.052642e+02
2522.99945027961076	3.052674e+02
2523.99842825720361	3.052706e+02
2525.00015672435393	3.052740e+02
2525.99848770081462	3.052773e+02
2526.99958009738111	3.052808e+02
2528.00036314507406	3.052842e+02
2529.00074844603978	3.052877e+02
2530.00064158086252	3.052913e+02
2531.00023862287844	3.052948e+02
2531.99958838139719	3.052983e+02
2532.99853022830484	3.053019e+02
2534.00025830022696	3.053053e+02
2534.99884392441436	3.053088e+02
2536.00048399108164	3.053122e+02
2536.99905064259292	3.053155e+02
2538.0008637657611	3.053188e+02
2538.9998327799799	3.053220e+02
2539.99901032525668	3.053252e+02
2540.99851782799442	3.053283e+02
2541.99855123628504	3.053314e+02
2542.99904870387536	3.053345e+02
2543.99996914063968	3.053375e+02
2544.99832916726973	3.053404e+02
2546.00021546476637	3.053434e+02
2546.99931673698256	3.053463e+02
2547.99881992875771	3.053492e+02
2548.99862262136003	3.053520e+02
2549.99845127508843	3.053548e+02
2550.99844442773247	3.053575e+02
2551.998593112035	3.053603e+02
2552.99871533058831	3.053630e+02
2553.9989976212928	3.053656e+02
2554.99952693893238	3.053683e+02
2556.00016099880759	3.053709e+02
2557.00094128681849	3.053736e+02
2557.99895570057834	3.053762e+02
2559.00036794657717	3.053788e+02
2559.99876402940254	3.053815e+02
2561.00029048555871	3.053842e+02
2561.99881457109268	3.053869e+02
2563.00036329194745	3.053897e+02
2563.99864794126188	3.053925e+02
2564.99997951802061	3.053954e+02
2565.99806654894201	3.053983e+02
2566.99887539327392	3.054012e+02
2567.99932199801924	3.054042e+02
2568.99937951830952	3.054073e+02
2569.99888282642405	3.054104e+02
2571.00088605964902	3.054135e+02
2571.99913804690959	3.054167e+02
2572.9997520523807	3.054198e+02
2573.99973460387309	3.054231e+02
2574.9991399030705	3.054263e+02
2575.99794255559391	3.054295e+02
2576.99933542342978	3.054328e+02
2578.00034653739704	3.054360e+02
2578.99793964354012	3.054392e+02
2579.99837141146509	3.054424e+02
2580.99860515131604	3.054456e+02
2581.99865806965227	3.054488e+02
2582.99858803817642	3.054519e+02
2583.99854520136341	3.054551e+02
2584.99860877221636	3.054582e+02
2585.99886769613204	3.054613e+02
2586.99940052540296	3.054643e+02
2588.00032822619914	3.054674e+02
2588.99868937208157	3.054704e+02
2590.00067251721293	3.054734e+02
2591.00007771264291	3.054764e+02
2591.999961690899	3.054794e+02
2593.00030722982319	3.054823e+02
2593.9979344911676	3.054851e+02
2594.998875517329	3.054880e+02
2596.00005991303124	3.054908e+02
2596.99857683497385	3.054935e+02
2598.00040491428535	3.054962e+02
2598.99919503987849	3.054988e+02
2599.99832176697328	3.055015e+02
2601.00078869902381	3.055040e+02
2602.00021481696558	3.055066e+02
2602.99993773763299	3.055091e+02
2604.00000663840683	3.055116e+02
2605.00028319116655	3.055141e+02
2606.00091222106585	3.055165e+02
2606.9987735065306	3.055190e+02
2607.99980269569915	3.055215e+02
2609.00076333192055	3.055240e+02
2609.99855893318454	3.055265e+02
2610.99928448174023	3.055291e+02
2611.99980045247003	3.055317e+02
2613.00014886259714	3.055343e+02
2614.00032546469038	3.055370e+02
2615.00027960245825	3.055397e+02
2615.99994637583222	3.055424e+02
2616.99924406199898	3.055452e+02
2617.9980576806588	3.055481e+02
2618.99938925570723	3.055509e+02
2620.00006816725318	3.055538e+02
2621.00010709850994	3.055567e+02
2621.99965731460088	3.055597e+02
2622.99882609439192	3.055626e+02
2624.00065838655109	3.055655e+02
2624.99906433560773	3.055685e+02
2626.00040335024778	3.055714e+02
2626.99848679841398	3.055744e+02
2627.99942005976436	3.055768e+02
2629.00021244846221	3.055797e+02
2629.99786268051685	3.055826e+02
2630.99851703354034	3.055855e+02
2631.99915995577385	3.055884e+02
2632.99999060617347	3.055912e+02
2633.998094927073	3.055941e+02
2634.99962825516013	3.055969e+02
2635.99843288546663	3.055997e+02
2636.99773663496444	3.056025e+02
2637.99760571516163	3.056052e+02
2638.99778690327184	3.056080e+02
2639.99830057556437	3.056106e+02
2640.99930329624567	3.056133e+02
2642.00049370648321	3.056159e+02
2642.99877582441013	3.056184e+02
2643.99757536305378	3.056209e+02
2644.99979533819624	3.056234e+02
2645.99889300449559	3.056258e+02
2646.99833597070574	3.056282e+02
2647.99813330419329	3.056305e+02
2648.99797848054914	3.056327e+02
2649.99826243877351	3.056350e+02
2650.99910091956144	3.056372e+02
2652.00022928678391	3.056394e+02
2652.99867573842175	3.056416e+02
2653.9975287735524	3.056438e+02
2654.99961209333287	3.056460e+02
2655.99870525406504	3.056482e+02
2656.99799105220563	3.056504e+02
2658.00045412392728	3.056526e+02
2658.99983573578857	3.056549e+02
2659.99931554451723	3.056572e+02
2660.99878235005872	3.056595e+02
2661.99808774638359	3.056618e+02
2663.00026451472104	3.056643e+02
2663.99897693488856	3.056667e+02
2665.0002880089196	3.056692e+02
2665.99801132077073	3.056717e+02
2666.99837887208196	3.056742e+02
2667.99829893663491	3.056767e+02
2668.99783730216404	3.056793e+02
2670.00017353254998	3.056819e+02
2670.99913104654706	3.056844e+02
2671.99782579633984	3.056870e+02
2672.99942548677382	3.056896e+02
2673.99778609802115	3.056922e+02
2674.99909865687141	3.056947e+02
2676.00029638023307	3.056973e+02
2676.99830942368817	3.056999e+02
2677.99935028333084	3.057024e+02
2679.0003654772695	3.057050e+02
2679.99830579483614	3.057075e+02
2680.99939321280681	3.057101e+02
2682.00055523101764	3.057126e+02
2682.99869837807182	3.057151e+02
2684.00004568391796	3.057177e+02
2684.99851993432549	3.057201e+02
2686.00031583854297	3.057226e+02
2686.99921593488534	3.057251e+02
2687.99831397159369	3.057275e+02
2688.99762290014041	3.057298e+02
2690.00027590692935	3.057322e+02
2690.99999547597145	3.057345e+02
2691.99977746517061	3.057367e+02
2692.99981644030277	3.057389e+02
2694.00017155536761	3.057410e+02
2694.99772649186116	3.057431e+02
2695.99885377340388	3.057452e+02
2697.00046887395001	3.057472e+02
2697.9993934163017	3.057491e+02
2698.99876738618514	3.057510e+02
2699.99865489591184	3.057529e+02
2700.9990826995313	3.057548e+02
2702.0000149007069	3.057567e+02
2702.99836930913671	3.057586e+02
2704.00033308723232	3.057605e+02
2704.99946880740708	3.057624e+02
2705.99874803743933	3.057644e+02
2706.99816590584351	3.057664e+02
2707.99756580653138	3.057684e+02
2708.99990188669699	3.057704e+02
2709.99895450594067	3.057725e+02
2710.99778392072312	3.057746e+02
2711.99940795776774	3.057768e+02
2712.99763720082137	3.057789e+02
2713.99872550815689	3.057811e+02
2714.99954709951135	3.057833e+02
2716.00015619130727	3.057855e+02
2716.99752266370433	3.057877e+02
2717.99786898524098	3.057900e+02
2718.9981179681904	3.057922e+02
2719.99833251796827	3.057945e+02
2720.99851282848158	3.057967e+02
2721.99865080398149	3.057990e+02
2722.99877233849793	3.058012e+02
2723.99886266513386	3.058035e+02
2724.99886657676097	3.058058e+02
2725.99873763257528	3.058081e+02
2726.99846546551362	3.058103e+02
2727.9981010648703	3.058126e+02
2728.9976843829736	3.058149e+02
2730.00035840969122	3.058172e+02
2730.99996070567022	3.058194e+02
2731.99961359939516	3.058217e+02
2732.99934192592218	3.058240e+02
2733.99919432913339	3.058262e+02
2734.99922580758403	3.058284e+02
2735.99946555459383	3.058306e+02
2736.99992229074496	3.058327e+02
2738.00057490861263	3.058348e+02
2738.99831257485448	3.058368e+02
2739.99937935182015	3.058389e+02
2740.99754048845125	3.058408e+02
2741.99902451592243	3.058427e+02
2742.99766334834021	3.058446e+02
2743.99971227169408	3.058464e+02
2744.99897148291438	3.058481e+02
2745.99862066898504	3.058499e+02
2746.99873735936671	3.058516e+02
2747.99934858969027	3.058532e+02
2749.00049996806138	3.058549e+02
2749.99909429389663	3.058565e+02
2750.9982082681945	3.058581e+02
2751.9978040475321	3.058597e+02
2752.99786482638046	3.058614e+02
2753.99834415190799	3.058630e+02
2754.99910241042335	3.058647e+02
2755.99998668010585	3.058663e+02
2756.9977270847462	3.058680e+02
2757.99846597625265	3.058698e+02
2758.99901732126773	3.058715e+02
2759.99933732970476	3.058733e+02
2760.99934944763163	3.058752e+02
2761.99903831849861	3.058770e+02
2762.99843229781391	3.058789e+02
2763.99753766924823	3.058808e+02
2764.9995297544956	3.058828e+02
2765.99824121572101	3.058847e+02
2766.99993920934639	3.058866e+02
2767.99840236972841	3.058886e+02
2768.99990027811918	3.058906e+02
2769.99817972866913	3.058926e+02
2770.99944623232204	3.058946e+02
2772.00056690254041	3.058966e+02
2772.99841457706179	3.058986e+02
2773.99920637450896	3.059006e+02
2774.99980997238254	3.059026e+02
2776.00022643083412	3.059047e+02
2777.00047745049324	3.059067e+02
2778.00059357119881	3.059088e+02
2779.00060210025686	3.059108e+02
2780.00053056490015	3.059128e+02
2781.00040933635682	3.059148e+02
2782.00025681299303	3.059168e+02
2783.00007981718772	3.059188e+02
2783.9999094651248	3.059208e+02
2784.99978609565824	3.059227e+02
2785.99970857577682	3.059245e+02
2786.99967699975059	3.059264e+02
2787.99973639800464	3.059282e+02
2788.9998819860084	3.059299e+02
2790.00011241906213	3.059316e+02
2791.00048445079892	3.059332e+02
2791.99792296568467	3.059348e+02
2792.99870966538174	3.059363e+02
2793.99980533089456	3.059378e+02
2794.99814324459066	3.059393e+02
2795.99998008805551	3.059407e+02
2796.99910140148131	3.059421e+02
2797.99864561077948	3.059434e+02
2798.99857346735871	3.059448e+02
2799.99882604556296	3.059461e+02
2800.99935140733623	3.059474e+02
2802.00007076547126	3.059487e+02
2802.99778266680732	3.059500e+02
2803.99870001165209	3.059513e+02
2804.99964568148607	3.059527e+02
2806.00055099140627	3.059540e+02
2806.99823017126346	3.059554e+02
2807.99890079282204	3.059567e+02
2808.99938861525698	3.059581e+02
2809.99969086145347	3.059596e+02
2810.99985466412863	3.059610e+02
2811.99987339113432	3.059624e+02
2812.99973711734629	3.059639e+02
2813.99949959149126	3.059654e+02
2814.99910169612394	3.059669e+02
2815.99850798087118	3.059684e+02
2816.99775242364149	3.059699e+02
2817.99993398254901	3.059715e+02
2818.99875278360332	3.059731e+02
2820.00041913608993	3.059746e+02
2820.99868258738843	3.059762e+02
2821.99975684999572	3.059778e+02
2823.00050025327755	3.059795e+02
2823.99781988198538	3.059811e+02
2824.99797953310508	3.059827e+02
2825.99787079712632	3.059844e+02
2826.99752400357602	3.059860e+02
2828.00009517123453	3.059877e+02
2828.99937309692905	3.059894e+02
2829.99848164044533	3.059910e+02
2831.00051385396773	3.059927e+02
2831.99934374564509	3.059943e+02
2832.99815101384183	3.059959e+02
2833.99993218959071	3.059975e+02
2834.99847098656801	3.059990e+02
2836.00002786650839	3.060005e+02
2836.99842692314951	3.060020e+02
2837.99997599358403	3.060034e+02
2838.99857233503189	3.060049e+02
2840.0004832745949	3.060062e+02
2840.99948532379813	3.060075e+02
2841.99869504890466	3.060088e+02
2842.99806443157513	3.060101e+02
2843.99754858404549	3.060112e+02
2845.00028381328593	3.060124e+02
2846.00007246186897	3.060135e+02
2847.00006165629793	3.060146e+02
2848.00031450211964	3.060156e+02
2848.99775783342284	3.060166e+02
2849.99863363367194	3.060176e+02
2850.99982555372026	3.060185e+02
2851.99817937527996	3.060195e+02
2852.99987255858059	3.060204e+02
2853.99860941159932	3.060213e+02
2855.00059105707669	3.060221e+02
2855.9995370689353	3.060230e+02
2856.99855813274007	3.060238e+02
2857.99766692333287	3.060247e+02
2858.9999956206334	3.060255e+02
2859.99930785326524	3.060264e+02
2860.99873526533247	3.060272e+02
2861.99826933368786	3.060281e+02
2862.99786879663861	3.060289e+02
2864.00062357392972	3.060298e+02
2865.00026576370419	3.060307e+02
2865.9998439128517	3.060315e+02
2866.99926004866938	3.060324e+02
2867.99855292796565	3.060333e+02
2868.99766193429832	3.060342e+02
2869.99965851680554	3.060351e+02
2870.99825992603019	3.060360e+02
2871.99965536026457	3.060370e+02
2872.99755919371	3.060379e+02
2873.99818645784126	3.060389e+02
2874.99840513695381	3.060399e+02
2875.99819912794965	3.060409e+02
2876.99757544710064	3.060419e+02
2877.99967094089698	3.060430e+02
2878.99828746838648	3.060440e+02
2879.99967835713323	3.060451e+02
2880.99765908685413	3.060462e+02
2881.99848382585424	3.060473e+02
2882.99907607965861	3.060484e+02
2883.99945711702321	3.060495e+02
2884.99956041807172	3.060506e+02
2885.99953928932428	3.060516e+02
2886.99940162959319	3.060527e+02
2887.99910088683737	3.060538e+02
2888.99866296788377	3.060549e+02
2889.99812889266923	3.060559e+02
2890.99754712771346	3.060570e+02
2892.00007764612064	3.060580e+02
2892.99957142305402	3.060589e+02
2893.99917356502283	3.060599e+02
2894.99891113235526	3.060608e+02
2895.99881272031462	3.060617e+02
2896.99890228911363	3.060625e+02
2897.99919440826079	3.060634e+02
2898.99969898907921	3.060641e+02
2900.00042538156822	3.060649e+02
2900.99827257065681	3.060655e+02
2901.99944926494891	3.060662e+02
2902.99772888530606	3.060668e+02
2903.99933826368306	3.060674e+02
2904.99804350447357	3.060679e+02
2906.00005878848015	3.060684e+02
2906.99916950012766	3.060688e+02
2907.99849670960748	3.060692e+02
2908.99806431657908	3.060696e+02
2909.99791295359046	3.060700e+02
2910.99807359191254	3.060703e+02
2911.99857211342396	3.060706e+02
2912.99942276642787	3.060708e+02
2914.00062368954741	3.060710e+02
2914.99903405660643	3.060713e+02
2915.99774740466	3.060714e+02
2916.99984136788544	3.060716e+02
2917.99902520207797	3.060718e+02
2918.99836946620962	3.060719e+02
2919.99782958261767	3.060721e+02
2921.00049845586864	3.060722e+02
2921.99997040520066	3.060724e+02
2922.99937649817048	3.060725e+02
2923.99866305935166	3.060727e+02
2924.99777637816533	3.060728e+02
2925.99978712385882	3.060730e+02
2926.99841892929589	3.060732e+02
2927.99989034549253	3.060734e+02
2928.99793172498221	3.060736e+02
2929.99874946110549	3.060739e+02
2930.99920424626862	3.060742e+02
2931.99927517524247	3.060744e+02
2932.99893598591143	3.060748e+02
2933.99816092099627	3.060751e+02
2935.00004464529275	3.060755e+02
2935.99834124196968	3.060759e+02
2936.99924771074438	3.060763e+02
2937.99964680275434	3.060768e+02
2938.99955002328579	3.060773e+02
2939.99898475730561	3.060778e+02
2940.99799142477559	3.060783e+02
2941.99969899304142	3.060789e+02
2942.99789763447097	3.060794e+02
2943.99900723070186	3.060800e+02
2944.99986880195729	3.060806e+02
2946.00050428817485	3.060812e+02
2946.99785858360246	3.060818e+02
2947.99816832813258	3.060824e+02
2948.99840250985471	3.060830e+02
2949.99862809933074	3.060835e+02
