# Region type : patch node4U_1_Inlet_0
#   Faces  : 252
#   Area   : 3.469385e-02
#        Time	areaAverage(T)
     0.999427	3.001500e+02
      2.00049	3.001500e+02
      3.00031	3.001499e+02
      3.99974	3.001499e+02
     4.999837	3.001499e+02
      6.00101	3.001500e+02
     7.000448	3.001500e+02
     8.000372	3.001500e+02
     9.000012	3.001500e+02
   10.0011397	3.001500e+02
   11.0005124	3.001498e+02
   12.0006243	3.001493e+02
    13.001107	3.001478e+02
   13.9997402	3.001454e+02
  14.99964955	3.001430e+02
  15.99955708	3.001387e+02
  17.00134405	3.001270e+02
  18.00000337	3.001202e+02
  19.00006167	3.001263e+02
 20.001505108	3.001347e+02
 20.999254464	3.001404e+02
  22.00150266	3.001428e+02
 23.001714829	3.001412e+02
 23.999634984	3.001360e+02
25.00095516804	3.001292e+02
25.9996836352	3.001233e+02
26.99932842931	3.001190e+02
28.00029166142	3.001151e+02
28.99937441246	3.001090e+02
30.002134441893	3.000989e+02
31.002014765417	3.000851e+02
32.001552166551	3.000690e+02
33.000560257147	3.000537e+02
33.999249928093	3.000437e+02
35.00108530523362	3.000445e+02
36.00057592118466	3.000591e+02
37.00120630448001	3.000875e+02
38.00022932106895	3.001277e+02
39.00052258115672	3.001773e+02
40.0012943804983152	3.002328e+02
41.0019879837090926	3.002885e+02
41.9992708912271695	3.003376e+02
43.0021545135227328	3.003763e+02
44.0019391598090266	3.004038e+02
44.9992995861729526	3.004229e+02
46.0009844670853099	3.004364e+02
47.0014489491798813	3.004468e+02
48.0008801364990703	3.004549e+02
48.9995304912996801	3.004611e+02
50.0001794237682375	3.004651e+02
50.9993551299025256	3.004673e+02
51.9998205148969248	3.004686e+02
53.0015311001695864	3.004710e+02
54.0013696283965601	3.004762e+02
54.9993238877661597	3.004851e+02
56.0015339065886479	3.004978e+02
57.0018205760141825	3.005135e+02
58.000096433294182	3.005316e+02
58.9991359299691496	3.005514e+02
60.0016627635771727	3.005725e+02
61.0010778941215932	3.005945e+02
62.0000130700834902	3.006173e+02
63.0010986270090001	3.006409e+02
64.0009690790207202	3.006649e+02
64.9994918949116851	3.006892e+02
65.9998560646141783	3.007133e+02
66.9992477683962306	3.007364e+02
68.0009249354785794	3.007584e+02
69.0019475640447695	3.007791e+02
69.9993513960609874	3.007983e+02
70.9993591323269015	3.008161e+02
72.0020465187059102	3.008327e+02
73.0013581031466714	3.008480e+02
74.000423255190384	3.008623e+02
74.9993458644687365	3.008759e+02
76.0013508435945511	3.008889e+02
77.0005510755528491	3.009015e+02
78.0000113736252843	3.009141e+02
78.9992549610128236	3.009267e+02
80.0009720943383229	3.009395e+02
81.0020589541296232	3.009524e+02
81.9992454193614009	3.009652e+02
83.0014611672898184	3.009777e+02
83.9993628440124525	3.009895e+02
85.0020431376517678	3.010010e+02
86.000333987758637	3.010123e+02
87.0003695380874404	3.010234e+02
88.0020658759812022	3.010347e+02
88.9993795452335519	3.010463e+02
90.0015696379174557	3.010582e+02
90.9997903684166971	3.010705e+02
92.0003898830139377	3.010831e+02
93.0006194266289867	3.010962e+02
94.0007057145538596	3.011095e+02
95.0007997335581251	3.011230e+02
96.0009686444809773	3.011366e+02
97.0012373806239623	3.011500e+02
98.0016053172324462	3.011632e+02
99.0020344570527584	3.011762e+02
99.9994552294174497	3.011888e+02
100.999851234731452	3.012012e+02
102.000136850138333	3.012133e+02
103.000241500016131	3.012252e+02
104.000073061910427	3.012369e+02
104.999552930719901	3.012484e+02
106.001633206025147	3.012599e+02
107.000192996165325	3.012715e+02
108.001260471577879	3.012828e+02
109.001819915586253	3.012941e+02
110.001932009313407	3.013052e+02
111.001635624775176	3.013165e+02
112.000980310532839	3.013278e+02
113.000018915714335	3.013392e+02
114.001807672044521	3.013506e+02
115.000361508444968	3.013620e+02
116.001781982353393	3.013733e+02
117.000048097326257	3.013845e+02
118.00122264940498	3.013958e+02
118.999382617868164	3.014069e+02
120.000616562993542	3.014177e+02
121.002007225989203	3.014279e+02
122.000661640430124	3.014371e+02
122.999734831133267	3.014455e+02
123.99952262735836	3.014529e+02
125.000333848736219	3.014597e+02
125.999642959708595	3.014657e+02
127.000956414914896	3.014705e+02
128.001293686371213	3.014739e+02
129.000700621259568	3.014766e+02
130.002135701572797	3.014794e+02
130.999533849213833	3.014834e+02
131.999244240588723	3.014888e+02
133.001101245812436	3.014954e+02
134.0020971077968	3.015027e+02
135.002075643628388	3.015103e+02
136.000848975566782	3.015176e+02
137.001309026256649	3.015248e+02
138.000254544982795	3.015318e+02
139.000649575250975	3.015390e+02
139.999224934568531	3.015466e+02
141.002036637829093	3.015540e+02
141.999654446908238	3.015607e+02
143.001271960468813	3.015659e+02
144.000548532269903	3.015695e+02
145.00044839448563	3.015716e+02
146.000849050599697	3.015724e+02
147.001677167223932	3.015718e+02
147.99975047252525	3.015694e+02
149.001369451029944	3.015651e+02
150.000282434108982	3.015598e+02
150.999551328031998	3.015544e+02
151.999184896249147	3.015501e+02
152.999208185270845	3.015473e+02
153.999585696359787	3.015457e+02
155.00029833082661	3.015444e+02
156.001343237128225	3.015429e+02
156.999457705577299	3.015408e+02
158.000686168546764	3.015378e+02
159.001776087131674	3.015342e+02
159.999561059721657	3.015303e+02
161.000550527382018	3.015263e+02
162.001972559951867	3.015229e+02
163.000888609676053	3.015211e+02
164.000316687785954	3.015217e+02
165.000096140130211	3.015245e+02
166.000088612179667	3.015279e+02
167.000061340522421	3.015303e+02
167.999782828424799	3.015307e+02
168.999172341489157	3.015279e+02
170.001230534148533	3.015214e+02
170.999544804163264	3.015130e+02
172.00045496321485	3.015047e+02
173.000757901779707	3.014971e+02
174.000444045117518	3.014893e+02
174.999760596408947	3.014818e+02
176.002157779350711	3.014753e+02
177.001661582702695	3.014695e+02
178.001628294344187	3.014641e+02
178.999162606507298	3.014588e+02
180.000503473761029	3.014541e+02
180.999207866690625	3.014503e+02
182.001208593017452	3.014470e+02
183.000047488950003	3.014436e+02
184.001808139786192	3.014396e+02
184.999937399233318	3.014349e+02
186.000595667805044	3.014296e+02
187.000530755139152	3.014245e+02
187.999425330199387	3.014203e+02
189.000062339945401	3.014181e+02
189.999357851741564	3.014187e+02
191.001057008974414	3.014215e+02
191.999795576908383	3.014230e+02
193.002046035564831	3.014186e+02
194.001168212745995	3.014086e+02
195.000232847940111	3.013981e+02
195.99953641592225	3.013919e+02
196.999439237675062	3.013907e+02
197.999269378639354	3.013932e+02
199.000650340503455	3.013979e+02
200.000842022656059	3.014042e+02
201.00119110761409	3.014101e+02
202.001134602567248	3.014138e+02
202.999417775043128	3.014144e+02
204.000827370954454	3.014112e+02
205.000559713225243	3.014046e+02
206.000502514791634	3.013966e+02
207.00011763453864	3.013883e+02
207.999195525308778	3.013803e+02
209.000671541921633	3.013729e+02
210.001817201873507	3.013661e+02
211.0002458890323	3.013595e+02
211.999364130299796	3.013524e+02
213.001839980993253	3.013439e+02
214.000870215088923	3.013333e+02
215.002023773923156	3.013204e+02
216.001504856122665	3.013053e+02
217.002189670235424	3.012882e+02
218.001143521538211	3.012693e+02
219.001212277794565	3.012493e+02
219.999323567592427	3.012287e+02
221.002031393932299	3.012078e+02
222.000217558785977	3.011867e+02
222.99997324448853	3.011661e+02
224.001867206834618	3.011466e+02
225.000375206176443	3.011291e+02
226.00200082573221	3.011138e+02
227.000972114187221	3.011012e+02
228.000539892764351	3.010918e+02
229.000893584517286	3.010858e+02
229.999159920018428	3.010835e+02
231.001639840260879	3.010851e+02
231.999283063040082	3.010907e+02
233.00130211069677	3.011006e+02
234.001698960598503	3.011142e+02
235.000597990278322	3.011306e+02
236.001193587127887	3.011492e+02
237.000556169397072	3.011691e+02
238.001863471893813	3.011891e+02
239.002111919382003	3.012084e+02
240.001418570662111	3.012269e+02
240.999928434963607	3.012438e+02
242.000753346005581	3.012587e+02
243.000790839895984	3.012706e+02
244.000120610590187	3.012795e+02
245.0016559814066	3.012862e+02
246.000482859716641	3.012910e+02
246.99990715638009	3.012940e+02
247.999403010268622	3.012958e+02
249.001563930534189	3.012972e+02
249.99991638000995	3.012984e+02
251.00124377511591	3.012994e+02
252.000612908785769	3.012998e+02
253.001586776589619	3.012988e+02
254.001036030762123	3.012954e+02
254.999975551401036	3.012885e+02
256.000901604547437	3.012774e+02
257.000429744924418	3.012625e+02
258.001671223638084	3.012450e+02
259.001589548794925	3.012275e+02
260.000266655218695	3.012120e+02
261.000969535167712	3.011987e+02
262.000494430921947	3.011868e+02
263.002051357954429	3.011762e+02
263.999663054152222	3.011660e+02
264.999816340629877	3.011553e+02
265.999646482167861	3.011440e+02
266.999122460407477	3.011325e+02
268.001488989346399	3.011212e+02
269.000493605175279	3.011113e+02
270.001990224823089	3.011036e+02
270.999337872084311	3.010989e+02
272.001339823267472	3.010977e+02
273.001474013986467	3.011002e+02
273.999720630411105	3.011058e+02
274.999301622459257	3.011140e+02
276.00038858779908	3.011238e+02
277.000037429810845	3.011341e+02
277.99913815271151	3.011440e+02
279.001896234752223	3.011527e+02
279.999861762659407	3.011595e+02
280.999488359605721	3.011648e+02
282.000390167863145	3.011687e+02
283.001987050804189	3.011710e+02
284.000403045574728	3.011715e+02
285.001459538132849	3.011695e+02
286.001911629869539	3.011653e+02
287.001710184502201	3.011601e+02
288.000877315806576	3.011551e+02
288.999535921458005	3.011510e+02
290.000849147452925	3.011490e+02
291.001784583192489	3.011495e+02
291.999470265078116	3.011525e+02
293.000350726228248	3.011577e+02
294.001453998386921	3.011648e+02
294.99966250983897	3.011729e+02
296.001136649546311	3.011817e+02
296.999687551871489	3.011900e+02
298.001247068601629	3.011976e+02
298.999548585051969	3.012038e+02
300.000750059626967	3.012084e+02
301.001680673730334	3.012111e+02
301.999163971664927	3.012122e+02
302.999367282612582	3.012122e+02
303.999165754537898	3.012116e+02
305.001521887055901	3.012111e+02
306.000375119051853	3.012110e+02
307.001951876416115	3.012117e+02
308.000142042528466	3.012135e+02
309.001212895246681	3.012164e+02
309.999178614301854	3.012204e+02
311.000144539620237	3.012255e+02
312.001033491892031	3.012315e+02
313.001930242594824	3.012380e+02
313.999795573081769	3.012450e+02
315.000737111554429	3.012521e+02
316.001795102997278	3.012589e+02
317.00001860641413	3.012654e+02
318.001569055336915	3.012715e+02
319.000370431756608	3.012770e+02
319.999538897728996	3.012819e+02
321.002128177021007	3.012865e+02
322.001976849831294	3.012909e+02
323.002194787671499	3.012950e+02
323.999791101614449	3.012989e+02
325.000926405668565	3.013027e+02
325.999464392117318	3.013065e+02
327.001583740419449	3.013103e+02
328.001120124628414	3.013140e+02
329.001056924662748	3.013182e+02
330.001316807607054	3.013227e+02
331.001922953082271	3.013273e+02
331.999820607277798	3.013322e+02
333.001108668105701	3.013374e+02
333.999592450065279	3.013430e+02
335.001430012474145	3.013490e+02
336.000445902539866	3.013554e+02
336.999658818477883	3.013621e+02
338.002156064041969	3.013691e+02
339.001851563835544	3.013761e+02
340.001899743984723	3.013830e+02
340.999156465230499	3.013903e+02
341.999853923984119	3.013974e+02
343.000704997008711	3.014041e+02
344.001376858938784	3.014106e+02
345.00203887706607	3.014168e+02
345.999955215504826	3.014226e+02
347.000522663162087	3.014275e+02
348.000200029152836	3.014317e+02
349.000522755694988	3.014355e+02
350.001253613143035	3.014386e+02
351.000624273237918	3.014407e+02
351.999435802063715	3.014419e+02
353.002196744729815	3.014427e+02
354.001070048515999	3.014430e+02
355.001641036799754	3.014431e+02
355.999599629701663	3.014434e+02
357.000540487227624	3.014441e+02
358.000075444862205	3.014453e+02
358.999302800154226	3.014470e+02
360.001709987803054	3.014498e+02
361.000074298292702	3.014531e+02
362.000859290272558	3.014571e+02
363.001622746756937	3.014617e+02
364.001832563596452	3.014667e+02
365.001535463384243	3.014716e+02
366.00131467837474	3.014765e+02
367.00110538924082	3.014812e+02
368.000736030787152	3.014852e+02
369.000275218586978	3.014882e+02
369.999824276884169	3.014902e+02
370.999426774194205	3.014913e+02
372.002080612393968	3.014919e+02
373.001588932385062	3.014920e+02
374.001081446833666	3.014916e+02
375.000626116571937	3.014911e+02
376.000218547876443	3.014909e+02
376.999910591726973	3.014915e+02
377.999797780145002	3.014930e+02
378.999906813743962	3.014956e+02
380.000244808336674	3.014993e+02
381.000865619572778	3.015042e+02
382.001806304484546	3.015102e+02
382.999946272056377	3.015168e+02
384.001355606036498	3.015239e+02
384.99985631053687	3.015309e+02
386.0015402976166	3.015374e+02
387.000162701931743	3.015434e+02
388.001801501548812	3.015491e+02
389.000300444038373	3.015539e+02
390.001742707954349	3.015578e+02
390.99990443699852	3.015608e+02
392.000936197689441	3.015630e+02
393.00177492471073	3.015649e+02
393.999328852185783	3.015669e+02
394.999780108992752	3.015691e+02
396.000134804692266	3.015714e+02
397.00042004616688	3.015742e+02
398.000667031307955	3.015773e+02
399.000931769728538	3.015807e+02
400.001227470614424	3.015845e+02
401.001544797640236	3.015885e+02
402.001902596511854	3.015927e+02
402.999246021227464	3.015969e+02
403.999704245461601	3.016012e+02
405.000213976000339	3.016053e+02
406.000785726507388	3.016094e+02
407.001408508531085	3.016133e+02
408.002071314539194	3.016172e+02
408.999708595374841	3.016208e+02
410.000459919667492	3.016244e+02
411.001252828558734	3.016279e+02
412.002098628850092	3.016311e+02
412.999937502784405	3.016342e+02
414.000908309496879	3.016370e+02
415.001942485681127	3.016397e+02
415.999966713914432	3.016421e+02
417.001110452812043	3.016443e+02
417.999223947442431	3.016464e+02
419.000449839982025	3.016483e+02
420.001714127287812	3.016502e+02
420.999943618431587	3.016522e+02
422.001290078822194	3.016543e+02
422.999615985253001	3.016567e+02
424.001060314288623	3.016595e+02
424.999478222599919	3.016626e+02
426.001017745420938	3.016662e+02
426.999530720086625	3.016702e+02
428.001152874177365	3.016745e+02
428.999734515582077	3.016792e+02
430.001408625449528	3.016840e+02
431.000010340225799	3.016888e+02
432.001667839199797	3.016935e+02
433.000221815074497	3.016981e+02
434.001804251808949	3.017023e+02
435.000261415516377	3.017061e+02
436.001731095603191	3.017092e+02
437.000062707295285	3.017120e+02
438.001391866866186	3.017141e+02
438.999570770102707	3.017159e+02
440.000737846380048	3.017175e+02
441.00182111589163	3.017191e+02
441.999771361342766	3.017207e+02
443.000763413799177	3.017226e+02
444.001696459830953	3.017246e+02
444.999500435886944	3.017270e+02
446.00032752414711	3.017297e+02
447.001117645498596	3.017327e+02
448.001883226712721	3.017361e+02
448.999571098762033	3.017398e+02
450.00033578121878	3.017437e+02
451.00111711588346	3.017478e+02
452.001919501336943	3.017519e+02
452.999672442533097	3.017560e+02
454.000509144188925	3.017600e+02
455.001349657630726	3.017635e+02
456.002184940512961	3.017666e+02
456.999938224470498	3.017694e+02
458.000744652436538	3.017721e+02
459.001531729330225	3.017744e+02
459.999229727689283	3.017765e+02
460.999980922561065	3.017783e+02
462.000721221335311	3.017799e+02
463.001457879234579	3.017815e+02
464.002198438059679	3.017833e+02
464.999883907378376	3.017851e+02
466.000675712563577	3.017871e+02
467.001515884230287	3.017892e+02
467.999330505639648	3.017915e+02
469.000266807748972	3.017941e+02
470.001261089356149	3.017969e+02
470.999245163364833	3.017999e+02
472.000360361590424	3.018032e+02
473.001534471459308	3.018067e+02
473.99969086704948	3.018103e+02
475.000964073942441	3.018141e+02
475.999201404603866	3.018180e+02
477.000533716233122	3.018219e+02
478.001873839315238	3.018258e+02
479.000134933457161	3.018295e+02
480.001446950719014	3.018327e+02
480.999654544415421	3.018357e+02
482.00089220139256	3.018386e+02
483.002083364948987	3.018413e+02
484.000154946090731	3.018437e+02
485.001249816296991	3.018458e+02
485.999230737996697	3.018481e+02
487.00024615858581	3.018502e+02
488.001234027089424	3.018522e+02
488.999135972829379	3.018541e+02
490.000107037485407	3.018561e+02
491.001090819159572	3.018582e+02
492.002101665974578	3.018604e+02
493.00008301340813	3.018628e+02
494.001188349803726	3.018654e+02
494.999284798957547	3.018681e+02
496.000521798226259	3.018711e+02
497.001832923759764	3.018743e+02
498.000146640750472	3.018776e+02
499.001605196865512	3.018811e+02
500.000061963698101	3.018845e+02
501.001655800322453	3.018880e+02
502.000234992100616	3.018915e+02
503.001937609868378	3.018949e+02
504.000610741995047	3.018981e+02
504.999319615887543	3.019012e+02
506.001131858100678	3.019041e+02
506.999897443339478	3.019068e+02
508.001760645684897	3.019093e+02
509.00057494393468	3.019117e+02
509.999413898640967	3.019139e+02
511.001351703648083	3.019160e+02
512.000243591651156	3.019180e+02
512.999166595937822	3.019200e+02
514.001198888276008	3.019221e+02
515.000197471901288	3.019242e+02
515.999240191230342	3.019264e+02
517.001404900109492	3.019288e+02
518.000546014341694	3.019312e+02
518.9997392945819	3.019338e+02
520.002060063838258	3.019365e+02
521.001358525883006	3.019393e+02
522.000709177407316	3.019421e+02
523.000105090532884	3.019450e+02
523.999529934207544	3.019480e+02
525.002084781041731	3.019510e+02
526.001622665853461	3.019539e+02
527.001171985616338	3.019568e+02
528.000721685101212	3.019596e+02
529.000262130536157	3.019623e+02
529.999796097172407	3.019649e+02
530.999318975361916	3.019674e+02
532.001899480313568	3.019697e+02
533.001399512774583	3.019720e+02
534.000900020699419	3.019741e+02
535.000404316961408	3.019762e+02
535.999921060856764	3.019782e+02
536.999458418444192	3.019802e+02
538.002103412542056	3.019821e+02
539.001714787084325	3.019841e+02
540.001366371732502	3.019860e+02
541.001061457090373	3.019880e+02
542.000809750296298	3.019901e+02
543.000609536481306	3.019921e+02
544.000457062784562	3.019943e+02
545.000356160035494	3.019965e+02
546.000305324828219	3.019988e+02
547.000296519477502	3.020011e+02
548.00032856348605	3.020035e+02
549.00039992437064	3.020059e+02
550.00050195823269	3.020082e+02
551.000628867013802	3.020106e+02
552.000778619984771	3.020129e+02
553.000945071355659	3.020151e+02
554.001124319738892	3.020173e+02
555.001316586008329	3.020194e+02
556.001519320644888	3.020214e+02
557.001731672484084	3.020233e+02
558.001954675918114	3.020252e+02
559.002190567552361	3.020270e+02
559.999362884992479	3.020288e+02
560.999630826612474	3.020305e+02
561.999920830554856	3.020323e+02
563.000235633839111	3.020340e+02
564.000576550278424	3.020357e+02
565.000944078801922	3.020375e+02
566.001337432372793	3.020393e+02
567.001755222184784	3.020412e+02
568.002196495543558	3.020430e+02
568.999580920182666	3.020450e+02
570.000062861669335	3.020469e+02
571.000563368208532	3.020489e+02
572.001080476734842	3.020509e+02
573.001612390215314	3.020529e+02
574.002157901395321	3.020549e+02
574.999637739490481	3.020569e+02
576.000208103055229	3.020588e+02
577.000790376419445	3.020607e+02
578.00138554894454	3.020626e+02
579.001995962862566	3.020644e+02
579.999544495687815	3.020662e+02
581.000190636220964	3.020680e+02
582.000857445269162	3.020697e+02
583.001547127940512	3.020713e+02
583.999183521675604	3.020729e+02
584.999926948589632	3.020745e+02
586.000700489218843	3.020761e+02
587.001506598911533	3.020777e+02
587.99926799382547	3.020792e+02
589.000145409217112	3.020808e+02
590.001061787678282	3.020823e+02
591.002019298079972	3.020839e+02
591.999939170705602	3.020855e+02
593.000983032244562	3.020871e+02
594.002072942547557	3.020887e+02
595.000129737546672	3.020903e+02
596.001316151765764	3.020919e+02
596.999472665188705	3.020935e+02
598.000761925122447	3.020951e+02
599.002104637616185	3.020966e+02
600.000419838153448	3.020982e+02
601.001870748756801	3.020998e+02
602.000295198039908	3.021013e+02
603.001856482751009	3.021029e+02
604.000391285519527	3.021044e+02
605.002064012870051	3.021059e+02
606.000709777146653	3.021074e+02
606.999409940374107	3.021089e+02
608.001245875481345	3.021104e+02
609.000049676068443	3.021119e+02
610.001977780122729	3.021133e+02
611.000845954300644	3.021148e+02
611.99973879132358	3.021162e+02
613.0017381606973	3.021176e+02
614.000676823116464	3.021190e+02
614.999639012873558	3.021208e+02
616.001711923290941	3.021229e+02
617.000734056203328	3.021250e+02
617.999790448542399	3.021271e+02
619.001965576661064	3.021293e+02
620.001094966328083	3.021314e+02
621.000264110250328	3.021335e+02
621.999473763055789	3.021355e+02
623.001807770423625	3.021376e+02
624.001097977880477	3.021396e+02
625.000428471307941	3.021416e+02
625.99979888765597	3.021435e+02
626.999206816023047	3.021454e+02
628.001734472853627	3.021473e+02
629.001210015546008	3.021492e+02
630.000717516821396	3.021510e+02
631.000256078500001	3.021527e+02
631.999825123270284	3.021544e+02
632.999426658020411	3.021561e+02
634.00214914754838	3.021577e+02
635.00182383606159	3.021592e+02
636.00153826904284	3.021607e+02
637.001295668469538	3.021621e+02
638.001098441052591	3.021636e+02
639.000949078242797	3.021650e+02
640.000852172062196	3.021663e+02
641.000811977679632	3.021677e+02
642.000826046606221	3.021691e+02
643.00088421093858	3.021704e+02
644.000987198982557	3.021717e+02
645.001135073950991	3.021730e+02
646.001327198662466	3.021742e+02
647.001564001378711	3.021754e+02
648.001846248315132	3.021765e+02
649.002175559720968	3.021776e+02
649.999466234982947	3.021787e+02
650.999894350096497	3.021798e+02
652.000373217148535	3.021809e+02
653.000902076524198	3.021819e+02
654.00147562295092	3.021829e+02
655.002088305455345	3.021840e+02
655.999648575967171	3.021850e+02
657.000332758057425	3.021861e+02
658.0010501714155	3.021870e+02
659.001800652544148	3.021880e+02
659.99949457924231	3.021890e+02
661.00031023942654	3.021899e+02
662.001159454296953	3.021909e+02
663.002044136727022	3.021918e+02
663.999875970023027	3.021928e+02
665.000834738074445	3.021938e+02
666.001832272214756	3.021948e+02
666.999780480688059	3.021958e+02
668.00086067640018	3.021969e+02
669.0019849067927	3.021980e+02
670.000066609870373	3.021992e+02
671.001289291633157	3.022003e+02
671.999475757621894	3.022013e+02
673.000807624938147	3.022023e+02
674.00218933117651	3.022033e+02
675.000530347012273	3.022042e+02
676.00201286504398	3.022050e+02
677.000455554626456	3.022058e+02
678.00203940307631	3.022066e+02
679.000578665894523	3.022074e+02
679.999162369956139	3.022082e+02
681.000880745148152	3.022090e+02
681.99954849522635	3.022099e+02
683.001348837939759	3.022108e+02
684.000098695633596	3.022117e+02
685.001982198614996	3.022127e+02
686.000816954055722	3.022136e+02
686.999697858463037	3.022146e+02
688.00171817598391	3.022156e+02
689.000696449352063	3.022165e+02
689.999727806012288	3.022174e+02
691.001907207350882	3.022183e+02
692.001049376099786	3.022191e+02
693.000249775258794	3.022199e+02
693.999509619646233	3.022207e+02
695.001924732240695	3.022215e+02
696.001309593331143	3.022224e+02
697.000760008039492	3.022233e+02
698.000278654198837	3.022244e+02
698.999867765049999	3.022255e+02
699.999528647373381	3.022265e+02
700.999261851223423	3.022276e+02
702.002166662328364	3.022287e+02
703.002048461605796	3.022299e+02
704.002016020040287	3.022310e+02
705.002067926577752	3.022322e+02
706.00220676286699	3.022333e+02
706.999339558774523	3.022344e+02
707.999660490636643	3.022354e+02
709.000074117678878	3.022364e+02
710.000580381524742	3.022374e+02
711.001179537292728	3.022384e+02
712.001873981621088	3.022394e+02
712.999567203269407	3.022404e+02
714.00045794582627	3.022414e+02
715.001450105897447	3.022425e+02
715.999448579511522	3.022435e+02
717.000655854154957	3.022446e+02
718.0019742138428	3.022457e+02
719.000305392174141	3.022468e+02
720.001852983587924	3.022480e+02
721.000416218402506	3.022491e+02
722.002200570993409	3.022502e+02
723.001008981241284	3.022514e+02
723.999950655311068	3.022525e+02
725.002133639869839	3.022537e+02
726.001353102790858	3.022548e+02
727.00071608947178	3.022559e+02
728.00022038558518	3.022570e+02
728.999871265919523	3.022582e+02
729.999674178006103	3.022593e+02
730.999624470423214	3.022605e+02
731.999723814716162	3.022617e+02
732.999981920546702	3.022629e+02
734.000399350975727	3.022641e+02
735.000982023089364	3.022654e+02
736.001751885511112	3.022667e+02
736.999619236443891	3.022679e+02
738.000802725583412	3.022692e+02
739.002187912777913	3.022704e+02
740.000664238488525	3.022717e+02
740.999335135875413	3.022730e+02
742.001306272409806	3.022743e+02
743.00035018367214	3.022757e+02
743.99957864434225	3.022771e+02
745.00209378730176	3.022785e+02
746.001656578055645	3.022799e+02
747.001380774958648	3.022813e+02
748.00126859852594	3.022827e+02
749.001303812227547	3.022841e+02
750.001478226125414	3.022854e+02
751.001804049645898	3.022868e+02
751.999170492685494	3.022881e+02
752.999809978551639	3.022895e+02
754.000617256708324	3.022907e+02
755.00160456231481	3.022919e+02
755.9996414509244	3.022930e+02
757.000951254417714	3.022941e+02
757.999294888358463	3.022952e+02
759.000917716026038	3.022963e+02
759.999566380384408	3.022974e+02
761.001471295675515	3.022985e+02
762.000398866962996	3.022996e+02
762.999480786557797	3.023007e+02
764.001828470308624	3.023018e+02
765.001191457607433	3.023029e+02
766.000702680357449	3.023039e+02
767.000354804227186	3.023050e+02
768.000129205270241	3.023060e+02
769.000031120643371	3.023070e+02
770.000070989382039	3.023080e+02
771.000232985301295	3.023090e+02
772.000507517313849	3.023099e+02
773.00091097560221	3.023108e+02
774.001447959901384	3.023117e+02
774.998969051475342	3.023126e+02
775.999733179126224	3.023135e+02
777.000628535097917	3.023143e+02
777.998511779941055	3.023152e+02
778.999625465291729	3.023160e+02
780.000852992181535	3.023168e+02
780.999067502251023	3.023176e+02
782.000501651750483	3.023184e+02
782.998890402950906	3.023191e+02
784.000510709332616	3.023198e+02
784.999095951145591	3.023205e+02
786.000885146906739	3.023212e+02
786.999626701129273	3.023218e+02
788.001601758150173	3.023224e+02
789.000530123687213	3.023230e+02
789.999530848230279	3.023235e+02
790.99862715721315	3.023240e+02
792.000951261299747	3.023245e+02
793.000211673519857	3.023249e+02
793.999551064803086	3.023254e+02
794.998993047389376	3.023258e+02
795.998539242270454	3.023262e+02
797.00121385970408	3.023267e+02
798.00083212691186	3.023271e+02
799.000522314330169	3.023276e+02
800.000250605756605	3.023280e+02
801.000017169912667	3.023284e+02
801.999842073571358	3.023289e+02
802.999706484609419	3.023294e+02
803.999582733291618	3.023299e+02
804.999482047756146	3.023304e+02
805.999415658781686	3.023308e+02
806.999351759117303	3.023313e+02
807.999274949151413	3.023318e+02
808.999208724711366	3.023323e+02
809.99914808867095	3.023327e+02
810.999056193766251	3.023332e+02
811.998932488494233	3.023337e+02
812.998803996338438	3.023341e+02
813.998654002002354	3.023345e+02
815.001579920991389	3.023349e+02
816.00133257523828	3.023353e+02
817.001074908216992	3.023357e+02
818.000771926080461	3.023361e+02
819.000393426636151	3.023365e+02
819.999981202322829	3.023369e+02
820.999550655257735	3.023373e+02
821.99903903299446	3.023375e+02
823.001566279714211	3.023378e+02
824.000924564271259	3.023381e+02
825.000221582081508	3.023383e+02
825.999382328954994	3.023384e+02
827.001587692406019	3.023385e+02
828.000627895948355	3.023387e+02
828.999551449502519	3.023387e+02
830.001467451544841	3.023388e+02
831.00021531107916	3.023390e+02
831.998895971035608	3.023391e+02
833.00053533753794	3.023391e+02
833.998955071971295	3.023391e+02
835.00047699596098	3.023391e+02
835.998715522652674	3.023390e+02
836.999930671296283	3.023389e+02
838.001123477570104	3.023388e+02
838.999081881752318	3.023387e+02
839.999970080385197	3.023385e+02
841.000794857779169	3.023384e+02
842.001560905365864	3.023382e+02
842.999001408825166	3.023381e+02
843.999452529910513	3.023379e+02
844.999872326116702	3.023377e+02
846.00012386627759	3.023375e+02
847.000222763155534	3.023372e+02
848.000292433634058	3.023370e+02
849.000242785677756	3.023368e+02
850.00002896157423	3.023365e+02
850.999761643604757	3.023363e+02
851.999393702273892	3.023361e+02
852.998859638489989	3.023358e+02
854.001360649677281	3.023354e+02
855.000657095778593	3.023350e+02
855.999813643532775	3.023346e+02
856.998873063266615	3.023340e+02
858.000986364875075	3.023335e+02
858.999868720381755	3.023329e+02
859.998649532608965	3.023322e+02
861.000471721768236	3.023317e+02
861.999066316743551	3.023311e+02
863.00067494956329	3.023304e+02
863.999087793853846	3.023297e+02
865.000544472149613	3.023290e+02
865.998803714020937	3.023282e+02
867.000122603809928	3.023274e+02
868.001384262134707	3.023266e+02
868.999472388112508	3.023257e+02
870.000643261292907	3.023249e+02
870.998667684868224	3.023240e+02
871.999782446837344	3.023231e+02
873.000874958462532	3.023223e+02
873.998827776105145	3.023215e+02
874.999872922336863	3.023207e+02
876.000892789683121	3.023199e+02
876.998770256755165	3.023190e+02
877.999739486612611	3.023182e+02
879.000683825170086	3.023173e+02
880.001608363271998	3.023163e+02
880.999396520939513	3.023154e+02
882.000287412664647	3.023143e+02
883.001169270520791	3.023133e+02
883.998928084996123	3.023122e+02
884.999805708670237	3.023110e+02
886.000690875077112	3.023098e+02
887.001587333905491	3.023086e+02
887.999378046442303	3.023074e+02
889.000298849841215	3.023063e+02
890.001227169192589	3.023051e+02
890.999038491454712	3.023040e+02
891.999963323031352	3.023029e+02
893.000877356106457	3.023018e+02
893.998656425749232	3.023008e+02
894.999532193965592	3.022997e+02
896.00038300383892	3.022987e+02
897.001206450445807	3.022977e+02
897.998883302916397	3.022967e+02
898.999649348573598	3.022957e+02
900.000386891797802	3.022947e+02
901.001097298132891	3.022937e+02
901.998664901937559	3.022927e+02
902.999325858317889	3.022918e+02
903.999963408500321	3.022908e+02
905.00057879198755	3.022898e+02
906.001172663939997	3.022889e+02
906.998627661731803	3.022880e+02
907.999177637872663	3.022871e+02
908.999704328773987	3.022862e+02
910.000205979892371	3.022853e+02
911.000680661403294	3.022845e+02
912.001126076367655	3.022836e+02
913.0015389069398	3.022827e+02
913.998800052091042	3.022819e+02
914.999140677978858	3.022810e+02
915.999443047825253	3.022802e+02
916.999706709535417	3.022793e+02
917.9999324325413	3.022784e+02
919.000120945214121	3.022775e+02
920.000274033838991	3.022765e+02
921.000394375183646	3.022755e+02
922.000485300970581	3.022745e+02
923.000549587474893	3.022734e+02
924.000590745406612	3.022724e+02
925.000611420237874	3.022713e+02
926.000613609053062	3.022701e+02
927.000599446097908	3.022690e+02
928.000569194498098	3.022678e+02
929.000522922412983	3.022666e+02
930.00045981055996	3.022654e+02
931.000378734565288	3.022642e+02
932.000279030365391	3.022629e+02
933.000160171714697	3.022617e+02
934.000022525270765	3.022604e+02
934.999867901941911	3.022591e+02
935.999698896975019	3.022577e+02
936.999519162073966	3.022563e+02
937.999332095546947	3.022549e+02
938.999141000032296	3.022535e+02
939.998949079595945	3.022520e+02
940.998758037671109	3.022506e+02
941.998568508800759	3.022492e+02
943.001495012791338	3.022477e+02
944.001307348309638	3.022463e+02
945.001117308138419	3.022449e+02
946.000922549333836	3.022435e+02
947.000718497132311	3.022421e+02
948.000501810637275	3.022408e+02
949.000268707143277	3.022394e+02
950.000015691923181	3.022381e+02
950.999740415221709	3.022368e+02
951.999440668327338	3.022355e+02
952.999114517718226	3.022342e+02
953.998760791102313	3.022329e+02
955.001492963863257	3.022316e+02
956.001082963674321	3.022303e+02
957.000645038631092	3.022290e+02
958.000178803099629	3.022277e+02
958.999682979672343	3.022264e+02
959.99915611341271	3.022252e+02
960.998596297893869	3.022239e+02
962.001114210052492	3.022227e+02
963.000481022976601	3.022215e+02
963.999807458572491	3.022203e+02
964.999090907294772	3.022191e+02
966.001442156829967	3.022178e+02
967.00063385017711	3.022166e+02
967.999778394348027	3.022154e+02
968.998876222372701	3.022142e+02
970.001041290887429	3.022129e+02
971.00005162988009	3.022116e+02
971.99902222709477	3.022103e+02
973.001068265900244	3.022090e+02
973.999968298627778	3.022076e+02
974.998835801962286	3.022063e+02
976.000783794113772	3.022049e+02
976.999589948280573	3.022035e+02
978.001478315908685	3.022020e+02
979.000227384655773	3.022006e+02
979.998950053329395	3.021991e+02
981.000759147816893	3.021976e+02
981.999433860136037	3.021961e+02
983.001198919287617	3.021945e+02
983.999833765523476	3.021930e+02
985.001562066623023	3.021914e+02
986.000163562993293	3.021898e+02
986.998750851895807	3.021882e+02
988.000436835688788	3.021866e+02
988.999001766113224	3.021850e+02
990.000669566239139	3.021833e+02
990.999220801870592	3.021816e+02
992.000879034973195	3.021800e+02
992.999424557068551	3.021783e+02
994.001079242855212	3.021766e+02
994.999621495325073	3.021749e+02
996.001272379075544	3.021732e+02
996.999808992381304	3.021716e+02
998.00145173852161	3.021699e+02
998.999978241237272	3.021682e+02
1000.00160959835716	3.021665e+02
1001.0001236260174	3.021648e+02
1001.99863129237235	3.021632e+02
1003.00024257300242	3.021615e+02
1003.99873512430747	3.021598e+02
1005.00032852015397	3.021581e+02
1005.99879928425139	3.021564e+02
1007.00036695508913	3.021548e+02
1007.99880919247039	3.021531e+02
1009.00034613438197	3.021514e+02
1009.99875574490147	3.021498e+02
1011.00025693841337	3.021481e+02
1011.99862805223597	3.021465e+02
1013.00008661249171	3.021449e+02
1014.00152002830805	3.021433e+02
1014.99981539430576	3.021416e+02
1016.00118991158695	3.021400e+02
1016.99942133770173	3.021385e+02
1018.00072743686451	3.021369e+02
1018.99888733657883	3.021353e+02
1020.0001194479787	3.021337e+02
1021.0013144051718	3.021321e+02
1021.99936417932599	3.021304e+02
1023.00048793499343	3.021288e+02
1024.00157635031769	3.021272e+02
1024.99951923650224	3.021255e+02
1026.00053376456799	3.021239e+02
1026.99840141366099	3.021222e+02
1027.99934028847269	3.021206e+02
1029.00024373670999	3.021189e+02
1029.99800516408482	3.021173e+02
1030.99884221824027	3.021156e+02
1031.99964671941939	3.021131e+02
1033.00041802231635	3.021103e+02
1033.99804952709655	3.021075e+02
1034.99875870898768	3.021047e+02
1035.99944064779402	3.021018e+02
1037.00009994695847	3.020990e+02
1038.00074205531064	3.020962e+02
1038.99826386522864	3.020934e+02
1039.99888329008604	3.020905e+02
1040.99949323576243	3.020877e+02
1042.00009334319179	3.020848e+02
1043.00068206451465	3.020819e+02
1043.99814967603993	3.020790e+02
1044.99870863692104	3.020761e+02
1045.99924781729806	3.020731e+02
1046.99976355174067	3.020701e+02
1048.00025367515536	3.020671e+02
1049.00071861765264	3.020640e+02
1049.99805381919327	3.020610e+02
1050.99847620815876	3.020579e+02
1051.99888214853831	3.020549e+02
1052.99927355657019	3.020518e+02
1053.9996523324719	3.020487e+02
1055.00002043905374	3.020456e+02
1056.00037971354323	3.020425e+02
1057.00073245915132	3.020394e+02
1057.99797295655617	3.020363e+02
1058.99831543682899	3.020332e+02
1059.99865196832684	3.020301e+02
1060.99898010463107	3.020270e+02
1061.99929558142412	3.020239e+02
1062.99959473043623	3.020208e+02
1063.99987413955296	3.020177e+02
1065.00013162082382	3.020147e+02
1066.0003666061491	3.020124e+02
1067.00058056368607	3.020104e+02
1068.00077596735809	3.020084e+02
1069.00095477978175	3.020064e+02
1069.99801178201983	3.020044e+02
1070.99815862411697	3.020024e+02
1071.99828564748941	3.020004e+02
1072.99838778802427	3.019984e+02
1073.99845913444005	3.019964e+02
1074.9984943237796	3.019944e+02
1075.99848998123457	3.019924e+02
1076.99844496008745	3.019904e+02
1077.99835962096631	3.019884e+02
1078.99823550914539	3.019864e+02
1079.99804283451908	3.019838e+02
1080.99777406137309	3.019817e+02
1081.99757889515672	3.019798e+02
1082.99736940244225	3.019778e+02
1083.997131230901	3.019758e+02
1084.99997233226168	3.019739e+02
1085.99968519321806	3.019719e+02
1086.99937344953241	3.019699e+02
1087.99903579596662	3.019680e+02
1088.99867164629632	3.019660e+02
1089.99828016497986	3.019640e+02
1090.99786207309512	3.019620e+02
1091.99741979769374	3.019600e+02
1092.99695453449795	3.019579e+02
1093.99957109156776	3.019559e+02
1094.99906341952942	3.019539e+02
1095.99853767852869	3.019518e+02
1096.99799652755314	3.019497e+02
1097.99744266236758	3.019476e+02
1098.99998253767399	3.019455e+02
1099.99941124372504	3.019432e+02
1100.99883557991279	3.019400e+02
1101.99825767902257	3.019367e+02
1102.99768014663232	3.019333e+02
1103.99710595075726	3.019299e+02
1104.99964161450657	3.019264e+02
1105.99908297351203	3.019230e+02
1106.99853713760399	3.019196e+02
1107.99800585816433	3.019162e+02
1108.9974892800883	3.019127e+02
1109.99698550838366	3.019093e+02
1110.9995967161592	3.019058e+02
1111.99911250392847	3.019024e+02
1112.99863366098452	3.018989e+02
1113.99815714160036	3.018954e+02
1114.99768068710409	3.018919e+02
1115.9972029713133	3.018884e+02
1116.99982721927131	3.018849e+02
1117.99934466068339	3.018814e+02
1118.99885918591713	3.018780e+02
1119.99837112821047	3.018745e+02
1120.99788002591595	3.018710e+02
1121.9973852182859	3.018675e+02
1122.99999101212848	3.018641e+02
1123.99948905605766	3.018607e+02
1124.99898330748624	3.018573e+02
1125.99847339668077	3.018539e+02
1126.99795813229139	3.018506e+02
1127.99743513206772	3.018473e+02
1129.00000566831295	3.018440e+02
1129.99945815789215	3.018408e+02
1130.99889325602135	3.018375e+02
1131.99830841874882	3.018365e+02
1133.00080490487903	3.018344e+02
1134.00017295241537	3.018324e+02
1134.99951269206895	3.018303e+02
1135.99882001690776	3.018283e+02
1136.9980899825764	3.018262e+02
1138.00042121801789	3.018241e+02
1138.99960350566766	3.018220e+02
1139.99873758961189	3.018199e+02
1141.00092542982816	3.018178e+02
1141.99996276609818	3.018156e+02
1142.99895494689849	3.018135e+02
1144.00100640711162	3.018114e+02
1144.99991575993818	3.018092e+02
1145.99878880975484	3.018071e+02
1147.0007313388096	3.018049e+02
1147.99954265645124	3.018027e+02
1148.99832711965564	3.018005e+02
1150.000187799591	3.017982e+02
1150.99892189105094	3.017953e+02
1152.00073346352883	3.017920e+02
1152.99942172058309	3.017886e+02
1153.99809208171928	3.017851e+02
1154.99985105495193	3.017817e+02
1155.99850184254683	3.017782e+02
1157.00025319591782	3.017747e+02
1157.99890694103397	3.017711e+02
1159.00066832192624	3.017676e+02
1159.99933451059292	3.017640e+02
1160.99800622983889	3.017603e+02
1161.9997834014282	3.017567e+02
1162.99846151705219	3.017530e+02
1164.00024126092603	3.017492e+02
1164.99891712956332	3.017455e+02
1166.00068994524736	3.017417e+02
1166.99935646339691	3.017379e+02
1167.9980188936504	3.017341e+02
1168.99978069425833	3.017302e+02
1169.9984467029667	3.017263e+02
1171.00022526371276	3.017224e+02
1171.99892255418968	3.017185e+02
1173.00074953688045	3.017145e+02
1173.99949361987819	3.017106e+02
1174.99825013742043	3.017066e+02
1176.00013710691951	3.017026e+02
1176.99895466628141	3.016986e+02
1178.00090672586907	3.016946e+02
1178.99978597725067	3.016906e+02
1179.99868844415846	3.016867e+02
1181.0007103556602	3.016828e+02
1181.99964151327413	3.016789e+02
1182.99858001971097	3.016750e+02
1184.00062515109835	3.016711e+02
1184.99957067028504	3.016673e+02
1185.99851899484156	3.016635e+02
1187.00057351632518	3.016598e+02
1187.99953059631616	3.016561e+02
1188.99849362446412	3.016524e+02
1190.00056565881141	3.016487e+02
1190.99954199423428	3.016451e+02
1191.99852380361835	3.016416e+02
1193.0006089512633	3.016381e+02
1193.99958603475943	3.016346e+02
1194.99855016271181	3.016312e+02
1196.00059544823239	3.016278e+02
1196.99950960317574	3.016245e+02
1197.99838901838962	3.016213e+02
1199.00033048155274	3.016180e+02
1199.99912615566609	3.016148e+02
1201.00097866831493	3.016117e+02
1201.99968382255634	3.016091e+02
1202.99834003880733	3.016069e+02
1204.000048194486	3.016048e+02
1204.99862036699483	3.016027e+02
1206.00026296274086	3.016006e+02
1206.99877532803589	3.015984e+02
1208.00035765685629	3.015963e+02
1208.99880374529289	3.015942e+02
1210.00030765006909	3.015921e+02
1210.99866048260742	3.015892e+02
1212.00005521470644	3.015860e+02
1212.99828645891466	3.015828e+02
1213.99955647530646	3.015804e+02
1215.00077473615215	3.015780e+02
1215.99885572998278	3.015755e+02
1217.00001534245234	3.015730e+02
1217.99807015916804	3.015705e+02
1218.99923182491011	3.015679e+02
1220.00040784604539	3.015653e+02
1220.99850238459476	3.015624e+02
1221.99971680765952	3.015586e+02
1223.0009526615288	3.015548e+02
1223.99911018558737	3.015508e+02
1225.00038901855055	3.015468e+02
1225.99859035402733	3.015426e+02
1226.99991543423243	3.015384e+02
1227.9981656946045	3.015342e+02
1228.9995445570305	3.015300e+02
1230.0009559124162	3.015257e+02
1230.99930306384226	3.015214e+02
1232.00079096131367	3.015170e+02
1232.99922256000877	3.015127e+02
1234.00080150474764	3.015083e+02
1234.99932704594016	3.015040e+02
1236.00100135483262	3.014996e+02
1236.99962158512949	3.014953e+02
1237.99828767946792	3.014909e+02
1239.00009935828234	3.014866e+02
1239.99885077281624	3.014822e+02
1241.00074088707311	3.014779e+02
1241.99955992815626	3.014736e+02
1242.99840375107306	3.014693e+02
1244.00036954211714	3.014650e+02
1244.99924899340976	3.014607e+02
1245.99814252710053	3.014566e+02
1247.00015233778663	3.014524e+02
1247.99907446850011	3.014483e+02
1248.99801245657409	3.014443e+02
1250.00006949212343	3.014403e+02
1250.99903874465963	3.014363e+02
1251.9980171517559	3.014325e+02
1253.00009871743578	3.014286e+02
1253.99906924520496	3.014248e+02
1254.99802171148099	3.014211e+02
1256.00004890617402	3.014174e+02
1256.99893735115597	3.014137e+02
1258.00088512359002	3.014101e+02
1258.99968529377657	3.014065e+02
1259.99843966837557	3.014030e+02
1261.00025147559381	3.013994e+02
1261.99892107124424	3.013959e+02
1263.00065423065553	3.013925e+02
1263.99925049751687	3.013890e+02
1265.0009135610826	3.013856e+02
1265.99944161575922	3.013822e+02
1266.99793565363575	3.013788e+02
1267.99949549814323	3.013754e+02
1268.99791731754135	3.013719e+02
1269.9993999202743	3.013685e+02
1271.00083948422684	3.013650e+02
1271.99913290560312	3.013615e+02
1273.00047962419103	3.013580e+02
1273.99868037886404	3.013553e+02
1274.99993909200953	3.013527e+02
1275.99806137866858	3.013501e+02
1276.99925376117221	3.013475e+02
1278.00042350549757	3.013449e+02
1278.99847846206808	3.013423e+02
1279.9996250331501	3.013396e+02
1281.00076718556329	3.013360e+02
1281.99880365085437	3.013322e+02
1282.99993413125026	3.013283e+02
1283.99796679431188	3.013242e+02
1284.99911057220856	3.013200e+02
1286.00027752006417	3.013157e+02
1286.99837975066725	3.013114e+02
1287.99962550355622	3.013069e+02
1289.0009215487255	3.013024e+02
1289.99917414749689	3.012979e+02
1291.00058816401247	3.012933e+02
1291.99896510465373	3.012888e+02
1293.00051009187996	3.012842e+02
1293.9990221543444	3.012796e+02
1295.0006992244821	3.012750e+02
1295.99933696642756	3.012704e+02
1296.99803311771893	3.012658e+02
1297.99988504428347	3.012611e+02
1298.99868789046354	3.012565e+02
1300.00064337446429	3.012519e+02
1300.99954346376671	3.012473e+02
1301.99848729543987	3.012427e+02
1303.00057421883002	3.012381e+02
1303.99959571877844	3.012336e+02
1304.99865258077125	3.012290e+02
1306.00084756155638	3.012245e+02
1306.99997568614435	3.012201e+02
1307.99914038046791	3.012157e+02
1308.99834180037737	3.012113e+02
1310.00068060740341	3.012070e+02
1310.99994679110318	3.012027e+02
1311.99923955881809	3.011984e+02
1312.99855416577725	3.011941e+02
1314.00098871274236	3.011899e+02
1315.00033118233068	3.011857e+02
1315.99968035228039	3.011816e+02
1316.99903062470958	3.011775e+02
1317.99837596639827	3.011734e+02
1319.00081431395529	3.011694e+02
1320.00013219435982	3.011654e+02
1320.99942818310433	3.011614e+02
1321.99869978614174	3.011575e+02
1322.99794457855933	3.011535e+02
1324.00026133372853	3.011496e+02
1324.99944066448029	3.011457e+02
1325.9985875870309	3.011419e+02
1327.00080828060459	3.011380e+02
1327.99989652433896	3.011341e+02
1328.99895469004514	3.011302e+02
1329.99798759769919	3.011263e+02
1331.00009817108776	3.011224e+02
1331.99907272872133	3.011185e+02
1332.9980161248659	3.011145e+02
1334.00004250575012	3.011105e+02
1334.99894359480732	3.011066e+02
1336.00092217373071	3.011025e+02
1336.99978862095145	3.010985e+02
1337.99864279015287	3.010944e+02
1339.00057781168721	3.010903e+02
1339.99939990603571	3.010861e+02
1340.99821403393571	3.010819e+02
1342.00011797293246	3.010776e+02
1342.99891625323062	3.010733e+02
1344.00081712779388	3.010689e+02
1344.99961532945053	3.010645e+02
1345.99841945113303	3.010600e+02
1347.00033626975369	3.010555e+02
1347.9991612664146	3.010510e+02
1348.99800061232236	3.010464e+02
1349.99995843046486	3.010417e+02
1350.99882884485237	3.010370e+02
1352.00081784367558	3.010323e+02
1352.99972466956524	3.010275e+02
1353.99865292872482	3.010228e+02
1355.00070862963616	3.010180e+02
1355.99969133071227	3.010131e+02
1356.99870541472819	3.010083e+02
1358.00085484322972	3.010034e+02
1358.99993565592968	3.009986e+02
1359.99904835064194	3.009937e+02
1360.99819117085349	3.009888e+02
1362.00046895444302	3.009839e+02
1362.9996744606367	3.009790e+02
1363.99890983446517	3.009742e+02
1364.99817625000514	3.009693e+02
1366.00057675993003	3.009644e+02
1366.99990367562941	3.009596e+02
1367.9992590363438	3.009547e+02
1368.99864066007058	3.009499e+02
1369.99804663080772	3.009452e+02
1371.00057959637684	3.009404e+02
1372.00002990975213	3.009357e+02
1372.9995002470821	3.009310e+02
1373.99899004972622	3.009263e+02
1374.99849884930177	3.009217e+02
1375.99802611657037	3.009171e+02
1377.0006751514743	3.009125e+02
1378.00023421828473	3.009080e+02
1378.99980186620587	3.009035e+02
1379.99937287725652	3.008991e+02
1380.99894108755052	3.008946e+02
1381.99850130410346	3.008903e+02
1382.99804987963262	3.008859e+02
1384.00068734541537	3.008816e+02
1385.0002043187983	3.008773e+02
1385.99970579036994	3.008731e+02
1386.99919015351657	3.008689e+02
1387.9986536510246	3.008647e+02
1388.99809272032599	3.008606e+02
1390.00060974385337	3.008565e+02
1390.99999660132357	3.008523e+02
1391.99935726255489	3.008482e+02
1392.99869173706816	3.008441e+02
1393.9979991575558	3.008400e+02
1395.00037999900633	3.008358e+02
1395.99962390962583	3.008317e+02
1396.99883211560154	3.008275e+02
1397.99800414250876	3.008233e+02
1399.00024344831309	3.008191e+02
1399.99934490739838	3.008148e+02
1400.9984116419314	3.008106e+02
1402.00054648821447	3.008062e+02
1402.99954453430087	3.008018e+02
1403.99850834173913	3.007974e+02
1405.00053967198528	3.007929e+02
1405.99943391035413	3.007883e+02
1406.99829450752236	3.007837e+02
1408.00022814772478	3.007791e+02
1408.99903329382164	3.007743e+02
1410.00091412937172	3.007695e+02
1410.99966626340984	3.007646e+02
1411.9983906948205	3.007596e+02
1413.00019518133809	3.007546e+02
1413.99888386547832	3.007495e+02
1415.00066595208682	3.007442e+02
1415.99934766114984	3.007390e+02
1416.9980370354624	3.007336e+02
1417.99983869231846	3.007282e+02
1418.99855226288651	3.007228e+02
1420.00038617582095	3.007173e+02
1420.99914001706429	3.007118e+02
1421.99792000870934	3.007062e+02
1422.99982909249775	3.007006e+02
1423.99866679425713	3.006950e+02
1425.00064067122162	3.006894e+02
1425.99955111646295	3.006838e+02
1426.99850618558708	3.006783e+02
1428.00061483366107	3.006727e+02
1428.99967494484235	3.006671e+02
1429.99878924253017	3.006616e+02
1430.99795362734608	3.006561e+02
1432.00026670837451	3.006507e+02
1432.99951741945915	3.006453e+02
1433.99880633259363	3.006399e+02
1434.99813322529735	3.006346e+02
1436.00060118761689	3.006294e+02
1437.00000441811471	3.006242e+02
1437.99944825605439	3.006191e+02
1438.99893273974135	3.006141e+02
1439.99845539545322	3.006091e+02
1440.99801166552561	3.006042e+02
1442.00069993741477	3.005993e+02
1443.00030417449284	3.005945e+02
1443.99992098048074	3.005897e+02
1444.99954376078949	3.005851e+02
1445.99916897508547	3.005804e+02
1446.99879542122426	3.005759e+02
1447.99842022787266	3.005714e+02
1448.99803658171481	3.005669e+02
1450.00074251822184	3.005624e+02
1451.00032547006595	3.005581e+02
1451.99989047009171	3.005537e+02
1452.99943915289964	3.005494e+02
1453.99897263919183	3.005451e+02
1454.99849251259775	3.005408e+02
1455.99799841150116	3.005366e+02
1457.00059184705924	3.005323e+02
1458.00006146936698	3.005281e+02
1458.99950821755465	3.005238e+02
1459.99892970872861	3.005195e+02
1460.99832273732682	3.005151e+02
1462.00078713971266	3.005107e+02
1463.00011302539178	3.005063e+02
1463.99940313452635	3.005018e+02
1464.99865863753894	3.004973e+02
1466.00098595879172	3.004927e+02
1467.00018237721974	3.004881e+02
1467.99935405881047	3.004833e+02
1468.99850226643298	3.004785e+02
1470.00072925667791	3.004736e+02
1470.99982757685984	3.004686e+02
1471.9988974616665	3.004635e+02
1472.99793641740439	3.004584e+02
1474.00004542403713	3.004531e+02
1474.99902393116145	3.004478e+02
1475.99798331380998	3.004423e+02
1477.00003275532003	3.004368e+02
1477.99896764514278	3.004312e+02
1479.00098971328089	3.004255e+02
1479.99989016698669	3.004198e+02
1480.9987717291865	3.004139e+02
1482.00074561971337	3.004080e+02
1482.99962385314484	3.004020e+02
1483.99852982484094	3.003960e+02
1485.00058344117451	3.003899e+02
1485.99959041304328	3.003838e+02
1486.99865669960923	3.003777e+02
1488.00088243404866	3.003716e+02
1489.00005568623578	3.003654e+02
1489.99927060181244	3.003593e+02
1490.99852111164478	3.003532e+02
1492.00090713276791	3.003470e+02
1493.00022362862455	3.003409e+02
1493.99958070080538	3.003348e+02
1494.99898601783889	3.003288e+02
1495.99844407874298	3.003229e+02
1496.99795267212198	3.003170e+02
1498.00061017970302	3.003110e+02
1499.00020024652781	3.003051e+02
1499.99982124123744	3.002993e+02
1500.9994711555787	3.002935e+02
1501.99915476841147	3.002877e+02
1502.99888210405743	3.002821e+02
1503.99866218352054	3.002764e+02
1504.99850046269671	3.002708e+02
1505.99839741814117	3.002653e+02
1506.99834498102905	3.002598e+02
1507.99832982226803	3.002544e+02
1508.99834377057755	3.002490e+02
1509.9983812867863	3.002437e+02
1510.99843940311575	3.002384e+02
1511.99851754542328	3.002332e+02
1512.99862037456728	3.002281e+02
1513.99875680543801	3.002230e+02
1514.99893992752845	3.002179e+02
1515.99916719891712	3.002128e+02
1516.99943167005972	3.002078e+02
1517.99971705804433	3.002028e+02
1519.00000507093364	3.001979e+02
1520.00028064636444	3.001929e+02
1521.00054344655064	3.001881e+02
1522.00080604227378	3.001832e+02
1522.99797203784647	3.001785e+02
1523.9982617297137	3.001738e+02
1524.99857104828561	3.001691e+02
1525.99889287421797	3.001644e+02
1526.99920744121346	3.001598e+02
1527.99949332756796	3.001551e+02
1528.99972890828735	3.001504e+02
1529.99989843304297	3.001457e+02
1530.99999660623575	3.001410e+02
1532.00002834752672	3.001362e+02
1533.0000056497388	3.001314e+02
1533.99994379792724	3.001266e+02
1534.99985489382766	3.001216e+02
1535.99974107227354	3.001166e+02
1536.99959318218407	3.001115e+02
1537.9993945457486	3.001063e+02
1538.99912737611771	3.001010e+02
1539.99878050831308	3.000957e+02
1540.99835962920133	3.000902e+02
1542.0009963747616	3.000846e+02
1543.00051612376092	3.000790e+02
1544.00004650489836	3.000732e+02
1544.99959031082108	3.000674e+02
1545.99913767881571	3.000614e+02
1546.99866683407481	3.000554e+02
1547.99815230633658	3.000492e+02
1549.00068285709017	3.000430e+02
1550.00005989398483	3.000367e+02
1550.99940805667757	3.000303e+02
1551.99875115231362	3.000239e+02
1552.99810340256977	3.000175e+02
1554.00057779378039	3.000111e+02
1554.99996085500288	3.000047e+02
1555.99934013623056	2.999982e+02
1556.99870004641639	2.999918e+02
1557.99802508664197	2.999852e+02
1559.00040351372286	2.999787e+02
1559.99962961638175	2.999721e+02
1560.99883185458475	2.999656e+02
1561.99804665354827	2.999591e+02
1563.00040512244777	2.999526e+02
1563.99971697969067	2.999461e+02
1564.99910425874737	2.999396e+02
1565.99856707239883	2.999332e+02
1566.99807599091628	2.999268e+02
1568.00070774537676	2.999205e+02
1569.00026169563853	2.999141e+02
1569.99985397141518	2.999078e+02
1570.99947455884217	2.999015e+02
1571.99913249478072	2.998953e+02
1572.99887431463685	2.998892e+02
1573.99872674321773	2.998831e+02
1574.99867493132228	2.998770e+02
1575.99869628956208	2.998709e+02
1576.99876896870296	2.998650e+02
1577.99887053899829	2.998590e+02
1578.99898700611743	2.998531e+02
1579.99911920877094	2.998473e+02
1580.99929604950307	2.998415e+02
1581.99954333203823	2.998357e+02
1582.99986456861598	2.998299e+02
1584.00026526690181	2.998242e+02
1585.00074982126171	2.998185e+02
1585.99819811651037	2.998128e+02
1586.99880664137254	2.998072e+02
1587.99945226420368	2.998016e+02
1589.0001050525093	2.997960e+02
1590.0007417046229	2.997904e+02
1590.99824813146188	2.997849e+02
1591.99884023885124	2.997794e+02
1592.99942972519125	2.997740e+02
1594.00002958172672	2.997687e+02
1595.00064829070243	2.997634e+02
1595.99818229142693	2.997582e+02
1596.99883056767135	2.997531e+02
1597.99946764110496	2.997480e+02
1599.00008495377551	2.997429e+02
1600.00067270199793	2.997378e+02
1600.99811693056563	2.997328e+02
1601.99863573761127	2.997278e+02
1602.99912012433379	2.997227e+02
1603.99955882001245	2.997177e+02
1604.99994378683573	2.997125e+02
1606.00026089057701	2.997074e+02
1607.00048996083433	2.997022e+02
1608.00061823184706	2.996969e+02
1609.00063726449798	2.996916e+02
1610.0005459719514	2.996862e+02
1611.00035693762493	2.996807e+02
1612.00008533486721	2.996751e+02
1612.99974030925409	2.996693e+02
1613.99933008162088	2.996634e+02
1614.99885544376457	2.996573e+02
1615.99829926410507	2.996512e+02
1617.00074608381328	2.996449e+02
1617.99999151333782	2.996386e+02
1618.99916022374327	2.996322e+02
1619.99827274183122	2.996256e+02
1621.00046467299944	2.996190e+02
1621.99955921158471	2.996123e+02
1622.99868939079943	2.996057e+02
1624.00096420526552	2.995989e+02
1625.0001752008875	2.995921e+02
1625.99941093398934	2.995851e+02
1626.99864202277604	2.995781e+02
1628.00095094900098	2.995710e+02
1629.00012708075269	2.995639e+02
1629.99926862994425	2.995567e+02
1630.99839600341625	2.995494e+02
1632.00064545422356	2.995422e+02
1632.999830789101	2.995351e+02
1633.99906500187512	2.995280e+02
1634.99834936202728	2.995210e+02
1636.00077795229117	2.995140e+02
1637.00013341642921	2.995070e+02
1637.99951203272235	2.995000e+02
1638.99891425364126	2.994930e+02
1639.99835136539605	2.994860e+02
1641.00094891576464	2.994790e+02
1642.00052419316467	2.994721e+02
1643.00020450171905	2.994653e+02
1643.99999952621715	2.994585e+02
1644.99990031811558	2.994519e+02
1645.9998853409802	2.994452e+02
1646.99992774030056	2.994387e+02
1648.00000741580061	2.994322e+02
1649.00012525584066	2.994257e+02
1650.0003044318978	2.994192e+02
1651.00057667982696	2.994127e+02
1652.00097306798943	2.994062e+02
1652.9984012384748	2.993997e+02
1653.99906609368327	2.993932e+02
1654.9998186113578	2.993867e+02
1656.00059973348289	2.993803e+02
1656.99825718648094	2.993738e+02
1657.99898360932161	2.993674e+02
1658.99966849767975	2.993610e+02
1660.00032889122303	2.993546e+02
1661.00098436380154	2.993483e+02
1661.99854619226448	2.993421e+02
1662.99925115638712	2.993360e+02
1664.00001017106456	2.993301e+02
1665.00081724871029	2.993243e+02
1665.99854239466185	2.993185e+02
1666.99936593392567	2.993129e+02
1668.00013978533343	2.993073e+02
1669.00085085916248	2.993018e+02
1669.99840096049707	2.992963e+02
1670.99901862720822	2.992909e+02
1671.9996011514902	2.992855e+02
1673.00014282323718	2.992801e+02
1674.00062690990535	2.992747e+02
1674.99793006669779	2.992694e+02
1675.99825913159702	2.992641e+02
1676.9985159332075	2.992588e+02
1677.99873305586266	2.992534e+02
1678.99894984492721	2.992480e+02
1679.9991844537949	2.992424e+02
1680.99942100389649	2.992367e+02
1681.99961178412059	2.992309e+02
1682.99969481212179	2.992249e+02
1683.99961417643317	2.992187e+02
1684.99933732720092	2.992125e+02
1685.99886835550888	2.992061e+02
1686.99826333853071	2.991996e+02
1688.00070195106059	2.991929e+02
1689.00002689868484	2.991862e+02
1689.99935696480293	2.991795e+02
1690.99869182296447	2.991726e+02
1691.99802643554904	2.991657e+02
1693.00044817745015	2.991587e+02
1693.9997459726842	2.991515e+02
1694.99903910307034	2.991443e+02
1695.99833840348583	2.991369e+02
1697.00075316265634	2.991293e+02
1698.00007672925381	2.991218e+02
1698.99939518658698	2.991142e+02
1699.99868049662655	2.991066e+02
1700.99791381765954	2.990990e+02
1702.00018950024923	2.990914e+02
1702.99931216928599	2.990837e+02
1703.99841821405221	2.990760e+02
1705.00066237152009	2.990682e+02
1705.99989378959776	2.990604e+02
1706.99925281337846	2.990527e+02
1707.99875871085374	2.990450e+02
1708.9984074327424	2.990374e+02
1709.99817324317451	2.990300e+02
1710.99800487291645	2.990226e+02
1712.00095314679879	2.990153e+02
1713.00077544386886	2.990082e+02
1714.00057550727479	2.990011e+02
1715.00038130945882	2.989940e+02
1716.00023802081137	2.989871e+02
1717.00019297839776	2.989802e+02
1718.00027819476122	2.989734e+02
1719.00050654086658	2.989666e+02
1720.00087646197721	2.989597e+02
1720.99825701122109	2.989529e+02
1721.99882484980481	2.989460e+02
1722.99944642589753	2.989389e+02
1724.00010876766851	2.989319e+02
1725.0007972407634	2.989248e+02
1725.99838250384119	2.989177e+02
1726.99907796378784	2.989107e+02
1727.99979450504793	2.989036e+02
1729.00054098330065	2.988967e+02
1729.99817993578563	2.988898e+02
1730.9988351227255	2.988829e+02
1731.99930843447328	2.988760e+02
1732.99960140813437	2.988693e+02
1733.99981711714031	2.988627e+02
1735.00010576322961	2.988561e+02
1736.00061319661063	2.988494e+02
1736.99831962602411	2.988429e+02
1737.99942471794657	2.988365e+02
1739.00069142894085	2.988302e+02
1739.99879142569853	2.988239e+02
1740.99972082434397	2.988176e+02
1742.0002595753615	2.988117e+02
1743.00042499239476	2.988063e+02
1744.00033711463016	2.988005e+02
1745.00020420483202	2.987948e+02
1746.00020305081262	2.987895e+02
1747.00044924191297	2.987835e+02
1748.00098229104992	2.987777e+02
1748.99862559907751	2.987719e+02
1749.99937443698445	2.987658e+02
1750.99993341300956	2.987595e+02
1752.00020452842364	2.987527e+02
1753.00018539774965	2.987457e+02
1753.99995722605786	2.987387e+02
1754.99965172305224	2.987317e+02
1755.99937420901142	2.987249e+02
1756.99918398843283	2.987181e+02
1757.99905727546616	2.987115e+02
1758.99890197778745	2.987049e+02
1759.99861603758336	2.986981e+02
1760.99815084045258	2.986911e+02
1762.00064772574046	2.986837e+02
1763.00000454708311	2.986761e+02
1763.99944313344577	2.986683e+02
1764.99905837673236	2.986603e+02
1765.99888355959615	2.986524e+02
1766.99884729628457	2.986446e+02
1767.99883162080027	2.986369e+02
1768.99871689796737	2.986293e+02
1769.99837543997342	2.986217e+02
1771.00083206083377	2.986139e+02
1771.99993232871066	2.986061e+02
1772.99891571185594	2.985982e+02
1773.9979439962824	2.985902e+02
1775.00028853091226	2.985823e+02
1775.99985701588776	2.985745e+02
1776.9997644951352	2.985668e+02
1777.99990352173882	2.985590e+02
1779.00007262439976	2.985512e+02
1780.00005311805398	2.985433e+02
1780.99972359915159	2.985352e+02
1781.99911606461114	2.985271e+02
1782.99838244358966	2.985189e+02
1784.000824727397	2.985108e+02
1785.00041188977411	2.985031e+02
1786.00031015063769	2.984958e+02
1787.00047433238024	2.984889e+02
1788.00079576195844	2.984821e+02
1788.99804110645005	2.984754e+02
1789.99833056785428	2.984684e+02
1790.99854521824045	2.984611e+02
1791.99875201646159	2.984535e+02
1792.99905301074273	2.984457e+02
1793.99956153303106	2.984379e+02
1795.00037569769552	2.984304e+02
1795.99842001382149	2.984230e+02
1796.99984002621409	2.984159e+02
1797.99821822073977	2.984089e+02
1798.99947944337873	2.984019e+02
1800.00027864572485	2.983949e+02
1801.00056012321079	2.983882e+02
1802.00048960482559	2.983813e+02
1803.00033879808689	2.983742e+02
1804.00034899565208	2.983670e+02
1805.00070417638608	2.983594e+02
1805.99834349052003	2.983521e+02
1806.99936069278101	2.983450e+02
1808.0004092353056	2.983379e+02
1808.99812186720555	2.983309e+02
1809.99854570925777	2.983236e+02
1810.99856121576249	2.983170e+02
1811.99830226419863	2.983102e+02
1812.99798186818407	2.983036e+02
1814.00089884028694	2.982967e+02
1815.00095200638179	2.982898e+02
1815.99812846920872	2.982831e+02
1816.9985271850544	2.982764e+02
1817.99889735535976	2.982698e+02
1818.99913309599242	2.982631e+02
1819.99921614260279	2.982562e+02
1820.99922274400001	2.982491e+02
1821.9992828819145	2.982419e+02
1822.9994983329093	2.982344e+02
1823.99987717613885	2.982270e+02
1825.00031684566693	2.982197e+02
1826.00063631033709	2.982124e+02
1827.00065115859502	2.982052e+02
1828.0002588480736	2.981983e+02
1828.999521290345	2.981916e+02
1829.9986634692209	2.981844e+02
1830.99798581434948	2.981775e+02
1832.00082425095457	2.981698e+02
1832.99794337922572	2.981621e+02
1833.99852546420016	2.981544e+02
1834.99916815684355	2.981466e+02
1835.99950287222032	2.981387e+02
1836.99926197810851	2.981307e+02
1837.99845557101821	2.981228e+02
1839.0004610645974	2.981140e+02
1839.99946844884767	2.981055e+02
1840.99889490637406	2.980970e+02
1841.99882978537903	2.980884e+02
1842.99915568361689	2.980801e+02
1843.99962394086606	2.980721e+02
1844.9999339175306	2.980642e+02
1845.99984691075065	2.980561e+02
1846.99937196937162	2.980484e+02
1847.99875222213336	2.980404e+02
1848.9983355002023	2.980323e+02
1849.99841663746088	2.980234e+02
1850.99907064851641	2.980149e+02
1852.00023379756112	2.980069e+02
1852.99850626381544	2.979992e+02
1853.99957871549464	2.979919e+02
1855.00004137674819	2.979842e+02
1855.99993206196245	2.979767e+02
1856.99962127416029	2.979693e+02
1857.99947772035603	2.979618e+02
1858.99983540032395	2.979545e+02
1860.00087601343103	2.979479e+02
1860.99940074094002	2.979427e+02
1861.99821972287737	2.979380e+02
1862.99985620170742	2.979334e+02
1864.00073654599191	2.979285e+02
1865.00079823534224	2.979239e+02
1866.00023590001365	2.979193e+02
1866.99936799980014	2.979141e+02
1867.99851343587943	2.979080e+02
1869.0009532396025	2.979014e+02
1870.00041894692572	2.978948e+02
1870.99976274147139	2.978889e+02
1871.9987072297788	2.978834e+02
1873.00016324044873	2.978784e+02
1874.00096078780825	2.978737e+02
1874.99814290175391	2.978690e+02
1875.99817497179083	2.978640e+02
1876.99826133029728	2.978587e+02
1877.99858335500471	2.978533e+02
1878.99911000948509	2.978481e+02
1879.99959120604399	2.978436e+02
1880.99966701720768	2.978397e+02
1881.99906092747733	2.978366e+02
1883.00082289671991	2.978341e+02
1883.99895188739174	2.978315e+02
1884.99999827907118	2.978292e+02
1885.9982135368839	2.978273e+02
1887.00003193897987	2.978256e+02
1887.99923803263118	2.978244e+02
1888.9986619013298	2.978235e+02
1890.0009782374259	2.978227e+02
1890.9996120218068	2.978219e+02
1892.00060902208838	2.978208e+02
1892.99796475072867	2.978193e+02
1893.99834801076008	2.978176e+02
1894.99921205038618	2.978162e+02
1896.00078212942276	2.978152e+02
1896.99985531762559	2.978146e+02
1897.99922337217936	2.978144e+02
1898.998514202754	2.978143e+02
1900.00049934267236	2.978140e+02
1900.99893317374926	2.978134e+02
1902.00019646337023	2.978123e+02
1902.99848172231191	2.978109e+02
1904.00035835896188	2.978100e+02
1904.99983568619928	2.978097e+02
1905.99992277003275	2.978100e+02
1907.00032134021694	2.978109e+02
1908.0008322899414	2.978115e+02
1909.00093160232086	2.978118e+02
1910.00030599308934	2.978120e+02
1910.99915416881481	2.978117e+02
1912.00096180215701	2.978112e+02
1912.99985416341951	2.978109e+02
1913.99916159502141	2.978112e+02
1915.00183493017198	2.978121e+02
1915.99884508729065	2.978134e+02
1916.99943377915861	2.978149e+02
1918.00014863020897	2.978163e+02
1919.00056764200008	2.978172e+02
1920.00045193746428	2.978175e+02
1920.999817220767	2.978173e+02
1921.99885407788929	2.978168e+02
1923.00093528869252	2.978166e+02
1924.00015154858534	2.978169e+02
1924.9996942356795	2.978180e+02
1925.99951501246892	2.978197e+02
1926.9994556337756	2.978217e+02
1927.99924453677409	2.978233e+02
1929.00169876828068	2.978246e+02
1930.00053873376396	2.978257e+02
1930.99901672645274	2.978268e+02
1932.00052548632129	2.978282e+02
1932.99922801006664	2.978301e+02
1934.0015359973911	2.978324e+02
1935.00131940371921	2.978347e+02
1936.00158843669146	2.978367e+02
1936.99896437524126	2.978380e+02
1937.99915532118575	2.978386e+02
1939.00169088058715	2.978388e+02
1940.00026699132422	2.978389e+02
1941.00131005967296	2.978394e+02
1941.99907159494342	2.978404e+02
1943.00016854220166	2.978420e+02
1943.99876931042331	2.978436e+02
1945.0013154265514	2.978445e+02
1946.00145902451573	2.978443e+02
1947.00184707857534	2.978429e+02
1947.99894027443679	2.978404e+02
1949.00159173641941	2.978368e+02
1950.0005148195396	2.978330e+02
1950.99915708621666	2.978291e+02
1952.00121105374001	2.978251e+02
1953.00099918931824	2.978208e+02
1954.00175856958867	2.978157e+02
1955.00025833826953	2.978097e+02
1955.99891357040747	2.978024e+02
1956.99998347217434	2.977947e+02
1957.99995687250339	2.977870e+02
1958.99898139444576	2.977813e+02
1960.00060367275319	2.977781e+02
1960.99908875227379	2.977779e+02
1962.00098840628698	2.977806e+02
1963.00035636391385	2.977858e+02
1964.00013511165548	2.977923e+02
1964.99958884015041	2.977989e+02
1966.00117777936748	2.978063e+02
1967.00166040344834	2.978140e+02
1968.00103332507774	2.978224e+02
1968.99926208336751	2.978312e+02
1969.99984270938785	2.978407e+02
1971.00066921584312	2.978509e+02
1972.00156233056987	2.978611e+02
1973.00163917092277	2.978707e+02
1974.00116417228719	2.978801e+02
1975.00054692965341	2.978900e+02
1976.00169083237279	2.978999e+02
1977.00122177684921	2.979106e+02
1978.00073247297109	2.979224e+02
1979.00099174790853	2.979348e+02
1980.00060676208864	2.979463e+02
1980.9999655791205	2.979563e+02
1982.00038738718672	2.979645e+02
1982.99987281407948	2.979716e+02
1984.00023924400102	2.979788e+02
1985.00078188989801	2.979884e+02
1986.00130190178152	2.980002e+02
1987.00082094559184	2.980132e+02
1988.00124635556813	2.980273e+02
1989.00020087422172	2.980417e+02
1989.999123837252	2.980549e+02
1991.00087133326883	2.980671e+02
1991.99942744573468	2.980795e+02
1992.99978404438912	2.980924e+02
1993.99925602162261	2.981070e+02
1994.999169630285	2.981243e+02
1995.99991512042811	2.981428e+02
1997.00115585923368	2.981608e+02
1997.99970297082518	2.981776e+02
1999.00140827003497	2.981924e+02
1999.99864306339714	2.982061e+02
2001.00049341427098	2.982204e+02
2001.99871974126404	2.982370e+02
2002.99998310215051	2.982556e+02
2003.99892672382498	2.982746e+02
2004.99910086211912	2.982929e+02
2005.99975132704435	2.983098e+02
2006.99968559747913	2.983248e+02
2007.99838059500075	2.983398e+02
2008.99946407483458	2.983557e+02
2010.00017958868057	2.983732e+02
2010.99811436887239	2.983918e+02
2012.00009799786471	2.984110e+02
2013.00007377642805	2.984296e+02
2014.00024334006048	2.984472e+02
2014.99984687250253	2.984640e+02
2015.99872423445186	2.984805e+02
2017.00039146966742	2.984974e+02
2017.99944762206155	2.985151e+02
2018.99902973931535	2.985332e+02
2019.99926510331693	2.985515e+02
2021.00041439558163	2.985699e+02
2021.99893569980145	2.985883e+02
2023.00014567225253	2.986066e+02
2023.99799465514093	2.986246e+02
2024.99925690021951	2.986438e+02
2025.9981258396333	2.986632e+02
2026.99802969827783	2.986827e+02
2027.99863002482357	2.987021e+02
2028.99912882977151	2.987212e+02
2029.99940003971801	2.987398e+02
2030.99961806678425	2.987583e+02
2031.99984647913698	2.987772e+02
2033.00038005481906	2.987968e+02
2033.99871361746636	2.988167e+02
2035.0005466491109	2.988368e+02
2035.99886036417092	2.988564e+02
2036.99988564581076	2.988757e+02
2037.9982610211141	2.988950e+02
2039.00006026532355	2.989148e+02
2039.99878396542613	2.989351e+02
2040.99772480244224	2.989561e+02
2042.00012038723753	2.989776e+02
2042.99966677357202	2.989989e+02
2043.99909102798074	2.990201e+02
2044.99866566660921	2.990412e+02
2045.99868470683373	2.990626e+02
2046.99904399035381	2.990840e+02
2047.99968019166795	2.991054e+02
2049.00057878516054	2.991268e+02
2049.9985104174707	2.991479e+02
2050.99974557565474	2.991688e+02
2051.99827445028086	2.991897e+02
2053.00040170725606	2.992110e+02
2053.99975117620988	2.992329e+02
2054.99917963931011	2.992551e+02
2055.99906816382008	2.992775e+02
2057.00010239177618	2.993004e+02
2057.99957034940689	2.993243e+02
2059.00033855696984	2.993497e+02
2059.99877427408364	2.993763e+02
2061.00068028990472	2.994038e+02
2061.99967126352203	2.994320e+02
2062.9986247787715	2.994602e+02
2064.0005915181905	2.994884e+02
2064.99889326900075	2.995166e+02
2065.99960981869208	2.995448e+02
2066.99975605732197	2.995731e+02
2067.99950374386253	2.996014e+02
2068.99903816909227	2.996291e+02
2069.99854899783304	2.996550e+02
2070.99835310048456	2.996780e+02
2071.99848359109592	2.996980e+02
2072.99844596715275	2.997157e+02
2073.99778702077265	2.997319e+02
2074.99967222318037	2.997490e+02
2075.99810136242013	2.997693e+02
2076.99934962724456	2.997944e+02
2078.00007264182295	2.998227e+02
2078.9997303476639	2.998509e+02
2079.99798609703339	2.998773e+02
2080.99795342414836	2.999038e+02
2081.99986423388145	2.999335e+02
2082.99768968741637	2.999673e+02
2083.99737290915937	3.000026e+02
2084.99894619512907	3.000352e+02
2085.99976832878156	3.000623e+02
2087.00031337056316	3.000851e+02
2087.99766901176326	3.001064e+02
2088.99789846065732	3.001275e+02
2089.99794567799563	3.001467e+02
2090.99800346861957	3.001611e+02
2091.99812405934608	3.001697e+02
2092.99840201409143	3.001744e+02
2093.99876380594333	3.001803e+02
2094.99869089617778	3.001920e+02
2095.9978550317137	3.002101e+02
2096.9991733022307	3.002324e+02
2097.99977647816695	3.002565e+02
2098.99987393665151	3.002816e+02
2099.99979300803352	3.003084e+02
2101.00010186090003	3.003372e+02
2101.99846402574758	3.003661e+02
2102.99866839115339	3.003912e+02
2103.99813623537784	3.004094e+02
2104.99996692578725	3.004220e+02
2105.99816976857392	3.004336e+02
2106.99866919346414	3.004479e+02
2107.99782810185116	3.004656e+02
2108.9981657680155	3.004853e+02
2109.99908141417063	3.005059e+02
2111.00014270524571	3.005277e+02
2111.99784360021431	3.005520e+02
2112.9980692155591	3.005790e+02
2113.99772421590706	3.006079e+02
2115.00025172177084	3.006369e+02
2115.99995989037507	3.006639e+02
2116.99743479911331	3.006880e+02
2117.99936725192401	3.007100e+02
2118.99971794856356	3.007310e+02
2119.99836479931173	3.007516e+02
2120.99811993371668	3.007717e+02
2121.99882706652033	3.007911e+02
2122.9973407326479	3.008104e+02
2123.9997887224763	3.008303e+02
2124.99981503044955	3.008510e+02
2125.99746819986694	3.008720e+02
2126.99908667016416	3.008924e+02
2127.9985176557293	3.009113e+02
2128.99886088528137	3.009280e+02
2129.9999912036451	3.009418e+02
2130.99865504492345	3.009523e+02
2131.99786809570242	3.009592e+02
2132.99751634167706	3.009623e+02
2133.99753946215287	3.009619e+02
2134.99786540615605	3.009582e+02
2135.99851037891131	3.009515e+02
2136.9995630294261	3.009422e+02
2137.99793694486607	3.009306e+02
2138.99984749607711	3.009170e+02
2139.99877445712855	3.009020e+02
2140.99753084719578	3.008857e+02
2141.99917903327423	3.008681e+02
2142.99749645313159	3.008494e+02
2143.99886796876945	3.008301e+02
2144.99993714993252	3.008109e+02
2145.99733484778471	3.007929e+02
2147.00039487450886	3.007767e+02
2147.99976503022026	3.007621e+02
2148.99875176522892	3.007506e+02
2149.99746583337583	3.007428e+02
2150.99907529154007	3.007370e+02
2152.00030219342352	3.007319e+02
2152.99785677024329	3.007276e+02
2153.99733257606476	3.007248e+02
2154.99748501575414	3.007230e+02
2156.000377352143	3.007206e+02
2156.99863758590345	3.007159e+02
2157.99919717638477	3.007090e+02
2158.99807518371426	3.006992e+02
2159.9998077229543	3.006877e+02
2161.00031085701812	3.006753e+02
2162.00036355467819	3.006630e+02
2162.99924782493918	3.006523e+02
2163.99943658260054	3.006440e+02
2165.00044714256319	3.006381e+02
2165.99874920609682	3.006340e+02
2167.00033799808352	3.006310e+02
2167.99877640363593	3.006290e+02
2169.00023517328327	3.006275e+02
2169.99850800146805	3.006266e+02
2170.99994296293926	3.006265e+02
2171.99863989052164	3.006273e+02
2172.99750202157702	3.006287e+02
2173.9992223670597	3.006308e+02
2174.99740299741461	3.006341e+02
2175.99833749423806	3.006387e+02
2176.99911416738041	3.006445e+02
2177.99978870693667	3.006508e+02
2179.00033647576856	3.006575e+02
2179.9976957639301	3.006647e+02
2180.99803515688518	3.006725e+02
2181.99820458052909	3.006802e+02
2182.99845473769528	3.006877e+02
2183.99895209592114	3.006949e+02
2184.99950017484889	3.007022e+02
2186.00019397418373	3.007093e+02
2186.99787029970958	3.007156e+02
2187.99826391316947	3.007205e+02
2188.99771439201459	3.007235e+02
2189.99907864252827	3.007239e+02
2190.99935342400659	3.007220e+02
2191.99883265925837	3.007188e+02
2192.99795951929855	3.007155e+02
2193.99983017743807	3.007135e+02
2194.99780033080879	3.007136e+02
2195.99755666840838	3.007169e+02
2196.99925646415886	3.007236e+02
2197.99984148038402	3.007331e+02
2198.99928127135126	3.007440e+02
2199.99808676481643	3.007556e+02
2200.99998098248716	3.007672e+02
2201.99918517415335	3.007777e+02
2202.99908315789162	3.007870e+02
2203.9995327011743	3.007945e+02
2205.00010956640926	3.008000e+02
2205.9974725342804	3.008040e+02
2206.9976090697246	3.008062e+02
2208.0003674833938	3.008067e+02
2208.99940244910567	3.008063e+02
2209.99771086723058	3.008057e+02
2210.9985298354004	3.008054e+02
2211.99910742249858	3.008058e+02
2212.99971696180592	3.008077e+02
2213.99752000513672	3.008117e+02
2214.99894471088874	3.008175e+02
2215.9981775852375	3.008254e+02
2216.99840338094509	3.008353e+02
2217.99954605298126	3.008467e+02
2218.99848923973559	3.008589e+02
2219.99827675633151	3.008716e+02
2220.99872301500773	3.008841e+02
2221.99962852024055	3.008957e+02
2222.99777183598962	3.009055e+02
2223.99902753071365	3.009135e+02
2224.99982873955014	3.009199e+02
2225.9998707552727	3.009248e+02
2226.99913600122863	3.009286e+02
2227.99759010323805	3.009314e+02
2228.99846232958998	3.009340e+02
2229.99897909293577	3.009364e+02
2230.9996306599669	3.009389e+02
2232.00039433140728	3.009423e+02
2232.99787400434116	3.009471e+02
2233.99871370510118	3.009533e+02
2234.9999537612639	3.009609e+02
2235.99848415860879	3.009695e+02
2236.9976012285706	3.009787e+02
2237.9974617870439	3.009883e+02
2238.99784214628562	3.009971e+02
2239.99891322069834	3.010055e+02
2240.99789000996088	3.010132e+02
2242.00030983782108	3.010200e+02
2242.99914185837042	3.010258e+02
2243.99743710862595	3.010307e+02
2244.9984691276054	3.010348e+02
2245.9992081517712	3.010376e+02
2246.99974073588555	3.010394e+02
2248.00018196718929	3.010408e+02
2248.99762751118942	3.010428e+02
2249.99801405747576	3.010462e+02
2250.99809761508232	3.010520e+02
2251.99820086085674	3.010601e+02
2252.99882295924635	3.010695e+02
2254.00006169661992	3.010795e+02
2254.99875315346162	3.010895e+02
2255.99810970797625	3.010989e+02
2256.99824355901546	3.011076e+02
2257.99905473568333	3.011156e+02
2259.00019969251434	3.011230e+02
2259.9981875817798	3.011296e+02
2260.99919128155943	3.011346e+02
2262.00032459015301	3.011378e+02
2262.99873406835104	3.011389e+02
2264.0002081860398	3.011384e+02
2264.99863667349973	3.011369e+02
2266.00027632655883	3.011359e+02
2266.9985431275627	3.011371e+02
2267.99951118267973	3.011413e+02
2269.00016699129947	3.011484e+02
2269.99758185133123	3.011572e+02
2270.99786821735279	3.011668e+02
2271.99790892851388	3.011758e+02
2272.99816742215307	3.011841e+02
2273.99930044262283	3.011923e+02
2274.99835017376199	3.012011e+02
2275.99842348579068	3.012107e+02
2276.99740792660987	3.012208e+02
2277.99822741756543	3.012305e+02
2278.99984385249445	3.012385e+02
2279.99807266022026	3.012433e+02
2280.99875640573237	3.012450e+02
2281.99830753409651	3.012444e+02
2282.99894213778862	3.012432e+02
2283.99766376034813	3.012433e+02
2284.998243751882	3.012459e+02
2285.9982282519054	3.012510e+02
2286.99869785351211	3.012574e+02
2288.00041530655244	3.012642e+02
2288.99951252740084	3.012709e+02
2289.99786921335908	3.012783e+02
2290.99812690473073	3.012872e+02
2291.9977693247115	3.012981e+02
2292.99805242413095	3.013109e+02
2293.99830070155258	3.013245e+02
2294.9988735932684	3.013382e+02
2295.99737680840144	3.013505e+02
2296.997362918004	3.013603e+02
2297.99835026838127	3.013669e+02
2298.99810139530109	3.013704e+02
2299.99896535442485	3.013717e+02
2301.00015453566448	3.013720e+02
2301.99949696415069	3.013719e+02
2302.99774808424536	3.013719e+02
2303.99907972232177	3.013717e+02
2304.99849876808003	3.013711e+02
2305.99941864096763	3.013703e+02
2306.99814169517276	3.013705e+02
2307.99912113494747	3.013735e+02
2308.99866296727805	3.013805e+02
2309.99740859131316	3.013915e+02
2310.99987246703085	3.014056e+02
2311.99820423129177	3.014208e+02
2312.99859138255442	3.014351e+02
2313.9994256144837	3.014469e+02
2314.99908323351883	3.014556e+02
2316.00008394815541	3.014613e+02
2316.99989285751553	3.014648e+02
2317.99884932061877	3.014661e+02
2319.00006736875866	3.014652e+02
2319.99787336056079	3.014626e+02
2320.99868770266175	3.014586e+02
2322.00010910638866	3.014538e+02
2323.00034540120851	3.014491e+02
2323.99997020282581	3.014452e+02
2324.99781788980272	3.014431e+02
2325.99819909263806	3.014435e+02
2327.00007667975842	3.014473e+02
2328.00027143664965	3.014544e+02
2328.99961233529211	3.014640e+02
2329.999652867431	3.014748e+02
2330.99835263534351	3.014852e+02
2331.99841108730061	3.014944e+02
2332.99840211696892	3.015015e+02
2333.99763965347938	3.015068e+02
2334.99957929431184	3.015103e+02
2335.99803029698614	3.015122e+02
2336.99890683774356	3.015125e+02
2337.99955209680638	3.015112e+02
2339.00034084638401	3.015082e+02
2339.99829559317095	3.015045e+02
2340.99967267216425	3.015006e+02
2341.99800723161434	3.014971e+02
2342.99890011629896	3.014954e+02
2343.99892908347601	3.014961e+02
2344.99827801677657	3.014995e+02
2345.997805155278	3.015052e+02
2346.99903193915088	3.015127e+02
2347.99961710966136	3.015213e+02
2348.99858992739382	3.015299e+02
2350.00041670362452	3.015377e+02
2350.99831128024289	3.015441e+02
2351.99882692585015	3.015492e+02
2352.9983404695754	3.015529e+02
2353.99964050988183	3.015552e+02
2355.00015843287702	3.015560e+02
2356.00035204070218	3.015553e+02
2356.99748193251799	3.015536e+02
2357.99790440889547	3.015512e+02
2358.99840253773255	3.015491e+02
2359.99880880956607	3.015481e+02
2360.99891648527046	3.015491e+02
2361.99861574990382	3.015528e+02
2362.99863355898651	3.015594e+02
2364.00024669444701	3.015682e+02
2364.99810022804013	3.015780e+02
2365.99763788779637	3.015881e+02
2367.00011005986244	3.015980e+02
2367.99796373717663	3.016066e+02
2369.00042317796442	3.016136e+02
2369.99883797816256	3.016191e+02
2370.99953219971803	3.016228e+02
2371.99945387799426	3.016247e+02
2372.99897667841287	3.016250e+02
2373.99849069003858	3.016241e+02
2374.99828936273707	3.016226e+02
2375.99834002907892	3.016212e+02
2376.9986668221236	3.016207e+02
2377.99903901132166	3.016217e+02
2378.99908183994557	3.016249e+02
2379.9985360598921	3.016304e+02
2380.99748482587938	3.016382e+02
2381.99960393491756	3.016477e+02
2382.9995179112866	3.016577e+02
2383.99737201020798	3.016676e+02
2384.9987046308911	3.016768e+02
2385.99952367580681	3.016847e+02
2386.99957175900454	3.016913e+02
2387.99895135302222	3.016964e+02
2388.99773264053056	3.017000e+02
2389.99934795109812	3.017016e+02
2390.99794611844391	3.017018e+02
2392.000071067514	3.017010e+02
2392.99986942474106	3.016999e+02
2393.99735909048286	3.016993e+02
2394.99861755764323	3.016998e+02
2396.00038049822797	3.017019e+02
2396.999280046271	3.017061e+02
2397.9980206531327	3.017123e+02
2398.99936990546212	3.017202e+02
2400.00009661273771	3.017292e+02
2401.00022862171454	3.017386e+02
2401.99975452106037	3.017477e+02
2402.99857882436754	3.017562e+02
2403.99987990839827	3.017637e+02
2404.99771436263154	3.017703e+02
2405.99850742203034	3.017758e+02
2406.99943760110773	3.017799e+02
2407.99773064108285	3.017829e+02
2408.99994245487642	3.017848e+02
2410.00033731595931	3.017860e+02
2410.99895595835778	3.017868e+02
2411.99883692786898	3.017881e+02
2412.99975301639915	3.017903e+02
2413.99843709958805	3.017940e+02
2414.99756668073724	3.017995e+02
2415.99978622502795	3.018063e+02
2416.99856364521656	3.018138e+02
2418.00001604584122	3.018213e+02
2418.99799271498659	3.018285e+02
2419.9987927418324	3.018352e+02
2420.99938329038832	3.018408e+02
2421.99982983369091	3.018452e+02
2423.00018911715779	3.018487e+02
2423.99751364332587	3.018516e+02
2424.9981777602884	3.018538e+02
2425.99912214524238	3.018557e+02
2427.00019506984881	3.018579e+02
2427.9981607959844	3.018609e+02
2428.99928472065631	3.018641e+02
2429.99736154411175	3.018675e+02
2430.99842009405165	3.018712e+02
2431.99921838544333	3.018752e+02
2432.99973280321046	3.018792e+02
2433.99988832222334	3.018826e+02
2434.99956375596548	3.018858e+02
2435.99865888192835	3.018886e+02
2437.0001885427655	3.018908e+02
2437.99804783782565	3.018924e+02
2438.99856199650139	3.018937e+02
2439.9987412791188	3.018948e+02
2440.99863100579387	3.018959e+02
2441.99828404650953	3.018973e+02
2442.99768514480547	3.018991e+02
2443.99988470843846	3.019014e+02
2444.9987306353064	3.019041e+02
2445.99742126215824	3.019070e+02
2446.99919619922366	3.019098e+02
2447.99800719339055	3.019123e+02
2449.00008267641579	3.019143e+02
2449.99927919990387	3.019157e+02
2450.99861444218186	3.019161e+02
2451.99791152140278	3.019153e+02
2453.00013688460331	3.019132e+02
2453.99914594800839	3.019099e+02
2454.9979210174979	3.019057e+02
2455.99960560640875	3.019016e+02
2456.99819897199541	3.018987e+02
2457.99999726007673	3.018976e+02
2458.99811008820507	3.018983e+02
2459.99801173524884	3.019002e+02
2460.9973812106341	3.019010e+02
2461.999602100218	3.018988e+02
2462.99849580337514	3.018925e+02
2463.99949130303048	3.018820e+02
2464.99894132724648	3.018681e+02
2465.99884914598897	3.018515e+02
2466.99910480596418	3.018334e+02
2467.99937686812382	3.018151e+02
2468.99798518704938	3.017984e+02
2469.99991054773227	3.017834e+02
2470.99856156170927	3.017698e+02
2472.00010733379759	3.017579e+02
2472.99822254590345	3.017476e+02
2473.99863329917798	3.017385e+02
2474.99815405534582	3.017310e+02
2476.00005594850836	3.017246e+02
2476.99817209166258	3.017187e+02
2477.99865629239775	3.017121e+02
2478.99836041636036	3.017042e+02
2480.00023966126992	3.016948e+02
2480.99803662861541	3.016835e+02
2482.00039712141552	3.016714e+02
2482.9982461498239	3.016597e+02
2483.99807190137017	3.016497e+02
2484.99958241501281	3.016417e+02
2486.00013007160533	3.016360e+02
2487.00024099135953	3.016324e+02
2487.9997162465761	3.016307e+02
2488.99883911418601	3.016304e+02
2489.99813519589907	3.016317e+02
2490.99772194033585	3.016341e+02
2491.99765629056583	3.016372e+02
2492.9980162916745	3.016412e+02
2493.99889117297562	3.016463e+02
2495.00034273794836	3.016528e+02
2495.99936673973116	3.016603e+02
2496.99905960229626	3.016689e+02
2497.9994557521095	3.016789e+02
2498.99753238008907	3.016900e+02
2499.99947729902715	3.017017e+02
2500.99919630359909	3.017139e+02
2501.99967339764999	3.017259e+02
2503.00079409065529	3.017380e+02
2503.99938634722639	3.017493e+02
2504.99840853773048	3.017598e+02
2506.00086927230268	3.017691e+02
2507.0005589385014	3.017778e+02
2508.0005466460957	3.017855e+02
2509.00073594086234	3.017924e+02
2509.99805346357516	3.017985e+02
2510.99871320600323	3.018040e+02
2511.99973411103974	3.018090e+02
2512.99809854275554	3.018137e+02
2513.99994797670161	3.018185e+02
2514.99907669717004	3.018237e+02
2515.9987003076576	3.018294e+02
2516.99887012493264	3.018355e+02
2517.99960778680634	3.018415e+02
2519.00092831216534	3.018476e+02
2519.99953051158673	3.018538e+02
2520.99836085585366	3.018601e+02
2522.00036118810021	3.018666e+02
2522.99945027961076	3.018733e+02
2523.99842825720361	3.018803e+02
2525.00015672435393	3.018878e+02
2525.99848770081462	3.018958e+02
2526.99958009738111	3.019041e+02
2528.00036314507406	3.019126e+02
2529.00074844603978	3.019206e+02
2530.00064158086252	3.019280e+02
2531.00023862287844	3.019345e+02
2531.99958838139719	3.019396e+02
2532.99853022830484	3.019432e+02
2534.00025830022696	3.019456e+02
2534.99884392441436	3.019470e+02
2536.00048399108164	3.019473e+02
2536.99905064259292	3.019469e+02
2538.0008637657611	3.019462e+02
2538.9998327799799	3.019453e+02
2539.99901032525668	3.019449e+02
2540.99851782799442	3.019449e+02
2541.99855123628504	3.019455e+02
2542.99904870387536	3.019464e+02
2543.99996914063968	3.019474e+02
2544.99832916726973	3.019484e+02
2546.00021546476637	3.019492e+02
2546.99931673698256	3.019500e+02
2547.99881992875771	3.019508e+02
2548.99862262136003	3.019512e+02
2549.99845127508843	3.019510e+02
2550.99844442773247	3.019504e+02
2551.998593112035	3.019494e+02
2552.99871533058831	3.019482e+02
2553.9989976212928	3.019471e+02
2554.99952693893238	3.019463e+02
2556.00016099880759	3.019458e+02
2557.00094128681849	3.019458e+02
2557.99895570057834	3.019466e+02
2559.00036794657717	3.019483e+02
2559.99876402940254	3.019508e+02
2561.00029048555871	3.019541e+02
2561.99881457109268	3.019582e+02
2563.00036329194745	3.019628e+02
2563.99864794126188	3.019680e+02
2564.99997951802061	3.019737e+02
2565.99806654894201	3.019798e+02
2566.99887539327392	3.019863e+02
2567.99932199801924	3.019927e+02
2568.99937951830952	3.019991e+02
2569.99888282642405	3.020054e+02
2571.00088605964902	3.020112e+02
2571.99913804690959	3.020165e+02
2572.9997520523807	3.020212e+02
2573.99973460387309	3.020253e+02
2574.9991399030705	3.020285e+02
2575.99794255559391	3.020307e+02
2576.99933542342978	3.020323e+02
2578.00034653739704	3.020335e+02
2578.99793964354012	3.020342e+02
2579.99837141146509	3.020345e+02
2580.99860515131604	3.020346e+02
2581.99865806965227	3.020345e+02
2582.99858803817642	3.020344e+02
2583.99854520136341	3.020347e+02
2584.99860877221636	3.020353e+02
2585.99886769613204	3.020361e+02
2586.99940052540296	3.020368e+02
2588.00032822619914	3.020373e+02
2588.99868937208157	3.020375e+02
2590.00067251721293	3.020376e+02
2591.00007771264291	3.020376e+02
2591.999961690899	3.020373e+02
2593.00030722982319	3.020367e+02
2593.9979344911676	3.020357e+02
2594.998875517329	3.020342e+02
2596.00005991303124	3.020322e+02
2596.99857683497385	3.020297e+02
2598.00040491428535	3.020268e+02
2598.99919503987849	3.020234e+02
2599.99832176697328	3.020197e+02
2601.00078869902381	3.020160e+02
2602.00021481696558	3.020123e+02
2602.99993773763299	3.020093e+02
2604.00000663840683	3.020070e+02
2605.00028319116655	3.020055e+02
2606.00091222106585	3.020047e+02
2606.9987735065306	3.020046e+02
2607.99980269569915	3.020051e+02
2609.00076333192055	3.020065e+02
2609.99855893318454	3.020089e+02
2610.99928448174023	3.020124e+02
2611.99980045247003	3.020170e+02
2613.00014886259714	3.020227e+02
2614.00032546469038	3.020290e+02
2615.00027960245825	3.020357e+02
2615.99994637583222	3.020424e+02
2616.99924406199898	3.020488e+02
2617.9980576806588	3.020549e+02
2618.99938925570723	3.020607e+02
2620.00006816725318	3.020656e+02
2621.00010709850994	3.020696e+02
2621.99965731460088	3.020733e+02
2622.99882609439192	3.020764e+02
2624.00065838655109	3.020789e+02
2624.99906433560773	3.020807e+02
2626.00040335024778	3.020819e+02
2626.99848679841398	3.020826e+02
2627.99942005976436	3.020830e+02
2629.00021244846221	3.020830e+02
2629.99786268051685	3.020831e+02
2630.99851703354034	3.020832e+02
2631.99915995577385	3.020835e+02
2632.99999060617347	3.020840e+02
2633.998094927073	3.020848e+02
2634.99962825516013	3.020857e+02
2635.99843288546663	3.020865e+02
2636.99773663496444	3.020872e+02
2637.99760571516163	3.020875e+02
2638.99778690327184	3.020875e+02
2639.99830057556437	3.020870e+02
2640.99930329624567	3.020859e+02
2642.00049370648321	3.020842e+02
2642.99877582441013	3.020818e+02
2643.99757536305378	3.020790e+02
2644.99979533819624	3.020757e+02
2645.99889300449559	3.020720e+02
2646.99833597070574	3.020682e+02
2647.99813330419329	3.020645e+02
2648.99797848054914	3.020607e+02
2649.99826243877351	3.020576e+02
2650.99910091956144	3.020549e+02
2652.00022928678391	3.020524e+02
2652.99867573842175	3.020503e+02
2653.9975287735524	3.020487e+02
2654.99961209333287	3.020477e+02
2655.99870525406504	3.020476e+02
2656.99799105220563	3.020489e+02
2658.00045412392728	3.020514e+02
2658.99983573578857	3.020550e+02
2659.99931554451723	3.020596e+02
2660.99878235005872	3.020647e+02
2661.99808774638359	3.020701e+02
2663.00026451472104	3.020763e+02
2663.99897693488856	3.020827e+02
2665.0002880089196	3.020885e+02
2665.99801132077073	3.020938e+02
2666.99837887208196	3.020986e+02
2667.99829893663491	3.021033e+02
2668.99783730216404	3.021073e+02
2670.00017353254998	3.021104e+02
2670.99913104654706	3.021126e+02
2671.99782579633984	3.021141e+02
2672.99942548677382	3.021152e+02
2673.99778609802115	3.021158e+02
2674.99909865687141	3.021162e+02
2676.00029638023307	3.021166e+02
2676.99830942368817	3.021170e+02
2677.99935028333084	3.021178e+02
2679.0003654772695	3.021186e+02
2679.99830579483614	3.021198e+02
2680.99939321280681	3.021208e+02
2682.00055523101764	3.021218e+02
2682.99869837807182	3.021228e+02
2684.00004568391796	3.021237e+02
2684.99851993432549	3.021247e+02
2686.00031583854297	3.021255e+02
2686.99921593488534	3.021261e+02
2687.99831397159369	3.021261e+02
2688.99762290014041	3.021255e+02
2690.00027590692935	3.021243e+02
2690.99999547597145	3.021224e+02
2691.99977746517061	3.021200e+02
2692.99981644030277	3.021170e+02
2694.00017155536761	3.021138e+02
2694.99772649186116	3.021095e+02
2695.99885377340388	3.021048e+02
2697.00046887395001	3.021001e+02
2697.9993934163017	3.020953e+02
2698.99876738618514	3.020907e+02
2699.99865489591184	3.020869e+02
2700.9990826995313	3.020839e+02
2702.0000149007069	3.020822e+02
2702.99836930913671	3.020818e+02
2704.00033308723232	3.020827e+02
2704.99946880740708	3.020848e+02
2705.99874803743933	3.020880e+02
2706.99816590584351	3.020923e+02
2707.99756580653138	3.020972e+02
2708.99990188669699	3.021025e+02
2709.99895450594067	3.021079e+02
2710.99778392072312	3.021133e+02
2711.99940795776774	3.021184e+02
2712.99763720082137	3.021235e+02
2713.99872550815689	3.021284e+02
2714.99954709951135	3.021326e+02
2716.00015619130727	3.021359e+02
2716.99752266370433	3.021386e+02
2717.99786898524098	3.021410e+02
2718.9981179681904	3.021430e+02
2719.99833251796827	3.021447e+02
2720.99851282848158	3.021462e+02
2721.99865080398149	3.021476e+02
2722.99877233849793	3.021489e+02
2723.99886266513386	3.021501e+02
2724.99886657676097	3.021515e+02
2725.99873763257528	3.021530e+02
2726.99846546551362	3.021546e+02
2727.9981010648703	3.021561e+02
2728.9976843829736	3.021576e+02
2730.00035840969122	3.021591e+02
2730.99996070567022	3.021604e+02
2731.99961359939516	3.021617e+02
2732.99934192592218	3.021625e+02
2733.99919432913339	3.021630e+02
2734.99922580758403	3.021631e+02
2735.99946555459383	3.021627e+02
2736.99992229074496	3.021617e+02
2738.00057490861263	3.021603e+02
2738.99831257485448	3.021581e+02
2739.99937935182015	3.021554e+02
2740.99754048845125	3.021521e+02
2741.99902451592243	3.021483e+02
2742.99766334834021	3.021444e+02
2743.99971227169408	3.021398e+02
2744.99897148291438	3.021348e+02
2745.99862066898504	3.021300e+02
2746.99873735936671	3.021257e+02
2747.99934858969027	3.021216e+02
2749.00049996806138	3.021180e+02
2749.99909429389663	3.021151e+02
2750.9982082681945	3.021130e+02
2751.9978040475321	3.021118e+02
2752.99786482638046	3.021117e+02
2753.99834415190799	3.021128e+02
2754.99910241042335	3.021151e+02
2755.99998668010585	3.021186e+02
2756.9977270847462	3.021230e+02
2757.99846597625265	3.021280e+02
2758.99901732126773	3.021335e+02
2759.99933732970476	3.021390e+02
2760.99934944763163	3.021443e+02
2761.99903831849861	3.021498e+02
2762.99843229781391	3.021548e+02
2763.99753766924823	3.021590e+02
2764.9995297544956	3.021625e+02
2765.99824121572101	3.021653e+02
2766.99993920934639	3.021683e+02
2767.99840236972841	3.021708e+02
2768.99990027811918	3.021730e+02
2769.99817972866913	3.021749e+02
2770.99944623232204	3.021766e+02
2772.00056690254041	3.021783e+02
2772.99841457706179	3.021798e+02
2773.99920637450896	3.021814e+02
2774.99980997238254	3.021828e+02
2776.00022643083412	3.021841e+02
2777.00047745049324	3.021854e+02
2778.00059357119881	3.021867e+02
2779.00060210025686	3.021878e+02
2780.00053056490015	3.021886e+02
2781.00040933635682	3.021889e+02
2782.00025681299303	3.021889e+02
2783.00007981718772	3.021884e+02
2783.9999094651248	3.021874e+02
2784.99978609565824	3.021860e+02
2785.99970857577682	3.021839e+02
2786.99967699975059	3.021810e+02
2787.99973639800464	3.021776e+02
2788.9998819860084	3.021734e+02
2790.00011241906213	3.021687e+02
2791.00048445079892	3.021636e+02
2791.99792296568467	3.021583e+02
2792.99870966538174	3.021528e+02
2793.99980533089456	3.021466e+02
2794.99814324459066	3.021402e+02
2795.99998008805551	3.021340e+02
2796.99910140148131	3.021282e+02
2797.99864561077948	3.021232e+02
2798.99857346735871	3.021192e+02
2799.99882604556296	3.021163e+02
2800.99935140733623	3.021146e+02
2802.00007076547126	3.021140e+02
2802.99778266680732	3.021145e+02
2803.99870001165209	3.021159e+02
2804.99964568148607	3.021179e+02
2806.00055099140627	3.021206e+02
2806.99823017126346	3.021237e+02
2807.99890079282204	3.021272e+02
2808.99938861525698	3.021310e+02
2809.99969086145347	3.021351e+02
2810.99985466412863	3.021390e+02
2811.99987339113432	3.021428e+02
2812.99973711734629	3.021464e+02
2813.99949959149126	3.021497e+02
2814.99910169612394	3.021529e+02
2815.99850798087118	3.021559e+02
2816.99775242364149	3.021585e+02
2817.99993398254901	3.021610e+02
2818.99875278360332	3.021633e+02
2820.00041913608993	3.021654e+02
2820.99868258738843	3.021675e+02
2821.99975684999572	3.021696e+02
2823.00050025327755	3.021715e+02
2823.99781988198538	3.021733e+02
2824.99797953310508	3.021750e+02
2825.99787079712632	3.021763e+02
2826.99752400357602	3.021773e+02
2828.00009517123453	3.021782e+02
2828.99937309692905	3.021787e+02
2829.99848164044533	3.021787e+02
2831.00051385396773	3.021784e+02
2831.99934374564509	3.021775e+02
2832.99815101384183	3.021761e+02
2833.99993218959071	3.021742e+02
2834.99847098656801	3.021718e+02
2836.00002786650839	3.021691e+02
2836.99842692314951	3.021659e+02
2837.99997599358403	3.021622e+02
2838.99857233503189	3.021582e+02
2840.0004832745949	3.021535e+02
2840.99948532379813	3.021484e+02
2841.99869504890466	3.021428e+02
2842.99806443157513	3.021369e+02
2843.99754858404549	3.021309e+02
2845.00028381328593	3.021251e+02
2846.00007246186897	3.021200e+02
2847.00006165629793	3.021146e+02
2848.00031450211964	3.021094e+02
2848.99775783342284	3.021048e+02
2849.99863363367194	3.021004e+02
2850.99982555372026	3.020960e+02
2851.99817937527996	3.020923e+02
2852.99987255858059	3.020891e+02
2853.99860941159932	3.020867e+02
2855.00059105707669	3.020850e+02
2855.9995370689353	3.020840e+02
2856.99855813274007	3.020837e+02
2857.99766692333287	3.020840e+02
2858.9999956206334	3.020847e+02
2859.99930785326524	3.020857e+02
2860.99873526533247	3.020868e+02
2861.99826933368786	3.020879e+02
2862.99786879663861	3.020890e+02
2864.00062357392972	3.020901e+02
2865.00026576370419	3.020913e+02
2865.9998439128517	3.020925e+02
2866.99926004866938	3.020940e+02
2867.99855292796565	3.020956e+02
2868.99766193429832	3.020974e+02
2869.99965851680554	3.020992e+02
2870.99825992603019	3.021012e+02
2871.99965536026457	3.021032e+02
2872.99755919371	3.021052e+02
2873.99818645784126	3.021072e+02
2874.99840513695381	3.021091e+02
2875.99819912794965	3.021108e+02
2876.99757544710064	3.021125e+02
2877.99967094089698	3.021139e+02
2878.99828746838648	3.021151e+02
2879.99967835713323	3.021162e+02
2880.99765908685413	3.021171e+02
2881.99848382585424	3.021178e+02
2882.99907607965861	3.021183e+02
2883.99945711702321	3.021185e+02
2884.99956041807172	3.021186e+02
2885.99953928932428	3.021185e+02
2886.99940162959319	3.021180e+02
2887.99910088683737	3.021170e+02
2888.99866296788377	3.021157e+02
2889.99812889266923	3.021137e+02
2890.99754712771346	3.021113e+02
2892.00007764612064	3.021083e+02
2892.99957142305402	3.021049e+02
2893.99917356502283	3.021010e+02
2894.99891113235526	3.020966e+02
2895.99881272031462	3.020919e+02
2896.99890228911363	3.020868e+02
2897.99919440826079	3.020815e+02
2898.99969898907921	3.020759e+02
2900.00042538156822	3.020700e+02
2900.99827257065681	3.020640e+02
2901.99944926494891	3.020579e+02
2902.99772888530606	3.020519e+02
2903.99933826368306	3.020459e+02
2904.99804350447357	3.020399e+02
2906.00005878848015	3.020341e+02
2906.99916950012766	3.020285e+02
2907.99849670960748	3.020231e+02
2908.99806431657908	3.020179e+02
2909.99791295359046	3.020129e+02
2910.99807359191254	3.020082e+02
2911.99857211342396	3.020038e+02
2912.99942276642787	3.019997e+02
2914.00062368954741	3.019958e+02
2914.99903405660643	3.019923e+02
2915.99774740466	3.019892e+02
2916.99984136788544	3.019866e+02
2917.99902520207797	3.019844e+02
2918.99836946620962	3.019828e+02
2919.99782958261767	3.019816e+02
2921.00049845586864	3.019810e+02
2921.99997040520066	3.019810e+02
2922.99937649817048	3.019814e+02
2923.99866305935166	3.019822e+02
2924.99777637816533	3.019833e+02
2925.99978712385882	3.019848e+02
2926.99841892929589	3.019866e+02
2927.99989034549253	3.019887e+02
2928.99793172498221	3.019911e+02
2929.99874946110549	3.019937e+02
2930.99920424626862	3.019965e+02
2931.99927517524247	3.019993e+02
2932.99893598591143	3.020022e+02
2933.99816092099627	3.020051e+02
2935.00004464529275	3.020079e+02
2935.99834124196968	3.020107e+02
2936.99924771074438	3.020133e+02
2937.99964680275434	3.020158e+02
2938.99955002328579	3.020181e+02
2939.99898475730561	3.020201e+02
2940.99799142477559	3.020218e+02
2941.99969899304142	3.020233e+02
2942.99789763447097	3.020245e+02
2943.99900723070186	3.020252e+02
2944.99986880195729	3.020255e+02
2946.00050428817485	3.020254e+02
2946.99785858360246	3.020250e+02
2947.99816832813258	3.020241e+02
2948.99840250985471	3.020224e+02
2949.99862809933074	3.020201e+02
