# Region type : patch node2U_4_Outlet_0
#   Faces  : 148
#   Area   : 1.734596e-02
#        Time	areaAverage(T)
     0.999427	3.001500e+02
      2.00049	3.001500e+02
      3.00031	3.001495e+02
      3.99974	3.001494e+02
     4.999837	3.001498e+02
      6.00101	3.001499e+02
     7.000448	3.001500e+02
     8.000372	3.001500e+02
     9.000012	3.001500e+02
   10.0011397	3.001499e+02
   11.0005124	3.001813e+02
   12.0006243	3.002126e+02
    13.001107	3.002438e+02
   13.9997402	3.002748e+02
  14.99964955	3.003058e+02
  15.99955708	3.003366e+02
  17.00134405	3.003673e+02
  18.00000337	3.003978e+02
  19.00006167	3.004282e+02
 20.001505108	3.004586e+02
 20.999254464	3.004887e+02
  22.00150266	3.005189e+02
 23.001714829	3.005489e+02
 23.999634984	3.005787e+02
25.00095516804	3.006084e+02
25.9996836352	3.006380e+02
26.99932842931	3.006676e+02
28.00029166142	3.006970e+02
28.99937441246	3.007263e+02
30.002134441893	3.007556e+02
31.002014765417	3.007847e+02
32.001552166551	3.008136e+02
33.000560257147	3.008424e+02
33.999249928093	3.008710e+02
35.00108530523362	3.008997e+02
36.00057592118466	3.009282e+02
37.00120630448001	3.009569e+02
38.00022932106895	3.009856e+02
39.00052258115672	3.010144e+02
40.0012943804983152	3.010433e+02
41.0019879837090926	3.010722e+02
41.9992708912271695	3.011010e+02
43.0021545135227328	3.011300e+02
44.0019391598090266	3.011588e+02
44.9992995861729526	3.011874e+02
46.0009844670853099	3.012160e+02
47.0014489491798813	3.012445e+02
48.0008801364990703	3.012728e+02
48.9995304912996801	3.013010e+02
50.0001794237682375	3.013291e+02
50.9993551299025256	3.013571e+02
51.9998205148969248	3.013849e+02
53.0015311001695864	3.014127e+02
54.0013696283965601	3.014403e+02
54.9993238877661597	3.014678e+02
56.0015339065886479	3.014953e+02
57.0018205760141825	3.015227e+02
58.000096433294182	3.015500e+02
58.9991359299691496	3.015773e+02
60.0016627635771727	3.016046e+02
61.0010778941215932	3.016319e+02
62.0000130700834902	3.016591e+02
63.0010986270090001	3.016863e+02
64.0009690790207202	3.017135e+02
64.9994918949116851	3.017407e+02
65.9998560646141783	3.017678e+02
66.9992477683962306	3.017950e+02
68.0009249354785794	3.018221e+02
69.0019475640447695	3.018492e+02
69.9993513960609874	3.018762e+02
70.9993591323269015	3.019032e+02
72.0020465187059102	3.019303e+02
73.0013581031466714	3.019571e+02
74.000423255190384	3.019840e+02
74.9993458644687365	3.020107e+02
76.0013508435945511	3.020375e+02
77.0005510755528491	3.020642e+02
78.0000113736252843	3.020909e+02
78.9992549610128236	3.021174e+02
80.0009720943383229	3.021440e+02
81.0020589541296232	3.021706e+02
81.9992454193614009	3.021970e+02
83.0014611672898184	3.022235e+02
83.9993628440124525	3.022498e+02
85.0020431376517678	3.022762e+02
86.000333987758637	3.023024e+02
87.0003695380874404	3.023286e+02
88.0020658759812022	3.023548e+02
88.9993795452335519	3.023809e+02
90.0015696379174557	3.024070e+02
90.9997903684166971	3.024330e+02
92.0003898830139377	3.024589e+02
93.0006194266289867	3.024848e+02
94.0007057145538596	3.025107e+02
95.0007997335581251	3.025365e+02
96.0009686444809773	3.025623e+02
97.0012373806239623	3.025880e+02
98.0016053172324462	3.026137e+02
99.0020344570527584	3.026394e+02
99.9994552294174497	3.026649e+02
100.999851234731452	3.026905e+02
102.000136850138333	3.027160e+02
103.000241500016131	3.027415e+02
104.000073061910427	3.027669e+02
104.999552930719901	3.027922e+02
106.001633206025147	3.028176e+02
107.000192996165325	3.028428e+02
108.001260471577879	3.028681e+02
109.001819915586253	3.028933e+02
110.001932009313407	3.029184e+02
111.001635624775176	3.029435e+02
112.000980310532839	3.029685e+02
113.000018915714335	3.029934e+02
114.001807672044521	3.030184e+02
115.000361508444968	3.030433e+02
116.001781982353393	3.030681e+02
117.000048097326257	3.030929e+02
118.00122264940498	3.031176e+02
118.999382617868164	3.031423e+02
120.000616562993542	3.031670e+02
121.002007225989203	3.031916e+02
122.000661640430124	3.032162e+02
122.999734831133267	3.032407e+02
123.99952262735836	3.032652e+02
125.000333848736219	3.032896e+02
125.999642959708595	3.033140e+02
127.000956414914896	3.033384e+02
128.001293686371213	3.033627e+02
129.000700621259568	3.033870e+02
130.002135701572797	3.034112e+02
130.999533849213833	3.034353e+02
131.999244240588723	3.034595e+02
133.001101245812436	3.034836e+02
134.0020971077968	3.035076e+02
135.002075643628388	3.035316e+02
136.000848975566782	3.035555e+02
137.001309026256649	3.035794e+02
138.000254544982795	3.036032e+02
139.000649575250975	3.036270e+02
139.999224934568531	3.036507e+02
141.002036637829093	3.036745e+02
141.999654446908238	3.036980e+02
143.001271960468813	3.037216e+02
144.000548532269903	3.037451e+02
145.00044839448563	3.037685e+02
146.000849050599697	3.037918e+02
147.001677167223932	3.038150e+02
147.99975047252525	3.038380e+02
149.001369451029944	3.038610e+02
150.000282434108982	3.038838e+02
150.999551328031998	3.039065e+02
151.999184896249147	3.039290e+02
152.999208185270845	3.039515e+02
153.999585696359787	3.039738e+02
155.00029833082661	3.039960e+02
156.001343237128225	3.040181e+02
156.999457705577299	3.040399e+02
158.000686168546764	3.040618e+02
159.001776087131674	3.040834e+02
159.999561059721657	3.041048e+02
161.000550527382018	3.041262e+02
162.001972559951867	3.041474e+02
163.000888609676053	3.041684e+02
164.000316687785954	3.041893e+02
165.000096140130211	3.042101e+02
166.000088612179667	3.042308e+02
167.000061340522421	3.042515e+02
167.999782828424799	3.042720e+02
168.999172341489157	3.042925e+02
170.001230534148533	3.043128e+02
170.999544804163264	3.043330e+02
172.00045496321485	3.043530e+02
173.000757901779707	3.043729e+02
174.000444045117518	3.043926e+02
174.999760596408947	3.044122e+02
176.002157779350711	3.044317e+02
177.001661582702695	3.044511e+02
178.001628294344187	3.044704e+02
178.999162606507298	3.044895e+02
180.000503473761029	3.045085e+02
180.999207866690625	3.045275e+02
182.001208593017452	3.045464e+02
183.000047488950003	3.045651e+02
184.001808139786192	3.045838e+02
184.999937399233318	3.046024e+02
186.000595667805044	3.046209e+02
187.000530755139152	3.046393e+02
187.999425330199387	3.046577e+02
189.000062339945401	3.046760e+02
189.999357851741564	3.046943e+02
191.001057008974414	3.047125e+02
191.999795576908383	3.047308e+02
193.002046035564831	3.047491e+02
194.001168212745995	3.047673e+02
195.000232847940111	3.047855e+02
195.99953641592225	3.048037e+02
196.999439237675062	3.048219e+02
197.999269378639354	3.048400e+02
199.000650340503455	3.048583e+02
200.000842022656059	3.048765e+02
201.00119110761409	3.048947e+02
202.001134602567248	3.049130e+02
202.999417775043128	3.049312e+02
204.000827370954454	3.049495e+02
205.000559713225243	3.049678e+02
206.000502514791634	3.049861e+02
207.00011763453864	3.050044e+02
207.999195525308778	3.050225e+02
209.000671541921633	3.050407e+02
210.001817201873507	3.050588e+02
211.0002458890323	3.050767e+02
211.999364130299796	3.050946e+02
213.001839980993253	3.051124e+02
214.000870215088923	3.051301e+02
215.002023773923156	3.051478e+02
216.001504856122665	3.051652e+02
217.002189670235424	3.051826e+02
218.001143521538211	3.051998e+02
219.001212277794565	3.052169e+02
219.999323567592427	3.052338e+02
221.002031393932299	3.052505e+02
222.000217558785977	3.052671e+02
222.99997324448853	3.052835e+02
224.001867206834618	3.052998e+02
225.000375206176443	3.053160e+02
226.00200082573221	3.053320e+02
227.000972114187221	3.053479e+02
228.000539892764351	3.053638e+02
229.000893584517286	3.053796e+02
229.999159920018428	3.053953e+02
231.001639840260879	3.054111e+02
231.999283063040082	3.054269e+02
233.00130211069677	3.054427e+02
234.001698960598503	3.054585e+02
235.000597990278322	3.054742e+02
236.001193587127887	3.054901e+02
237.000556169397072	3.055059e+02
238.001863471893813	3.055217e+02
239.002111919382003	3.055375e+02
240.001418570662111	3.055533e+02
240.999928434963607	3.055690e+02
242.000753346005581	3.055848e+02
243.000790839895984	3.056005e+02
244.000120610590187	3.056161e+02
245.0016559814066	3.056317e+02
246.000482859716641	3.056472e+02
246.99990715638009	3.056626e+02
247.999403010268622	3.056780e+02
249.001563930534189	3.056933e+02
249.99991638000995	3.057085e+02
251.00124377511591	3.057237e+02
252.000612908785769	3.057388e+02
253.001586776589619	3.057538e+02
254.001036030762123	3.057688e+02
254.999975551401036	3.057836e+02
256.000901604547437	3.057984e+02
257.000429744924418	3.058131e+02
258.001671223638084	3.058277e+02
259.001589548794925	3.058421e+02
260.000266655218695	3.058564e+02
261.000969535167712	3.058705e+02
262.000494430921947	3.058846e+02
263.002051357954429	3.058985e+02
263.999663054152222	3.059123e+02
264.999816340629877	3.059262e+02
265.999646482167861	3.059399e+02
266.999122460407477	3.059536e+02
268.001488989346399	3.059674e+02
269.000493605175279	3.059810e+02
270.001990224823089	3.059946e+02
270.999337872084311	3.060080e+02
272.001339823267472	3.060215e+02
273.001474013986467	3.060348e+02
273.999720630411105	3.060480e+02
274.999301622459257	3.060611e+02
276.00038858779908	3.060741e+02
277.000037429810845	3.060870e+02
277.99913815271151	3.060998e+02
279.001896234752223	3.061126e+02
279.999861762659407	3.061252e+02
280.999488359605721	3.061377e+02
282.000390167863145	3.061502e+02
283.001987050804189	3.061627e+02
284.000403045574728	3.061750e+02
285.001459538132849	3.061874e+02
286.001911629869539	3.061997e+02
287.001710184502201	3.062119e+02
288.000877315806576	3.062241e+02
288.999535921458005	3.062363e+02
290.000849147452925	3.062485e+02
291.001784583192489	3.062606e+02
291.999470265078116	3.062727e+02
293.000350726228248	3.062847e+02
294.001453998386921	3.062967e+02
294.99966250983897	3.063086e+02
296.001136649546311	3.063204e+02
296.999687551871489	3.063322e+02
298.001247068601629	3.063439e+02
298.999548585051969	3.063555e+02
300.000750059626967	3.063671e+02
301.001680673730334	3.063786e+02
301.999163971664927	3.063900e+02
302.999367282612582	3.064014e+02
303.999165754537898	3.064127e+02
305.001521887055901	3.064240e+02
306.000375119051853	3.064353e+02
307.001951876416115	3.064465e+02
308.000142042528466	3.064577e+02
309.001212895246681	3.064688e+02
309.999178614301854	3.064799e+02
311.000144539620237	3.064909e+02
312.001033491892031	3.065020e+02
313.001930242594824	3.065130e+02
313.999795573081769	3.065239e+02
315.000737111554429	3.065349e+02
316.001795102997278	3.065458e+02
317.00001860641413	3.065567e+02
318.001569055336915	3.065676e+02
319.000370431756608	3.065784e+02
319.999538897728996	3.065892e+02
321.002128177021007	3.066000e+02
322.001976849831294	3.066108e+02
323.002194787671499	3.066216e+02
323.999791101614449	3.066323e+02
325.000926405668565	3.066431e+02
325.999464392117318	3.066538e+02
327.001583740419449	3.066646e+02
328.001120124628414	3.066753e+02
329.001056924662748	3.066860e+02
330.001316807607054	3.066967e+02
331.001922953082271	3.067075e+02
331.999820607277798	3.067182e+02
333.001108668105701	3.067289e+02
333.999592450065279	3.067397e+02
335.001430012474145	3.067504e+02
336.000445902539866	3.067612e+02
336.999658818477883	3.067719e+02
338.002156064041969	3.067827e+02
339.001851563835544	3.067935e+02
340.001899743984723	3.068042e+02
340.999156465230499	3.068149e+02
341.999853923984119	3.068257e+02
343.000704997008711	3.068364e+02
344.001376858938784	3.068471e+02
345.00203887706607	3.068578e+02
345.999955215504826	3.068684e+02
347.000522663162087	3.068790e+02
348.000200029152836	3.068896e+02
349.000522755694988	3.069002e+02
350.001253613143035	3.069107e+02
351.000624273237918	3.069212e+02
351.999435802063715	3.069317e+02
353.002196744729815	3.069421e+02
354.001070048515999	3.069525e+02
355.001641036799754	3.069629e+02
355.999599629701663	3.069733e+02
357.000540487227624	3.069836e+02
358.000075444862205	3.069938e+02
358.999302800154226	3.070041e+02
360.001709987803054	3.070143e+02
361.000074298292702	3.070244e+02
362.000859290272558	3.070345e+02
363.001622746756937	3.070446e+02
364.001832563596452	3.070546e+02
365.001535463384243	3.070646e+02
366.00131467837474	3.070745e+02
367.00110538924082	3.070844e+02
368.000736030787152	3.070943e+02
369.000275218586978	3.071041e+02
369.999824276884169	3.071139e+02
370.999426774194205	3.071237e+02
372.002080612393968	3.071334e+02
373.001588932385062	3.071432e+02
374.001081446833666	3.071529e+02
375.000626116571937	3.071625e+02
376.000218547876443	3.071722e+02
376.999910591726973	3.071818e+02
377.999797780145002	3.071914e+02
378.999906813743962	3.072010e+02
380.000244808336674	3.072106e+02
381.000865619572778	3.072201e+02
382.001806304484546	3.072297e+02
382.999946272056377	3.072392e+02
384.001355606036498	3.072487e+02
384.99985631053687	3.072581e+02
386.0015402976166	3.072676e+02
387.000162701931743	3.072770e+02
388.001801501548812	3.072865e+02
389.000300444038373	3.072958e+02
390.001742707954349	3.073052e+02
390.99990443699852	3.073146e+02
392.000936197689441	3.073239e+02
393.00177492471073	3.073332e+02
393.999328852185783	3.073425e+02
394.999780108992752	3.073517e+02
396.000134804692266	3.073610e+02
397.00042004616688	3.073702e+02
398.000667031307955	3.073794e+02
399.000931769728538	3.073886e+02
400.001227470614424	3.073978e+02
401.001544797640236	3.074069e+02
402.001902596511854	3.074161e+02
402.999246021227464	3.074252e+02
403.999704245461601	3.074343e+02
405.000213976000339	3.074433e+02
406.000785726507388	3.074524e+02
407.001408508531085	3.074614e+02
408.002071314539194	3.074705e+02
408.999708595374841	3.074795e+02
410.000459919667492	3.074884e+02
411.001252828558734	3.074974e+02
412.002098628850092	3.075064e+02
412.999937502784405	3.075153e+02
414.000908309496879	3.075242e+02
415.001942485681127	3.075331e+02
415.999966713914432	3.075419e+02
417.001110452812043	3.075508e+02
417.999223947442431	3.075596e+02
419.000449839982025	3.075684e+02
420.001714127287812	3.075772e+02
420.999943618431587	3.075860e+02
422.001290078822194	3.075948e+02
422.999615985253001	3.076035e+02
424.001060314288623	3.076123e+02
424.999478222599919	3.076210e+02
426.001017745420938	3.076297e+02
426.999530720086625	3.076384e+02
428.001152874177365	3.076471e+02
428.999734515582077	3.076557e+02
430.001408625449528	3.076643e+02
431.000010340225799	3.076730e+02
432.001667839199797	3.076816e+02
433.000221815074497	3.076901e+02
434.001804251808949	3.076987e+02
435.000261415516377	3.077072e+02
436.001731095603191	3.077157e+02
437.000062707295285	3.077242e+02
438.001391866866186	3.077327e+02
438.999570770102707	3.077411e+02
440.000737846380048	3.077496e+02
441.00182111589163	3.077580e+02
441.999771361342766	3.077663e+02
443.000763413799177	3.077747e+02
444.001696459830953	3.077831e+02
444.999500435886944	3.077914e+02
446.00032752414711	3.077997e+02
447.001117645498596	3.078080e+02
448.001883226712721	3.078162e+02
448.999571098762033	3.078245e+02
450.00033578121878	3.078327e+02
451.00111711588346	3.078409e+02
452.001919501336943	3.078491e+02
452.999672442533097	3.078572e+02
454.000509144188925	3.078654e+02
455.001349657630726	3.078735e+02
456.002184940512961	3.078816e+02
456.999938224470498	3.078897e+02
458.000744652436538	3.078977e+02
459.001531729330225	3.079058e+02
459.999229727689283	3.079138e+02
460.999980922561065	3.079218e+02
462.000721221335311	3.079297e+02
463.001457879234579	3.079377e+02
464.002198438059679	3.079456e+02
464.999883907378376	3.079535e+02
466.000675712563577	3.079614e+02
467.001515884230287	3.079693e+02
467.999330505639648	3.079772e+02
469.000266807748972	3.079850e+02
470.001261089356149	3.079929e+02
470.999245163364833	3.080007e+02
472.000360361590424	3.080085e+02
473.001534471459308	3.080163e+02
473.99969086704948	3.080240e+02
475.000964073942441	3.080318e+02
475.999201404603866	3.080395e+02
477.000533716233122	3.080472e+02
478.001873839315238	3.080549e+02
479.000134933457161	3.080626e+02
480.001446950719014	3.080702e+02
480.999654544415421	3.080778e+02
482.00089220139256	3.080855e+02
483.002083364948987	3.080931e+02
484.000154946090731	3.081006e+02
485.001249816296991	3.081082e+02
485.999230737996697	3.081157e+02
487.00024615858581	3.081232e+02
488.001234027089424	3.081307e+02
488.999135972829379	3.081381e+02
490.000107037485407	3.081456e+02
491.001090819159572	3.081531e+02
492.002101665974578	3.081605e+02
493.00008301340813	3.081679e+02
494.001188349803726	3.081753e+02
494.999284798957547	3.081827e+02
496.000521798226259	3.081901e+02
497.001832923759764	3.081974e+02
498.000146640750472	3.082047e+02
499.001605196865512	3.082121e+02
500.000061963698101	3.082194e+02
501.001655800322453	3.082267e+02
502.000234992100616	3.082340e+02
503.001937609868378	3.082412e+02
504.000610741995047	3.082485e+02
504.999319615887543	3.082557e+02
506.001131858100678	3.082629e+02
506.999897443339478	3.082701e+02
508.001760645684897	3.082773e+02
509.00057494393468	3.082845e+02
509.999413898640967	3.082916e+02
511.001351703648083	3.082988e+02
512.000243591651156	3.083059e+02
512.999166595937822	3.083130e+02
514.001198888276008	3.083201e+02
515.000197471901288	3.083272e+02
515.999240191230342	3.083342e+02
517.001404900109492	3.083413e+02
518.000546014341694	3.083483e+02
518.9997392945819	3.083553e+02
520.002060063838258	3.083624e+02
521.001358525883006	3.083693e+02
522.000709177407316	3.083763e+02
523.000105090532884	3.083833e+02
523.999529934207544	3.083902e+02
525.002084781041731	3.083971e+02
526.001622665853461	3.084041e+02
527.001171985616338	3.084109e+02
528.000721685101212	3.084178e+02
529.000262130536157	3.084247e+02
529.999796097172407	3.084315e+02
530.999318975361916	3.084383e+02
532.001899480313568	3.084451e+02
533.001399512774583	3.084519e+02
534.000900020699419	3.084587e+02
535.000404316961408	3.084654e+02
535.999921060856764	3.084722e+02
536.999458418444192	3.084789e+02
538.002103412542056	3.084856e+02
539.001714787084325	3.084923e+02
540.001366371732502	3.084990e+02
541.001061457090373	3.085056e+02
542.000809750296298	3.085123e+02
543.000609536481306	3.085189e+02
544.000457062784562	3.085255e+02
545.000356160035494	3.085321e+02
546.000305324828219	3.085387e+02
547.000296519477502	3.085453e+02
548.00032856348605	3.085518e+02
549.00039992437064	3.085584e+02
550.00050195823269	3.085649e+02
551.000628867013802	3.085714e+02
552.000778619984771	3.085779e+02
553.000945071355659	3.085843e+02
554.001124319738892	3.085908e+02
555.001316586008329	3.085972e+02
556.001519320644888	3.086036e+02
557.001731672484084	3.086100e+02
558.001954675918114	3.086164e+02
559.002190567552361	3.086228e+02
559.999362884992479	3.086291e+02
560.999630826612474	3.086355e+02
561.999920830554856	3.086418e+02
563.000235633839111	3.086481e+02
564.000576550278424	3.086544e+02
565.000944078801922	3.086606e+02
566.001337432372793	3.086669e+02
567.001755222184784	3.086731e+02
568.002196495543558	3.086793e+02
568.999580920182666	3.086855e+02
570.000062861669335	3.086917e+02
571.000563368208532	3.086979e+02
572.001080476734842	3.087040e+02
573.001612390215314	3.087102e+02
574.002157901395321	3.087163e+02
574.999637739490481	3.087224e+02
576.000208103055229	3.087284e+02
577.000790376419445	3.087345e+02
578.00138554894454	3.087406e+02
579.001995962862566	3.087466e+02
579.999544495687815	3.087526e+02
581.000190636220964	3.087586e+02
582.000857445269162	3.087646e+02
583.001547127940512	3.087706e+02
583.999183521675604	3.087765e+02
584.999926948589632	3.087824e+02
586.000700489218843	3.087884e+02
587.001506598911533	3.087943e+02
587.99926799382547	3.088002e+02
589.000145409217112	3.088060e+02
590.001061787678282	3.088119e+02
591.002019298079972	3.088178e+02
591.999939170705602	3.088236e+02
593.000983032244562	3.088294e+02
594.002072942547557	3.088352e+02
595.000129737546672	3.088410e+02
596.001316151765764	3.088468e+02
596.999472665188705	3.088525e+02
598.000761925122447	3.088583e+02
599.002104637616185	3.088640e+02
600.000419838153448	3.088697e+02
601.001870748756801	3.088754e+02
602.000295198039908	3.088811e+02
603.001856482751009	3.088868e+02
604.000391285519527	3.088924e+02
605.002064012870051	3.088981e+02
606.000709777146653	3.089037e+02
606.999409940374107	3.089093e+02
608.001245875481345	3.089149e+02
609.000049676068443	3.089205e+02
610.001977780122729	3.089261e+02
611.000845954300644	3.089316e+02
611.99973879132358	3.089372e+02
613.0017381606973	3.089427e+02
614.000676823116464	3.089482e+02
614.999639012873558	3.089537e+02
616.001711923290941	3.089592e+02
617.000734056203328	3.089647e+02
617.999790448542399	3.089701e+02
619.001965576661064	3.089756e+02
620.001094966328083	3.089810e+02
621.000264110250328	3.089865e+02
621.999473763055789	3.089919e+02
623.001807770423625	3.089973e+02
624.001097977880477	3.090027e+02
625.000428471307941	3.090081e+02
625.99979888765597	3.090134e+02
626.999206816023047	3.090188e+02
628.001734472853627	3.090242e+02
629.001210015546008	3.090295e+02
630.000717516821396	3.090348e+02
631.000256078500001	3.090401e+02
631.999825123270284	3.090454e+02
632.999426658020411	3.090507e+02
634.00214914754838	3.090560e+02
635.00182383606159	3.090612e+02
636.00153826904284	3.090665e+02
637.001295668469538	3.090717e+02
638.001098441052591	3.090769e+02
639.000949078242797	3.090821e+02
640.000852172062196	3.090873e+02
641.000811977679632	3.090925e+02
642.000826046606221	3.090976e+02
643.00088421093858	3.091028e+02
644.000987198982557	3.091079e+02
645.001135073950991	3.091130e+02
646.001327198662466	3.091181e+02
647.001564001378711	3.091232e+02
648.001846248315132	3.091283e+02
649.002175559720968	3.091334e+02
649.999466234982947	3.091384e+02
650.999894350096497	3.091434e+02
652.000373217148535	3.091484e+02
653.000902076524198	3.091534e+02
654.00147562295092	3.091584e+02
655.002088305455345	3.091634e+02
655.999648575967171	3.091683e+02
657.000332758057425	3.091733e+02
658.0010501714155	3.091782e+02
659.001800652544148	3.091831e+02
659.99949457924231	3.091880e+02
661.00031023942654	3.091928e+02
662.001159454296953	3.091977e+02
663.002044136727022	3.092025e+02
663.999875970023027	3.092074e+02
665.000834738074445	3.092122e+02
666.001832272214756	3.092170e+02
666.999780480688059	3.092218e+02
668.00086067640018	3.092265e+02
669.0019849067927	3.092313e+02
670.000066609870373	3.092360e+02
671.001289291633157	3.092407e+02
671.999475757621894	3.092454e+02
673.000807624938147	3.092501e+02
674.00218933117651	3.092548e+02
675.000530347012273	3.092595e+02
676.00201286504398	3.092641e+02
677.000455554626456	3.092688e+02
678.00203940307631	3.092734e+02
679.000578665894523	3.092780e+02
679.999162369956139	3.092826e+02
681.000880745148152	3.092871e+02
681.99954849522635	3.092917e+02
683.001348837939759	3.092962e+02
684.000098695633596	3.093008e+02
685.001982198614996	3.093053e+02
686.000816954055722	3.093098e+02
686.999697858463037	3.093142e+02
688.00171817598391	3.093187e+02
689.000696449352063	3.093232e+02
689.999727806012288	3.093276e+02
691.001907207350882	3.093320e+02
692.001049376099786	3.093364e+02
693.000249775258794	3.093408e+02
693.999509619646233	3.093452e+02
695.001924732240695	3.093496e+02
696.001309593331143	3.093539e+02
697.000760008039492	3.093583e+02
698.000278654198837	3.093626e+02
698.999867765049999	3.093669e+02
699.999528647373381	3.093712e+02
700.999261851223423	3.093755e+02
702.002166662328364	3.093798e+02
703.002048461605796	3.093841e+02
704.002016020040287	3.093883e+02
705.002067926577752	3.093925e+02
706.00220676286699	3.093968e+02
706.999339558774523	3.094010e+02
707.999660490636643	3.094052e+02
709.000074117678878	3.094094e+02
710.000580381524742	3.094136e+02
711.001179537292728	3.094177e+02
712.001873981621088	3.094219e+02
712.999567203269407	3.094260e+02
714.00045794582627	3.094302e+02
715.001450105897447	3.094343e+02
715.999448579511522	3.094384e+02
717.000655854154957	3.094425e+02
718.0019742138428	3.094466e+02
719.000305392174141	3.094506e+02
720.001852983587924	3.094547e+02
721.000416218402506	3.094588e+02
722.002200570993409	3.094628e+02
723.001008981241284	3.094669e+02
723.999950655311068	3.094709e+02
725.002133639869839	3.094749e+02
726.001353102790858	3.094789e+02
727.00071608947178	3.094829e+02
728.00022038558518	3.094869e+02
728.999871265919523	3.094909e+02
729.999674178006103	3.094948e+02
730.999624470423214	3.094988e+02
731.999723814716162	3.095027e+02
732.999981920546702	3.095067e+02
734.000399350975727	3.095106e+02
735.000982023089364	3.095145e+02
736.001751885511112	3.095185e+02
736.999619236443891	3.095224e+02
738.000802725583412	3.095263e+02
739.002187912777913	3.095302e+02
740.000664238488525	3.095340e+02
740.999335135875413	3.095379e+02
742.001306272409806	3.095418e+02
743.00035018367214	3.095456e+02
743.99957864434225	3.095495e+02
745.00209378730176	3.095533e+02
746.001656578055645	3.095571e+02
747.001380774958648	3.095610e+02
748.00126859852594	3.095648e+02
749.001303812227547	3.095686e+02
750.001478226125414	3.095724e+02
751.001804049645898	3.095762e+02
751.999170492685494	3.095800e+02
752.999809978551639	3.095838e+02
754.000617256708324	3.095875e+02
755.00160456231481	3.095913e+02
755.9996414509244	3.095951e+02
757.000951254417714	3.095988e+02
757.999294888358463	3.096025e+02
759.000917716026038	3.096063e+02
759.999566380384408	3.096100e+02
761.001471295675515	3.096137e+02
762.000398866962996	3.096174e+02
762.999480786557797	3.096211e+02
764.001828470308624	3.096249e+02
765.001191457607433	3.096285e+02
766.000702680357449	3.096322e+02
767.000354804227186	3.096359e+02
768.000129205270241	3.096395e+02
769.000031120643371	3.096432e+02
770.000070989382039	3.096468e+02
771.000232985301295	3.096505e+02
772.000507517313849	3.096541e+02
773.00091097560221	3.096579e+02
774.001447959901384	3.096615e+02
774.998969051475342	3.096651e+02
775.999733179126224	3.096687e+02
777.000628535097917	3.096723e+02
777.998511779941055	3.096758e+02
778.999625465291729	3.096794e+02
780.000852992181535	3.096830e+02
780.999067502251023	3.096865e+02
782.000501651750483	3.096900e+02
782.998890402950906	3.096935e+02
784.000510709332616	3.096971e+02
784.999095951145591	3.097006e+02
786.000885146906739	3.097041e+02
786.999626701129273	3.097075e+02
788.001601758150173	3.097110e+02
789.000530123687213	3.097144e+02
789.999530848230279	3.097179e+02
790.99862715721315	3.097213e+02
792.000951261299747	3.097247e+02
793.000211673519857	3.097281e+02
793.999551064803086	3.097315e+02
794.998993047389376	3.097349e+02
795.998539242270454	3.097383e+02
797.00121385970408	3.097416e+02
798.00083212691186	3.097450e+02
799.000522314330169	3.097483e+02
800.000250605756605	3.097516e+02
801.000017169912667	3.097549e+02
801.999842073571358	3.097582e+02
802.999706484609419	3.097614e+02
803.999582733291618	3.097647e+02
804.999482047756146	3.097679e+02
805.999415658781686	3.097711e+02
806.999351759117303	3.097743e+02
807.999274949151413	3.097775e+02
808.999208724711366	3.097806e+02
809.99914808867095	3.097838e+02
810.999056193766251	3.097869e+02
811.998932488494233	3.097900e+02
812.998803996338438	3.097931e+02
813.998654002002354	3.097962e+02
815.001579920991389	3.097993e+02
816.00133257523828	3.098023e+02
817.001074908216992	3.098053e+02
818.000771926080461	3.098083e+02
819.000393426636151	3.098113e+02
819.999981202322829	3.098143e+02
820.999550655257735	3.098172e+02
821.99903903299446	3.098202e+02
823.001566279714211	3.098231e+02
824.000924564271259	3.098260e+02
825.000221582081508	3.098289e+02
825.999382328954994	3.098317e+02
827.001587692406019	3.098346e+02
828.000627895948355	3.098374e+02
828.999551449502519	3.098402e+02
830.001467451544841	3.098430e+02
831.00021531107916	3.098458e+02
831.998895971035608	3.098485e+02
833.00053533753794	3.098513e+02
833.998955071971295	3.098540e+02
835.00047699596098	3.098567e+02
835.998715522652674	3.098594e+02
836.999930671296283	3.098621e+02
838.001123477570104	3.098648e+02
838.999081881752318	3.098674e+02
839.999970080385197	3.098701e+02
841.000794857779169	3.098727e+02
842.001560905365864	3.098753e+02
842.999001408825166	3.098779e+02
843.999452529910513	3.098804e+02
844.999872326116702	3.098830e+02
846.00012386627759	3.098855e+02
847.000222763155534	3.098881e+02
848.000292433634058	3.098906e+02
849.000242785677756	3.098931e+02
850.00002896157423	3.098956e+02
850.999761643604757	3.098980e+02
851.999393702273892	3.099005e+02
852.998859638489989	3.099029e+02
854.001360649677281	3.099053e+02
855.000657095778593	3.099078e+02
855.999813643532775	3.099102e+02
856.998873063266615	3.099125e+02
858.000986364875075	3.099149e+02
858.999868720381755	3.099173e+02
859.998649532608965	3.099196e+02
861.000471721768236	3.099219e+02
861.999066316743551	3.099242e+02
863.00067494956329	3.099265e+02
863.999087793853846	3.099288e+02
865.000544472149613	3.099311e+02
865.998803714020937	3.099334e+02
867.000122603809928	3.099356e+02
868.001384262134707	3.099379e+02
868.999472388112508	3.099401e+02
870.000643261292907	3.099423e+02
870.998667684868224	3.099445e+02
871.999782446837344	3.099467e+02
873.000874958462532	3.099489e+02
873.998827776105145	3.099510e+02
874.999872922336863	3.099532e+02
876.000892789683121	3.099553e+02
876.998770256755165	3.099575e+02
877.999739486612611	3.099596e+02
879.000683825170086	3.099617e+02
880.001608363271998	3.099638e+02
880.999396520939513	3.099659e+02
882.000287412664647	3.099680e+02
883.001169270520791	3.099700e+02
883.998928084996123	3.099721e+02
884.999805708670237	3.099741e+02
886.000690875077112	3.099762e+02
887.001587333905491	3.099782e+02
887.999378046442303	3.099802e+02
889.000298849841215	3.099822e+02
890.001227169192589	3.099842e+02
890.999038491454712	3.099861e+02
891.999963323031352	3.099881e+02
893.000877356106457	3.099900e+02
893.998656425749232	3.099920e+02
894.999532193965592	3.099939e+02
896.00038300383892	3.099958e+02
897.001206450445807	3.099977e+02
897.998883302916397	3.099996e+02
898.999649348573598	3.100015e+02
900.000386891797802	3.100034e+02
901.001097298132891	3.100052e+02
901.998664901937559	3.100071e+02
902.999325858317889	3.100089e+02
903.999963408500321	3.100107e+02
905.00057879198755	3.100125e+02
906.001172663939997	3.100143e+02
906.998627661731803	3.100161e+02
907.999177637872663	3.100179e+02
908.999704328773987	3.100196e+02
910.000205979892371	3.100214e+02
911.000680661403294	3.100231e+02
912.001126076367655	3.100248e+02
913.0015389069398	3.100266e+02
913.998800052091042	3.100283e+02
914.999140677978858	3.100300e+02
915.999443047825253	3.100316e+02
916.999706709535417	3.100333e+02
917.9999324325413	3.100350e+02
919.000120945214121	3.100366e+02
920.000274033838991	3.100383e+02
921.000394375183646	3.100399e+02
922.000485300970581	3.100415e+02
923.000549587474893	3.100432e+02
924.000590745406612	3.100448e+02
925.000611420237874	3.100463e+02
926.000613609053062	3.100479e+02
927.000599446097908	3.100495e+02
928.000569194498098	3.100511e+02
929.000522922412983	3.100526e+02
930.00045981055996	3.100542e+02
931.000378734565288	3.100557e+02
932.000279030365391	3.100572e+02
933.000160171714697	3.100587e+02
934.000022525270765	3.100602e+02
934.999867901941911	3.100617e+02
935.999698896975019	3.100632e+02
936.999519162073966	3.100647e+02
937.999332095546947	3.100662e+02
938.999141000032296	3.100676e+02
939.998949079595945	3.100691e+02
940.998758037671109	3.100705e+02
941.998568508800759	3.100719e+02
943.001495012791338	3.100733e+02
944.001307348309638	3.100747e+02
945.001117308138419	3.100761e+02
946.000922549333836	3.100775e+02
947.000718497132311	3.100789e+02
948.000501810637275	3.100802e+02
949.000268707143277	3.100816e+02
950.000015691923181	3.100829e+02
950.999740415221709	3.100843e+02
951.999440668327338	3.100856e+02
952.999114517718226	3.100869e+02
953.998760791102313	3.100882e+02
955.001492963863257	3.100895e+02
956.001082963674321	3.100908e+02
957.000645038631092	3.100921e+02
958.000178803099629	3.100933e+02
958.999682979672343	3.100946e+02
959.99915611341271	3.100958e+02
960.998596297893869	3.100971e+02
962.001114210052492	3.100983e+02
963.000481022976601	3.100995e+02
963.999807458572491	3.101007e+02
964.999090907294772	3.101019e+02
966.001442156829967	3.101031e+02
967.00063385017711	3.101042e+02
967.999778394348027	3.101054e+02
968.998876222372701	3.101065e+02
970.001041290887429	3.101077e+02
971.00005162988009	3.101088e+02
971.99902222709477	3.101099e+02
973.001068265900244	3.101111e+02
973.999968298627778	3.101122e+02
974.998835801962286	3.101133e+02
976.000783794113772	3.101144e+02
976.999589948280573	3.101154e+02
978.001478315908685	3.101165e+02
979.000227384655773	3.101176e+02
979.998950053329395	3.101186e+02
981.000759147816893	3.101196e+02
981.999433860136037	3.101207e+02
983.001198919287617	3.101217e+02
983.999833765523476	3.101227e+02
985.001562066623023	3.101237e+02
986.000163562993293	3.101247e+02
986.998750851895807	3.101257e+02
988.000436835688788	3.101267e+02
988.999001766113224	3.101276e+02
990.000669566239139	3.101286e+02
990.999220801870592	3.101295e+02
992.000879034973195	3.101305e+02
992.999424557068551	3.101314e+02
994.001079242855212	3.101323e+02
994.999621495325073	3.101332e+02
996.001272379075544	3.101341e+02
996.999808992381304	3.101350e+02
998.00145173852161	3.101359e+02
998.999978241237272	3.101368e+02
1000.00160959835716	3.101377e+02
1001.0001236260174	3.101385e+02
1001.99863129237235	3.101394e+02
1003.00024257300242	3.101402e+02
1003.99873512430747	3.101410e+02
1005.00032852015397	3.101418e+02
1005.99879928425139	3.101426e+02
1007.00036695508913	3.101434e+02
1007.99880919247039	3.101442e+02
1009.00034613438197	3.101450e+02
1009.99875574490147	3.101458e+02
1011.00025693841337	3.101465e+02
1011.99862805223597	3.101473e+02
1013.00008661249171	3.101480e+02
1014.00152002830805	3.101488e+02
1014.99981539430576	3.101495e+02
1016.00118991158695	3.101502e+02
1016.99942133770173	3.101509e+02
1018.00072743686451	3.101516e+02
1018.99888733657883	3.101523e+02
1020.0001194479787	3.101530e+02
1021.0013144051718	3.101536e+02
1021.99936417932599	3.101543e+02
1023.00048793499343	3.101549e+02
1024.00157635031769	3.101556e+02
1024.99951923650224	3.101562e+02
1026.00053376456799	3.101566e+02
1026.99840141366099	3.101572e+02
1027.99934028847269	3.101578e+02
1029.00024373670999	3.101584e+02
1029.99800516408482	3.101590e+02
1030.99884221824027	3.101596e+02
1031.99964671941939	3.101602e+02
1033.00041802231635	3.101607e+02
1033.99804952709655	3.101612e+02
1034.99875870898768	3.101618e+02
1035.99944064779402	3.101623e+02
1037.00009994695847	3.101628e+02
1038.00074205531064	3.101633e+02
1038.99826386522864	3.101638e+02
1039.99888329008604	3.101642e+02
1040.99949323576243	3.101647e+02
1042.00009334319179	3.101651e+02
1043.00068206451465	3.101656e+02
1043.99814967603993	3.101660e+02
1044.99870863692104	3.101664e+02
1045.99924781729806	3.101668e+02
1046.99976355174067	3.101672e+02
1048.00025367515536	3.101675e+02
1049.00071861765264	3.101679e+02
1049.99805381919327	3.101682e+02
1050.99847620815876	3.101686e+02
1051.99888214853831	3.101689e+02
1052.99927355657019	3.101692e+02
1053.9996523324719	3.101695e+02
1055.00002043905374	3.101698e+02
1056.00037971354323	3.101701e+02
1057.00073245915132	3.101703e+02
1057.99797295655617	3.101706e+02
1058.99831543682899	3.101708e+02
1059.99865196832684	3.101710e+02
1060.99898010463107	3.101712e+02
1061.99929558142412	3.101714e+02
1062.99959473043623	3.101716e+02
1063.99987413955296	3.101718e+02
1065.00013162082382	3.101719e+02
1066.0003666061491	3.101721e+02
1067.00058056368607	3.101722e+02
1068.00077596735809	3.101724e+02
1069.00095477978175	3.101725e+02
1069.99801178201983	3.101726e+02
1070.99815862411697	3.101727e+02
1071.99828564748941	3.101728e+02
1072.99838778802427	3.101729e+02
1073.99845913444005	3.101729e+02
1074.9984943237796	3.101730e+02
1075.99848998123457	3.101731e+02
1076.99844496008745	3.101731e+02
1077.99835962096631	3.101732e+02
1078.99823550914539	3.101732e+02
1079.99804283451908	3.101732e+02
1080.99777406137309	3.101732e+02
1081.99757889515672	3.101732e+02
1082.99736940244225	3.101732e+02
1083.997131230901	3.101732e+02
1084.99997233226168	3.101731e+02
1085.99968519321806	3.101731e+02
1086.99937344953241	3.101731e+02
1087.99903579596662	3.101730e+02
1088.99867164629632	3.101730e+02
1089.99828016497986	3.101729e+02
1090.99786207309512	3.101728e+02
1091.99741979769374	3.101728e+02
1092.99695453449795	3.101727e+02
1093.99957109156776	3.101726e+02
1094.99906341952942	3.101725e+02
1095.99853767852869	3.101724e+02
1096.99799652755314	3.101722e+02
1097.99744266236758	3.101721e+02
1098.99998253767399	3.101720e+02
1099.99941124372504	3.101719e+02
1100.99883557991279	3.101717e+02
1101.99825767902257	3.101715e+02
1102.99768014663232	3.101714e+02
1103.99710595075726	3.101712e+02
1104.99964161450657	3.101710e+02
1105.99908297351203	3.101708e+02
1106.99853713760399	3.101706e+02
1107.99800585816433	3.101703e+02
1108.9974892800883	3.101701e+02
1109.99698550838366	3.101698e+02
1110.9995967161592	3.101696e+02
1111.99911250392847	3.101693e+02
1112.99863366098452	3.101690e+02
1113.99815714160036	3.101687e+02
1114.99768068710409	3.101684e+02
1115.9972029713133	3.101681e+02
1116.99982721927131	3.101677e+02
1117.99934466068339	3.101674e+02
1118.99885918591713	3.101670e+02
1119.99837112821047	3.101666e+02
1120.99788002591595	3.101662e+02
1121.9973852182859	3.101658e+02
1122.99999101212848	3.101654e+02
1123.99948905605766	3.101650e+02
1124.99898330748624	3.101646e+02
1125.99847339668077	3.101641e+02
1126.99795813229139	3.101637e+02
1127.99743513206772	3.101632e+02
1129.00000566831295	3.101627e+02
1129.99945815789215	3.101622e+02
1130.99889325602135	3.101617e+02
1131.99830841874882	3.101610e+02
1133.00080490487903	3.101605e+02
1134.00017295241537	3.101599e+02
1134.99951269206895	3.101594e+02
1135.99882001690776	3.101589e+02
1136.9980899825764	3.101583e+02
1138.00042121801789	3.101578e+02
1138.99960350566766	3.101572e+02
1139.99873758961189	3.101566e+02
1141.00092542982816	3.101561e+02
1141.99996276609818	3.101555e+02
1142.99895494689849	3.101549e+02
1144.00100640711162	3.101543e+02
1144.99991575993818	3.101537e+02
1145.99878880975484	3.101531e+02
1147.0007313388096	3.101525e+02
1147.99954265645124	3.101518e+02
1148.99832711965564	3.101512e+02
1150.000187799591	3.101506e+02
1150.99892189105094	3.101499e+02
1152.00073346352883	3.101493e+02
1152.99942172058309	3.101486e+02
1153.99809208171928	3.101479e+02
1154.99985105495193	3.101473e+02
1155.99850184254683	3.101466e+02
1157.00025319591782	3.101459e+02
1157.99890694103397	3.101451e+02
1159.00066832192624	3.101444e+02
1159.99933451059292	3.101437e+02
1160.99800622983889	3.101429e+02
1161.9997834014282	3.101422e+02
1162.99846151705219	3.101414e+02
1164.00024126092603	3.101406e+02
1164.99891712956332	3.101399e+02
1166.00068994524736	3.101391e+02
1166.99935646339691	3.101383e+02
1167.9980188936504	3.101374e+02
1168.99978069425833	3.101366e+02
1169.9984467029667	3.101358e+02
1171.00022526371276	3.101349e+02
1171.99892255418968	3.101341e+02
1173.00074953688045	3.101332e+02
1173.99949361987819	3.101323e+02
1174.99825013742043	3.101314e+02
1176.00013710691951	3.101305e+02
1176.99895466628141	3.101296e+02
1178.00090672586907	3.101286e+02
1178.99978597725067	3.101277e+02
1179.99868844415846	3.101267e+02
1181.0007103556602	3.101258e+02
1181.99964151327413	3.101248e+02
1182.99858001971097	3.101238e+02
1184.00062515109835	3.101228e+02
1184.99957067028504	3.101218e+02
1185.99851899484156	3.101208e+02
1187.00057351632518	3.101198e+02
1187.99953059631616	3.101187e+02
1188.99849362446412	3.101177e+02
1190.00056565881141	3.101166e+02
1190.99954199423428	3.101155e+02
1191.99852380361835	3.101144e+02
1193.0006089512633	3.101133e+02
1193.99958603475943	3.101122e+02
1194.99855016271181	3.101111e+02
1196.00059544823239	3.101100e+02
1196.99950960317574	3.101088e+02
1197.99838901838962	3.101077e+02
1199.00033048155274	3.101065e+02
1199.99912615566609	3.101053e+02
1201.00097866831493	3.101042e+02
1201.99968382255634	3.101030e+02
1202.99834003880733	3.101018e+02
1204.000048194486	3.101006e+02
1204.99862036699483	3.100994e+02
1206.00026296274086	3.100982e+02
1206.99877532803589	3.100969e+02
1208.00035765685629	3.100957e+02
1208.99880374529289	3.100945e+02
1210.00030765006909	3.100933e+02
1210.99866048260742	3.100920e+02
1212.00005521470644	3.100908e+02
1212.99828645891466	3.100895e+02
1213.99955647530646	3.100883e+02
1215.00077473615215	3.100870e+02
1215.99885572998278	3.100858e+02
1217.00001534245234	3.100845e+02
1217.99807015916804	3.100832e+02
1218.99923182491011	3.100819e+02
1220.00040784604539	3.100806e+02
1220.99850238459476	3.100793e+02
1221.99971680765952	3.100780e+02
1223.0009526615288	3.100767e+02
1223.99911018558737	3.100754e+02
1225.00038901855055	3.100741e+02
1225.99859035402733	3.100728e+02
1226.99991543423243	3.100714e+02
1227.9981656946045	3.100701e+02
1228.9995445570305	3.100687e+02
1230.0009559124162	3.100673e+02
1230.99930306384226	3.100660e+02
1232.00079096131367	3.100646e+02
1232.99922256000877	3.100632e+02
1234.00080150474764	3.100618e+02
1234.99932704594016	3.100604e+02
1236.00100135483262	3.100589e+02
1236.99962158512949	3.100575e+02
1237.99828767946792	3.100561e+02
1239.00009935828234	3.100546e+02
1239.99885077281624	3.100531e+02
1241.00074088707311	3.100516e+02
1241.99955992815626	3.100501e+02
1242.99840375107306	3.100486e+02
1244.00036954211714	3.100471e+02
1244.99924899340976	3.100456e+02
1245.99814252710053	3.100441e+02
1247.00015233778663	3.100425e+02
1247.99907446850011	3.100410e+02
1248.99801245657409	3.100394e+02
1250.00006949212343	3.100378e+02
1250.99903874465963	3.100362e+02
1251.9980171517559	3.100346e+02
1253.00009871743578	3.100330e+02
1253.99906924520496	3.100314e+02
1254.99802171148099	3.100297e+02
1256.00004890617402	3.100281e+02
1256.99893735115597	3.100264e+02
1258.00088512359002	3.100248e+02
1258.99968529377657	3.100231e+02
1259.99843966837557	3.100214e+02
1261.00025147559381	3.100197e+02
1261.99892107124424	3.100180e+02
1263.00065423065553	3.100163e+02
1263.99925049751687	3.100146e+02
1265.0009135610826	3.100129e+02
1265.99944161575922	3.100112e+02
1266.99793565363575	3.100094e+02
1267.99949549814323	3.100077e+02
1268.99791731754135	3.100059e+02
1269.9993999202743	3.100042e+02
1271.00083948422684	3.100024e+02
1271.99913290560312	3.100006e+02
1273.00047962419103	3.099988e+02
1273.99868037886404	3.099970e+02
1274.99993909200953	3.099952e+02
1275.99806137866858	3.099934e+02
1276.99925376117221	3.099916e+02
1278.00042350549757	3.099898e+02
1278.99847846206808	3.099880e+02
1279.9996250331501	3.099862e+02
1281.00076718556329	3.099844e+02
1281.99880365085437	3.099825e+02
1282.99993413125026	3.099807e+02
1283.99796679431188	3.099789e+02
1284.99911057220856	3.099770e+02
1286.00027752006417	3.099752e+02
1286.99837975066725	3.099733e+02
1287.99962550355622	3.099714e+02
1289.0009215487255	3.099695e+02
1289.99917414749689	3.099677e+02
1291.00058816401247	3.099658e+02
1291.99896510465373	3.099639e+02
1293.00051009187996	3.099619e+02
1293.9990221543444	3.099600e+02
1295.0006992244821	3.099581e+02
1295.99933696642756	3.099562e+02
1296.99803311771893	3.099542e+02
1297.99988504428347	3.099522e+02
1298.99868789046354	3.099503e+02
1300.00064337446429	3.099483e+02
1300.99954346376671	3.099463e+02
1301.99848729543987	3.099443e+02
1303.00057421883002	3.099423e+02
1303.99959571877844	3.099403e+02
1304.99865258077125	3.099383e+02
1306.00084756155638	3.099362e+02
1306.99997568614435	3.099342e+02
1307.99914038046791	3.099321e+02
1308.99834180037737	3.099301e+02
1310.00068060740341	3.099280e+02
1310.99994679110318	3.099259e+02
1311.99923955881809	3.099238e+02
1312.99855416577725	3.099217e+02
1314.00098871274236	3.099195e+02
1315.00033118233068	3.099174e+02
1315.99968035228039	3.099153e+02
1316.99903062470958	3.099131e+02
1317.99837596639827	3.099109e+02
1319.00081431395529	3.099088e+02
1320.00013219435982	3.099066e+02
1320.99942818310433	3.099044e+02
1321.99869978614174	3.099022e+02
1322.99794457855933	3.099000e+02
1324.00026133372853	3.098978e+02
1324.99944066448029	3.098956e+02
1325.9985875870309	3.098933e+02
1327.00080828060459	3.098911e+02
1327.99989652433896	3.098888e+02
1328.99895469004514	3.098866e+02
1329.99798759769919	3.098843e+02
1331.00009817108776	3.098820e+02
1331.99907272872133	3.098798e+02
1332.9980161248659	3.098775e+02
1334.00004250575012	3.098752e+02
1334.99894359480732	3.098729e+02
1336.00092217373071	3.098706e+02
1336.99978862095145	3.098682e+02
1337.99864279015287	3.098659e+02
1339.00057781168721	3.098636e+02
1339.99939990603571	3.098612e+02
1340.99821403393571	3.098589e+02
1342.00011797293246	3.098566e+02
1342.99891625323062	3.098542e+02
1344.00081712779388	3.098518e+02
1344.99961532945053	3.098495e+02
1345.99841945113303	3.098471e+02
1347.00033626975369	3.098447e+02
1347.9991612664146	3.098423e+02
1348.99800061232236	3.098399e+02
1349.99995843046486	3.098375e+02
1350.99882884485237	3.098351e+02
1352.00081784367558	3.098327e+02
1352.99972466956524	3.098302e+02
1353.99865292872482	3.098278e+02
1355.00070862963616	3.098254e+02
1355.99969133071227	3.098229e+02
1356.99870541472819	3.098205e+02
1358.00085484322972	3.098180e+02
1358.99993565592968	3.098155e+02
1359.99904835064194	3.098130e+02
1360.99819117085349	3.098105e+02
1362.00046895444302	3.098080e+02
1362.9996744606367	3.098055e+02
1363.99890983446517	3.098030e+02
1364.99817625000514	3.098005e+02
1366.00057675993003	3.097980e+02
1366.99990367562941	3.097954e+02
1367.9992590363438	3.097929e+02
1368.99864066007058	3.097903e+02
1369.99804663080772	3.097878e+02
1371.00057959637684	3.097852e+02
1372.00002990975213	3.097826e+02
1372.9995002470821	3.097800e+02
1373.99899004972622	3.097774e+02
1374.99849884930177	3.097748e+02
1375.99802611657037	3.097722e+02
1377.0006751514743	3.097695e+02
1378.00023421828473	3.097669e+02
1378.99980186620587	3.097642e+02
1379.99937287725652	3.097616e+02
1380.99894108755052	3.097589e+02
1381.99850130410346	3.097562e+02
1382.99804987963262	3.097536e+02
1384.00068734541537	3.097509e+02
1385.0002043187983	3.097482e+02
1385.99970579036994	3.097454e+02
1386.99919015351657	3.097427e+02
1387.9986536510246	3.097400e+02
1388.99809272032599	3.097373e+02
1390.00060974385337	3.097345e+02
1390.99999660132357	3.097318e+02
1391.99935726255489	3.097290e+02
1392.99869173706816	3.097263e+02
1393.9979991575558	3.097235e+02
1395.00037999900633	3.097207e+02
1395.99962390962583	3.097179e+02
1396.99883211560154	3.097151e+02
1397.99800414250876	3.097124e+02
1399.00024344831309	3.097096e+02
1399.99934490739838	3.097068e+02
1400.9984116419314	3.097039e+02
1402.00054648821447	3.097011e+02
1402.99954453430087	3.096983e+02
1403.99850834173913	3.096955e+02
1405.00053967198528	3.096926e+02
1405.99943391035413	3.096898e+02
1406.99829450752236	3.096870e+02
1408.00022814772478	3.096841e+02
1408.99903329382164	3.096813e+02
1410.00091412937172	3.096784e+02
1410.99966626340984	3.096756e+02
1411.9983906948205	3.096727e+02
1413.00019518133809	3.096698e+02
1413.99888386547832	3.096670e+02
1415.00066595208682	3.096641e+02
1415.99934766114984	3.096612e+02
1416.9980370354624	3.096583e+02
1417.99983869231846	3.096554e+02
1418.99855226288651	3.096525e+02
1420.00038617582095	3.096496e+02
1420.99914001706429	3.096467e+02
1421.99792000870934	3.096438e+02
1422.99982909249775	3.096409e+02
1423.99866679425713	3.096380e+02
1425.00064067122162	3.096350e+02
1425.99955111646295	3.096321e+02
1426.99850618558708	3.096291e+02
1428.00061483366107	3.096262e+02
1428.99967494484235	3.096232e+02
1429.99878924253017	3.096202e+02
1430.99795362734608	3.096172e+02
1432.00026670837451	3.096142e+02
1432.99951741945915	3.096113e+02
1433.99880633259363	3.096082e+02
1434.99813322529735	3.096052e+02
1436.00060118761689	3.096022e+02
1437.00000441811471	3.095992e+02
1437.99944825605439	3.095961e+02
1438.99893273974135	3.095931e+02
1439.99845539545322	3.095900e+02
1440.99801166552561	3.095869e+02
1442.00069993741477	3.095839e+02
1443.00030417449284	3.095808e+02
1443.99992098048074	3.095777e+02
1444.99954376078949	3.095746e+02
1445.99916897508547	3.095715e+02
1446.99879542122426	3.095683e+02
1447.99842022787266	3.095652e+02
1448.99803658171481	3.095621e+02
1450.00074251822184	3.095589e+02
1451.00032547006595	3.095558e+02
1451.99989047009171	3.095526e+02
1452.99943915289964	3.095495e+02
1453.99897263919183	3.095463e+02
1454.99849251259775	3.095431e+02
1455.99799841150116	3.095399e+02
1457.00059184705924	3.095367e+02
1458.00006146936698	3.095336e+02
1458.99950821755465	3.095304e+02
1459.99892970872861	3.095272e+02
1460.99832273732682	3.095239e+02
1462.00078713971266	3.095207e+02
1463.00011302539178	3.095175e+02
1463.99940313452635	3.095143e+02
1464.99865863753894	3.095111e+02
1466.00098595879172	3.095078e+02
1467.00018237721974	3.095046e+02
1467.99935405881047	3.095014e+02
1468.99850226643298	3.094981e+02
1470.00072925667791	3.094949e+02
1470.99982757685984	3.094917e+02
1471.9988974616665	3.094884e+02
1472.99793641740439	3.094852e+02
1474.00004542403713	3.094819e+02
1474.99902393116145	3.094787e+02
1475.99798331380998	3.094754e+02
1477.00003275532003	3.094722e+02
1477.99896764514278	3.094689e+02
1479.00098971328089	3.094656e+02
1479.99989016698669	3.094624e+02
1480.9987717291865	3.094591e+02
1482.00074561971337	3.094558e+02
1482.99962385314484	3.094525e+02
1483.99852982484094	3.094493e+02
1485.00058344117451	3.094460e+02
1485.99959041304328	3.094427e+02
1486.99865669960923	3.094394e+02
1488.00088243404866	3.094361e+02
1489.00005568623578	3.094328e+02
1489.99927060181244	3.094295e+02
1490.99852111164478	3.094262e+02
1492.00090713276791	3.094229e+02
1493.00022362862455	3.094196e+02
1493.99958070080538	3.094162e+02
1494.99898601783889	3.094129e+02
1495.99844407874298	3.094096e+02
1496.99795267212198	3.094062e+02
1498.00061017970302	3.094029e+02
1499.00020024652781	3.093995e+02
1499.99982124123744	3.093961e+02
1500.9994711555787	3.093928e+02
1501.99915476841147	3.093894e+02
1502.99888210405743	3.093860e+02
1503.99866218352054	3.093826e+02
1504.99850046269671	3.093792e+02
1505.99839741814117	3.093758e+02
1506.99834498102905	3.093723e+02
1507.99832982226803	3.093689e+02
1508.99834377057755	3.093655e+02
1509.9983812867863	3.093620e+02
1510.99843940311575	3.093586e+02
1511.99851754542328	3.093551e+02
1512.99862037456728	3.093516e+02
1513.99875680543801	3.093481e+02
1514.99893992752845	3.093446e+02
1515.99916719891712	3.093412e+02
1516.99943167005972	3.093376e+02
1517.99971705804433	3.093341e+02
1519.00000507093364	3.093306e+02
1520.00028064636444	3.093271e+02
1521.00054344655064	3.093236e+02
1522.00080604227378	3.093200e+02
1522.99797203784647	3.093165e+02
1523.9982617297137	3.093129e+02
1524.99857104828561	3.093094e+02
1525.99889287421797	3.093058e+02
1526.99920744121346	3.093022e+02
1527.99949332756796	3.092987e+02
1528.99972890828735	3.092951e+02
1529.99989843304297	3.092915e+02
1530.99999660623575	3.092880e+02
1532.00002834752672	3.092844e+02
1533.0000056497388	3.092808e+02
1533.99994379792724	3.092772e+02
1534.99985489382766	3.092736e+02
1535.99974107227354	3.092700e+02
1536.99959318218407	3.092664e+02
1537.9993945457486	3.092628e+02
1538.99912737611771	3.092592e+02
1539.99878050831308	3.092556e+02
1540.99835962920133	3.092520e+02
1542.0009963747616	3.092484e+02
1543.00051612376092	3.092448e+02
1544.00004650489836	3.092412e+02
1544.99959031082108	3.092376e+02
1545.99913767881571	3.092339e+02
1546.99866683407481	3.092303e+02
1547.99815230633658	3.092267e+02
1549.00068285709017	3.092231e+02
1550.00005989398483	3.092194e+02
1550.99940805667757	3.092158e+02
1551.99875115231362	3.092122e+02
1552.99810340256977	3.092086e+02
1554.00057779378039	3.092049e+02
1554.99996085500288	3.092013e+02
1555.99934013623056	3.091976e+02
1556.99870004641639	3.091940e+02
1557.99802508664197	3.091903e+02
1559.00040351372286	3.091866e+02
1559.99962961638175	3.091830e+02
1560.99883185458475	3.091793e+02
1561.99804665354827	3.091756e+02
1563.00040512244777	3.091719e+02
1563.99971697969067	3.091682e+02
1564.99910425874737	3.091646e+02
1565.99856707239883	3.091609e+02
1566.99807599091628	3.091571e+02
1568.00070774537676	3.091534e+02
1569.00026169563853	3.091497e+02
1569.99985397141518	3.091460e+02
1570.99947455884217	3.091423e+02
1571.99913249478072	3.091385e+02
1572.99887431463685	3.091348e+02
1573.99872674321773	3.091311e+02
1574.99867493132228	3.091273e+02
1575.99869628956208	3.091236e+02
1576.99876896870296	3.091198e+02
1577.99887053899829	3.091160e+02
1578.99898700611743	3.091123e+02
1579.99911920877094	3.091085e+02
1580.99929604950307	3.091047e+02
1581.99954333203823	3.091009e+02
1582.99986456861598	3.090971e+02
1584.00026526690181	3.090933e+02
1585.00074982126171	3.090895e+02
1585.99819811651037	3.090857e+02
1586.99880664137254	3.090819e+02
1587.99945226420368	3.090781e+02
1589.0001050525093	3.090742e+02
1590.0007417046229	3.090704e+02
1590.99824813146188	3.090665e+02
1591.99884023885124	3.090627e+02
1592.99942972519125	3.090588e+02
1594.00002958172672	3.090549e+02
1595.00064829070243	3.090510e+02
1595.99818229142693	3.090471e+02
1596.99883056767135	3.090432e+02
1597.99946764110496	3.090393e+02
1599.00008495377551	3.090354e+02
1600.00067270199793	3.090315e+02
1600.99811693056563	3.090276e+02
1601.99863573761127	3.090237e+02
1602.99912012433379	3.090198e+02
1603.99955882001245	3.090159e+02
1604.99994378683573	3.090119e+02
1606.00026089057701	3.090080e+02
1607.00048996083433	3.090041e+02
1608.00061823184706	3.090001e+02
1609.00063726449798	3.089962e+02
1610.0005459719514	3.089923e+02
1611.00035693762493	3.089883e+02
1612.00008533486721	3.089844e+02
1612.99974030925409	3.089804e+02
1613.99933008162088	3.089765e+02
1614.99885544376457	3.089725e+02
1615.99829926410507	3.089685e+02
1617.00074608381328	3.089646e+02
1617.99999151333782	3.089606e+02
1618.99916022374327	3.089566e+02
1619.99827274183122	3.089526e+02
1621.00046467299944	3.089487e+02
1621.99955921158471	3.089447e+02
1622.99868939079943	3.089407e+02
1624.00096420526552	3.089367e+02
1625.0001752008875	3.089327e+02
1625.99941093398934	3.089287e+02
1626.99864202277604	3.089247e+02
1628.00095094900098	3.089207e+02
1629.00012708075269	3.089167e+02
1629.99926862994425	3.089127e+02
1630.99839600341625	3.089087e+02
1632.00064545422356	3.089047e+02
1632.999830789101	3.089006e+02
1633.99906500187512	3.088966e+02
1634.99834936202728	3.088926e+02
1636.00077795229117	3.088885e+02
1637.00013341642921	3.088845e+02
1637.99951203272235	3.088804e+02
1638.99891425364126	3.088764e+02
1639.99835136539605	3.088724e+02
1641.00094891576464	3.088683e+02
1642.00052419316467	3.088642e+02
1643.00020450171905	3.088602e+02
1643.99999952621715	3.088561e+02
1644.99990031811558	3.088520e+02
1645.9998853409802	3.088480e+02
1646.99992774030056	3.088439e+02
1648.00000741580061	3.088398e+02
1649.00012525584066	3.088358e+02
1650.0003044318978	3.088317e+02
1651.00057667982696	3.088276e+02
1652.00097306798943	3.088235e+02
1652.9984012384748	3.088194e+02
1653.99906609368327	3.088153e+02
1654.9998186113578	3.088112e+02
1656.00059973348289	3.088071e+02
1656.99825718648094	3.088030e+02
1657.99898360932161	3.087989e+02
1658.99966849767975	3.087948e+02
1660.00032889122303	3.087906e+02
1661.00098436380154	3.087865e+02
1661.99854619226448	3.087823e+02
1662.99925115638712	3.087781e+02
1664.00001017106456	3.087740e+02
1665.00081724871029	3.087698e+02
1665.99854239466185	3.087656e+02
1666.99936593392567	3.087614e+02
1668.00013978533343	3.087572e+02
1669.00085085916248	3.087530e+02
1669.99840096049707	3.087488e+02
1670.99901862720822	3.087445e+02
1671.9996011514902	3.087403e+02
1673.00014282323718	3.087361e+02
1674.00062690990535	3.087319e+02
1674.99793006669779	3.087276e+02
1675.99825913159702	3.087234e+02
1676.9985159332075	3.087192e+02
1677.99873305586266	3.087149e+02
1678.99894984492721	3.087107e+02
1679.9991844537949	3.087064e+02
1680.99942100389649	3.087021e+02
1681.99961178412059	3.086979e+02
1682.99969481212179	3.086936e+02
1683.99961417643317	3.086893e+02
1684.99933732720092	3.086850e+02
1685.99886835550888	3.086807e+02
1686.99826333853071	3.086764e+02
1688.00070195106059	3.086721e+02
1689.00002689868484	3.086678e+02
1689.99935696480293	3.086635e+02
1690.99869182296447	3.086592e+02
1691.99802643554904	3.086548e+02
1693.00044817745015	3.086505e+02
1693.9997459726842	3.086462e+02
1694.99903910307034	3.086418e+02
1695.99833840348583	3.086375e+02
1697.00075316265634	3.086331e+02
1698.00007672925381	3.086287e+02
1698.99939518658698	3.086244e+02
1699.99868049662655	3.086200e+02
1700.99791381765954	3.086156e+02
1702.00018950024923	3.086112e+02
1702.99931216928599	3.086069e+02
1703.99841821405221	3.086025e+02
1705.00066237152009	3.085981e+02
1705.99989378959776	3.085937e+02
1706.99925281337846	3.085892e+02
1707.99875871085374	3.085848e+02
1708.9984074327424	3.085804e+02
1709.99817324317451	3.085760e+02
1710.99800487291645	3.085716e+02
1712.00095314679879	3.085671e+02
1713.00077544386886	3.085627e+02
1714.00057550727479	3.085583e+02
1715.00038130945882	3.085538e+02
1716.00023802081137	3.085494e+02
1717.00019297839776	3.085450e+02
1718.00027819476122	3.085405e+02
1719.00050654086658	3.085361e+02
1720.00087646197721	3.085316e+02
1720.99825701122109	3.085272e+02
1721.99882484980481	3.085228e+02
1722.99944642589753	3.085183e+02
1724.00010876766851	3.085139e+02
1725.0007972407634	3.085094e+02
1725.99838250384119	3.085050e+02
1726.99907796378784	3.085005e+02
1727.99979450504793	3.084960e+02
1729.00054098330065	3.084915e+02
1729.99817993578563	3.084871e+02
1730.9988351227255	3.084826e+02
1731.99930843447328	3.084781e+02
1732.99960140813437	3.084735e+02
1733.99981711714031	3.084690e+02
1735.00010576322961	3.084645e+02
1736.00061319661063	3.084600e+02
1736.99831962602411	3.084554e+02
1737.99942471794657	3.084509e+02
1739.00069142894085	3.084463e+02
1739.99879142569853	3.084418e+02
1740.99972082434397	3.084372e+02
1742.0002595753615	3.084327e+02
1743.00042499239476	3.084281e+02
1744.00033711463016	3.084236e+02
1745.00020420483202	3.084190e+02
1746.00020305081262	3.084144e+02
1747.00044924191297	3.084098e+02
1748.00098229104992	3.084052e+02
1748.99862559907751	3.084006e+02
1749.99937443698445	3.083960e+02
1750.99993341300956	3.083914e+02
1752.00020452842364	3.083868e+02
1753.00018539774965	3.083822e+02
1753.99995722605786	3.083775e+02
1754.99965172305224	3.083729e+02
1755.99937420901142	3.083682e+02
1756.99918398843283	3.083636e+02
1757.99905727546616	3.083589e+02
1758.99890197778745	3.083542e+02
1759.99861603758336	3.083495e+02
1760.99815084045258	3.083448e+02
1762.00064772574046	3.083401e+02
1763.00000454708311	3.083354e+02
1763.99944313344577	3.083307e+02
1764.99905837673236	3.083260e+02
1765.99888355959615	3.083212e+02
1766.99884729628457	3.083165e+02
1767.99883162080027	3.083117e+02
1768.99871689796737	3.083070e+02
1769.99837543997342	3.083022e+02
1771.00083206083377	3.082974e+02
1771.99993232871066	3.082927e+02
1772.99891571185594	3.082879e+02
1773.9979439962824	3.082831e+02
1775.00028853091226	3.082783e+02
1775.99985701588776	3.082734e+02
1776.9997644951352	3.082686e+02
1777.99990352173882	3.082638e+02
1779.00007262439976	3.082589e+02
1780.00005311805398	3.082541e+02
1780.99972359915159	3.082492e+02
1781.99911606461114	3.082444e+02
1782.99838244358966	3.082395e+02
1784.000824727397	3.082346e+02
1785.00041188977411	3.082298e+02
1786.00031015063769	3.082249e+02
1787.00047433238024	3.082200e+02
1788.00079576195844	3.082151e+02
1788.99804110645005	3.082102e+02
1789.99833056785428	3.082054e+02
1790.99854521824045	3.082005e+02
1791.99875201646159	3.081956e+02
1792.99905301074273	3.081907e+02
1793.99956153303106	3.081858e+02
1795.00037569769552	3.081809e+02
1795.99842001382149	3.081761e+02
1796.99984002621409	3.081712e+02
1797.99821822073977	3.081663e+02
1798.99947944337873	3.081614e+02
1800.00027864572485	3.081565e+02
1801.00056012321079	3.081516e+02
1802.00048960482559	3.081467e+02
1803.00033879808689	3.081418e+02
1804.00034899565208	3.081369e+02
1805.00070417638608	3.081320e+02
1805.99834349052003	3.081271e+02
1806.99936069278101	3.081221e+02
1808.0004092353056	3.081172e+02
1808.99812186720555	3.081123e+02
1809.99854570925777	3.081073e+02
1810.99856121576249	3.081024e+02
1811.99830226419863	3.080974e+02
1812.99798186818407	3.080925e+02
1814.00089884028694	3.080875e+02
1815.00095200638179	3.080825e+02
1815.99812846920872	3.080775e+02
1816.9985271850544	3.080725e+02
1817.99889735535976	3.080675e+02
1818.99913309599242	3.080626e+02
1819.99921614260279	3.080576e+02
1820.99922274400001	3.080526e+02
1821.9992828819145	3.080475e+02
1822.9994983329093	3.080425e+02
1823.99987717613885	3.080375e+02
1825.00031684566693	3.080325e+02
1826.00063631033709	3.080274e+02
1827.00065115859502	3.080224e+02
1828.0002588480736	3.080173e+02
1828.999521290345	3.080123e+02
1829.9986634692209	3.080072e+02
1830.99798581434948	3.080021e+02
1832.00082425095457	3.079970e+02
1832.99794337922572	3.079920e+02
1833.99852546420016	3.079869e+02
1834.99916815684355	3.079817e+02
1835.99950287222032	3.079766e+02
1836.99926197810851	3.079715e+02
1837.99845557101821	3.079664e+02
1839.0004610645974	3.079612e+02
1839.99946844884767	3.079560e+02
1840.99889490637406	3.079509e+02
1841.99882978537903	3.079457e+02
1842.99915568361689	3.079405e+02
1843.99962394086606	3.079353e+02
1844.9999339175306	3.079300e+02
1845.99984691075065	3.079248e+02
1846.99937196937162	3.079196e+02
1847.99875222213336	3.079144e+02
1848.9983355002023	3.079091e+02
1849.99841663746088	3.079038e+02
1850.99907064851641	3.078986e+02
1852.00023379756112	3.078933e+02
1852.99850626381544	3.078880e+02
1853.99957871549464	3.078827e+02
1855.00004137674819	3.078774e+02
1855.99993206196245	3.078722e+02
1856.99962127416029	3.078669e+02
1857.99947772035603	3.078616e+02
1858.99983540032395	3.078563e+02
1860.00087601343103	3.078509e+02
1860.99940074094002	3.078456e+02
1861.99821972287737	3.078404e+02
1862.99985620170742	3.078351e+02
1864.00073654599191	3.078298e+02
1865.00079823534224	3.078245e+02
1866.00023590001365	3.078193e+02
1866.99936799980014	3.078140e+02
1867.99851343587943	3.078087e+02
1869.0009532396025	3.078034e+02
1870.00041894692572	3.077981e+02
1870.99976274147139	3.077928e+02
1871.9987072297788	3.077875e+02
1873.00016324044873	3.077822e+02
1874.00096078780825	3.077768e+02
1874.99814290175391	3.077715e+02
1875.99817497179083	3.077662e+02
1876.99826133029728	3.077609e+02
1877.99858335500471	3.077555e+02
1878.99911000948509	3.077502e+02
1879.99959120604399	3.077448e+02
1880.99966701720768	3.077395e+02
1881.99906092747733	3.077342e+02
1883.00082289671991	3.077288e+02
1883.99895188739174	3.077235e+02
1884.99999827907118	3.077182e+02
1885.9982135368839	3.077129e+02
1887.00003193897987	3.077076e+02
1887.99923803263118	3.077023e+02
1888.9986619013298	3.076970e+02
1890.0009782374259	3.076917e+02
1890.9996120218068	3.076864e+02
1892.00060902208838	3.076812e+02
1892.99796475072867	3.076759e+02
1893.99834801076008	3.076707e+02
1894.99921205038618	3.076654e+02
1896.00078212942276	3.076602e+02
1896.99985531762559	3.076549e+02
1897.99922337217936	3.076497e+02
1898.998514202754	3.076445e+02
1900.00049934267236	3.076393e+02
1900.99893317374926	3.076342e+02
1902.00019646337023	3.076290e+02
1902.99848172231191	3.076238e+02
1904.00035835896188	3.076186e+02
1904.99983568619928	3.076135e+02
1905.99992277003275	3.076083e+02
1907.00032134021694	3.076032e+02
1908.0008322899414	3.075981e+02
1909.00093160232086	3.075930e+02
1910.00030599308934	3.075880e+02
1910.99915416881481	3.075829e+02
1912.00096180215701	3.075779e+02
1912.99985416341951	3.075728e+02
1913.99916159502141	3.075678e+02
1915.00183493017198	3.075628e+02
1915.99884508729065	3.075578e+02
1916.99943377915861	3.075528e+02
1918.00014863020897	3.075478e+02
1919.00056764200008	3.075429e+02
1920.00045193746428	3.075380e+02
1920.999817220767	3.075330e+02
1921.99885407788929	3.075281e+02
1923.00093528869252	3.075232e+02
1924.00015154858534	3.075183e+02
1924.9996942356795	3.075134e+02
1925.99951501246892	3.075085e+02
1926.9994556337756	3.075037e+02
1927.99924453677409	3.074989e+02
1929.00169876828068	3.074940e+02
1930.00053873376396	3.074892e+02
1930.99901672645274	3.074844e+02
1932.00052548632129	3.074796e+02
1932.99922801006664	3.074749e+02
1934.0015359973911	3.074701e+02
1935.00131940371921	3.074653e+02
1936.00158843669146	3.074606e+02
1936.99896437524126	3.074559e+02
1937.99915532118575	3.074512e+02
1939.00169088058715	3.074465e+02
1940.00026699132422	3.074418e+02
1941.00131005967296	3.074371e+02
1941.99907159494342	3.074324e+02
1943.00016854220166	3.074278e+02
1943.99876931042331	3.074231e+02
1945.0013154265514	3.074184e+02
1946.00145902451573	3.074138e+02
1947.00184707857534	3.074092e+02
1947.99894027443679	3.074046e+02
1949.00159173641941	3.074001e+02
1950.0005148195396	3.073955e+02
1950.99915708621666	3.073909e+02
1952.00121105374001	3.073864e+02
1953.00099918931824	3.073818e+02
1954.00175856958867	3.073773e+02
1955.00025833826953	3.073727e+02
1955.99891357040747	3.073682e+02
1956.99998347217434	3.073637e+02
1957.99995687250339	3.073592e+02
1958.99898139444576	3.073546e+02
1960.00060367275319	3.073501e+02
1960.99908875227379	3.073456e+02
1962.00098840628698	3.073410e+02
1963.00035636391385	3.073365e+02
1964.00013511165548	3.073319e+02
1964.99958884015041	3.073274e+02
1966.00117777936748	3.073229e+02
1967.00166040344834	3.073184e+02
1968.00103332507774	3.073140e+02
1968.99926208336751	3.073096e+02
1969.99984270938785	3.073051e+02
1971.00066921584312	3.073007e+02
1972.00156233056987	3.072962e+02
1973.00163917092277	3.072918e+02
1974.00116417228719	3.072874e+02
1975.00054692965341	3.072831e+02
1976.00169083237279	3.072787e+02
1977.00122177684921	3.072743e+02
1978.00073247297109	3.072700e+02
1979.00099174790853	3.072657e+02
1980.00060676208864	3.072614e+02
1980.9999655791205	3.072572e+02
1982.00038738718672	3.072531e+02
1982.99987281407948	3.072490e+02
1984.00023924400102	3.072449e+02
1985.00078188989801	3.072409e+02
1986.00130190178152	3.072369e+02
1987.00082094559184	3.072331e+02
1988.00124635556813	3.072292e+02
1989.00020087422172	3.072255e+02
1989.999123837252	3.072218e+02
1991.00087133326883	3.072182e+02
1991.99942744573468	3.072146e+02
1992.99978404438912	3.072111e+02
1993.99925602162261	3.072077e+02
1994.999169630285	3.072044e+02
1995.99991512042811	3.072010e+02
1997.00115585923368	3.071978e+02
1997.99970297082518	3.071946e+02
1999.00140827003497	3.071915e+02
1999.99864306339714	3.071882e+02
2001.00049341427098	3.071852e+02
2001.99871974126404	3.071823e+02
2002.99998310215051	3.071795e+02
2003.99892672382498	3.071767e+02
2004.99910086211912	3.071740e+02
2005.99975132704435	3.071713e+02
2006.99968559747913	3.071688e+02
2007.99838059500075	3.071663e+02
2008.99946407483458	3.071639e+02
2010.00017958868057	3.071616e+02
2010.99811436887239	3.071594e+02
2012.00009799786471	3.071572e+02
2013.00007377642805	3.071551e+02
2014.00024334006048	3.071531e+02
2014.99984687250253	3.071512e+02
2015.99872423445186	3.071493e+02
2017.00039146966742	3.071476e+02
2017.99944762206155	3.071459e+02
2018.99902973931535	3.071443e+02
2019.99926510331693	3.071427e+02
2021.00041439558163	3.071413e+02
2021.99893569980145	3.071399e+02
2023.00014567225253	3.071386e+02
2023.99799465514093	3.071374e+02
2024.99925690021951	3.071362e+02
2025.9981258396333	3.071352e+02
2026.99802969827783	3.071342e+02
2027.99863002482357	3.071333e+02
2028.99912882977151	3.071324e+02
2029.99940003971801	3.071317e+02
2030.99961806678425	3.071310e+02
2031.99984647913698	3.071305e+02
2033.00038005481906	3.071299e+02
2033.99871361746636	3.071295e+02
2035.0005466491109	3.071292e+02
2035.99886036417092	3.071289e+02
2036.99988564581076	3.071287e+02
2037.9982610211141	3.071285e+02
2039.00006026532355	3.071284e+02
2039.99878396542613	3.071284e+02
2040.99772480244224	3.071285e+02
2042.00012038723753	3.071286e+02
2042.99966677357202	3.071288e+02
2043.99909102798074	3.071291e+02
2044.99866566660921	3.071294e+02
2045.99868470683373	3.071298e+02
2046.99904399035381	3.071303e+02
2047.99968019166795	3.071308e+02
2049.00057878516054	3.071314e+02
2049.9985104174707	3.071321e+02
2050.99974557565474	3.071328e+02
2051.99827445028086	3.071337e+02
2053.00040170725606	3.071346e+02
2053.99975117620988	3.071355e+02
2054.99917963931011	3.071366e+02
2055.99906816382008	3.071381e+02
2057.00010239177618	3.071393e+02
2057.99957034940689	3.071406e+02
2059.00033855696984	3.071419e+02
2059.99877427408364	3.071433e+02
2061.00068028990472	3.071448e+02
2061.99967126352203	3.071463e+02
2062.9986247787715	3.071480e+02
2064.0005915181905	3.071497e+02
2064.99889326900075	3.071515e+02
2065.99960981869208	3.071534e+02
2066.99975605732197	3.071553e+02
2067.99950374386253	3.071574e+02
2068.99903816909227	3.071590e+02
2069.99854899783304	3.071613e+02
2070.99835310048456	3.071636e+02
2071.99848359109592	3.071659e+02
2072.99844596715275	3.071684e+02
2073.99778702077265	3.071708e+02
2074.99967222318037	3.071733e+02
2075.99810136242013	3.071758e+02
2076.99934962724456	3.071784e+02
2078.00007264182295	3.071810e+02
2078.9997303476639	3.071838e+02
2079.99798609703339	3.071866e+02
2080.99795342414836	3.071895e+02
2081.99986423388145	3.071926e+02
2082.99768968741637	3.071957e+02
2083.99737290915937	3.071990e+02
2084.99894619512907	3.072024e+02
2085.99976832878156	3.072059e+02
2087.00031337056316	3.072095e+02
2087.99766901176326	3.072132e+02
2088.99789846065732	3.072169e+02
2089.99794567799563	3.072208e+02
2090.99800346861957	3.072247e+02
2091.99812405934608	3.072286e+02
2092.99840201409143	3.072326e+02
2093.99876380594333	3.072366e+02
2094.99869089617778	3.072407e+02
2095.9978550317137	3.072448e+02
2096.9991733022307	3.072491e+02
2097.99977647816695	3.072534e+02
2098.99987393665151	3.072578e+02
2099.99979300803352	3.072623e+02
2101.00010186090003	3.072670e+02
2101.99846402574758	3.072718e+02
2102.99866839115339	3.072766e+02
2103.99813623537784	3.072816e+02
2104.99996692578725	3.072866e+02
2105.99816976857392	3.072917e+02
2106.99866919346414	3.072968e+02
2107.99782810185116	3.073019e+02
2108.9981657680155	3.073071e+02
2109.99908141417063	3.073124e+02
2111.00014270524571	3.073176e+02
2111.99784360021431	3.073230e+02
2112.9980692155591	3.073284e+02
2113.99772421590706	3.073339e+02
2115.00025172177084	3.073395e+02
2115.99995989037507	3.073452e+02
2116.99743479911331	3.073511e+02
2117.99936725192401	3.073570e+02
2118.99971794856356	3.073631e+02
2119.99836479931173	3.073692e+02
2120.99811993371668	3.073755e+02
2121.99882706652033	3.073818e+02
2122.9973407326479	3.073881e+02
2123.9997887224763	3.073945e+02
2124.99981503044955	3.074010e+02
2125.99746819986694	3.074075e+02
2126.99908667016416	3.074141e+02
2127.9985176557293	3.074208e+02
2128.99886088528137	3.074275e+02
2129.9999912036451	3.074342e+02
2130.99865504492345	3.074410e+02
2131.99786809570242	3.074477e+02
2132.99751634167706	3.074545e+02
2133.99753946215287	3.074613e+02
2134.99786540615605	3.074680e+02
2135.99851037891131	3.074747e+02
2136.9995630294261	3.074814e+02
2137.99793694486607	3.074880e+02
2138.99984749607711	3.074945e+02
2139.99877445712855	3.075010e+02
2140.99753084719578	3.075073e+02
2141.99917903327423	3.075137e+02
2142.99749645313159	3.075199e+02
2143.99886796876945	3.075261e+02
2144.99993714993252	3.075321e+02
2145.99733484778471	3.075381e+02
2147.00039487450886	3.075441e+02
2147.99976503022026	3.075500e+02
2148.99875176522892	3.075558e+02
2149.99746583337583	3.075616e+02
2150.99907529154007	3.075674e+02
2152.00030219342352	3.075731e+02
2152.99785677024329	3.075789e+02
2153.99733257606476	3.075846e+02
2154.99748501575414	3.075903e+02
2156.000377352143	3.075960e+02
2156.99863758590345	3.076017e+02
2157.99919717638477	3.076074e+02
2158.99807518371426	3.076131e+02
2159.9998077229543	3.076187e+02
2161.00031085701812	3.076243e+02
2162.00036355467819	3.076298e+02
2162.99924782493918	3.076353e+02
2163.99943658260054	3.076407e+02
2165.00044714256319	3.076461e+02
2165.99874920609682	3.076514e+02
2167.00033799808352	3.076567e+02
2167.99877640363593	3.076620e+02
2169.00023517328327	3.076672e+02
2169.99850800146805	3.076724e+02
2170.99994296293926	3.076777e+02
2171.99863989052164	3.076829e+02
2172.99750202157702	3.076881e+02
2173.9992223670597	3.076934e+02
2174.99740299741461	3.076986e+02
2175.99833749423806	3.077038e+02
2176.99911416738041	3.077090e+02
2177.99978870693667	3.077142e+02
2179.00033647576856	3.077194e+02
2179.9976957639301	3.077245e+02
2180.99803515688518	3.077296e+02
2181.99820458052909	3.077347e+02
2182.99845473769528	3.077397e+02
2183.99895209592114	3.077447e+02
2184.99950017484889	3.077496e+02
2186.00019397418373	3.077545e+02
2186.99787029970958	3.077594e+02
2187.99826391316947	3.077642e+02
2188.99771439201459	3.077690e+02
2189.99907864252827	3.077739e+02
2190.99935342400659	3.077787e+02
2191.99883265925837	3.077834e+02
2192.99795951929855	3.077882e+02
2193.99983017743807	3.077930e+02
2194.99780033080879	3.077977e+02
2195.99755666840838	3.078024e+02
2196.99925646415886	3.078071e+02
2197.99984148038402	3.078117e+02
2198.99928127135126	3.078163e+02
2199.99808676481643	3.078208e+02
2200.99998098248716	3.078253e+02
2201.99918517415335	3.078297e+02
2202.99908315789162	3.078341e+02
2203.9995327011743	3.078385e+02
2205.00010956640926	3.078428e+02
2205.9974725342804	3.078471e+02
2206.9976090697246	3.078514e+02
2208.0003674833938	3.078557e+02
2208.99940244910567	3.078600e+02
2209.99771086723058	3.078643e+02
2210.9985298354004	3.078687e+02
2211.99910742249858	3.078730e+02
2212.99971696180592	3.078773e+02
2213.99752000513672	3.078816e+02
2214.99894471088874	3.078859e+02
2215.9981775852375	3.078902e+02
2216.99840338094509	3.078945e+02
2217.99954605298126	3.078988e+02
2218.99848923973559	3.079031e+02
2219.99827675633151	3.079073e+02
2220.99872301500773	3.079116e+02
2221.99962852024055	3.079158e+02
2222.99777183598962	3.079200e+02
2223.99902753071365	3.079243e+02
2224.99982873955014	3.079285e+02
2225.9998707552727	3.079328e+02
2226.99913600122863	3.079371e+02
2227.99759010323805	3.079414e+02
2228.99846232958998	3.079457e+02
2229.99897909293577	3.079501e+02
2230.9996306599669	3.079545e+02
2232.00039433140728	3.079589e+02
2232.99787400434116	3.079633e+02
2233.99871370510118	3.079677e+02
2234.9999537612639	3.079721e+02
2235.99848415860879	3.079765e+02
2236.9976012285706	3.079809e+02
2237.9974617870439	3.079853e+02
2238.99784214628562	3.079897e+02
2239.99891322069834	3.079941e+02
2240.99789000996088	3.079985e+02
2242.00030983782108	3.080029e+02
2242.99914185837042	3.080073e+02
2243.99743710862595	3.080118e+02
2244.9984691276054	3.080163e+02
2245.9992081517712	3.080208e+02
2246.99974073588555	3.080253e+02
2248.00018196718929	3.080298e+02
2248.99762751118942	3.080344e+02
2249.99801405747576	3.080389e+02
2250.99809761508232	3.080435e+02
2251.99820086085674	3.080480e+02
2252.99882295924635	3.080526e+02
2254.00006169661992	3.080571e+02
2254.99875315346162	3.080616e+02
2255.99810970797625	3.080661e+02
2256.99824355901546	3.080706e+02
2257.99905473568333	3.080751e+02
2259.00019969251434	3.080796e+02
2259.9981875817798	3.080841e+02
2260.99919128155943	3.080887e+02
2262.00032459015301	3.080933e+02
2262.99873406835104	3.080979e+02
2264.0002081860398	3.081025e+02
2264.99863667349973	3.081072e+02
2266.00027632655883	3.081119e+02
2266.9985431275627	3.081166e+02
2267.99951118267973	3.081212e+02
2269.00016699129947	3.081259e+02
2269.99758185133123	3.081305e+02
2270.99786821735279	3.081350e+02
2271.99790892851388	3.081396e+02
2272.99816742215307	3.081441e+02
2273.99930044262283	3.081487e+02
2274.99835017376199	3.081532e+02
2275.99842348579068	3.081577e+02
2276.99740792660987	3.081622e+02
2277.99822741756543	3.081668e+02
2278.99984385249445	3.081715e+02
2279.99807266022026	3.081762e+02
2280.99875640573237	3.081809e+02
2281.99830753409651	3.081857e+02
2282.99894213778862	3.081904e+02
2283.99766376034813	3.081952e+02
2284.998243751882	3.081999e+02
2285.9982282519054	3.082045e+02
2286.99869785351211	3.082092e+02
2288.00041530655244	3.082138e+02
2288.99951252740084	3.082183e+02
2289.99786921335908	3.082229e+02
2290.99812690473073	3.082274e+02
2291.9977693247115	3.082319e+02
2292.99805242413095	3.082364e+02
2293.99830070155258	3.082410e+02
2294.9988735932684	3.082456e+02
2295.99737680840144	3.082503e+02
2296.997362918004	3.082551e+02
2297.99835026838127	3.082599e+02
2298.99810139530109	3.082648e+02
2299.99896535442485	3.082696e+02
2301.00015453566448	3.082744e+02
2301.99949696415069	3.082791e+02
2302.99774808424536	3.082837e+02
2303.99907972232177	3.082884e+02
2304.99849876808003	3.082929e+02
2305.99941864096763	3.082974e+02
2306.99814169517276	3.083019e+02
2307.99912113494747	3.083064e+02
2308.99866296727805	3.083108e+02
2309.99740859131316	3.083153e+02
2310.99987246703085	3.083198e+02
2311.99820423129177	3.083244e+02
2312.99859138255442	3.083291e+02
2313.9994256144837	3.083339e+02
2314.99908323351883	3.083387e+02
2316.00008394815541	3.083435e+02
2316.99989285751553	3.083484e+02
2317.99884932061877	3.083531e+02
2319.00006736875866	3.083579e+02
2319.99787336056079	3.083625e+02
2320.99868770266175	3.083671e+02
2322.00010910638866	3.083716e+02
2323.00034540120851	3.083761e+02
2323.99997020282581	3.083805e+02
2324.99781788980272	3.083849e+02
2325.99819909263806	3.083892e+02
2327.00007667975842	3.083936e+02
2328.00027143664965	3.083980e+02
2328.99961233529211	3.084024e+02
2329.999652867431	3.084069e+02
2330.99835263534351	3.084115e+02
2331.99841108730061	3.084161e+02
2332.99840211696892	3.084207e+02
2333.99763965347938	3.084254e+02
2334.99957929431184	3.084300e+02
2335.99803029698614	3.084346e+02
2336.99890683774356	3.084391e+02
2337.99955209680638	3.084436e+02
2339.00034084638401	3.084481e+02
2339.99829559317095	3.084524e+02
2340.99967267216425	3.084567e+02
2341.99800723161434	3.084610e+02
2342.99890011629896	3.084652e+02
2343.99892908347601	3.084694e+02
2344.99827801677657	3.084736e+02
2345.997805155278	3.084779e+02
2346.99903193915088	3.084822e+02
2347.99961710966136	3.084865e+02
2348.99858992739382	3.084909e+02
2350.00041670362452	3.084954e+02
2350.99831128024289	3.084998e+02
2351.99882692585015	3.085043e+02
2352.9983404695754	3.085087e+02
2353.99964050988183	3.085131e+02
2355.00015843287702	3.085175e+02
2356.00035204070218	3.085218e+02
2356.99748193251799	3.085260e+02
2357.99790440889547	3.085302e+02
2358.99840253773255	3.085344e+02
2359.99880880956607	3.085385e+02
2360.99891648527046	3.085426e+02
2361.99861574990382	3.085468e+02
2362.99863355898651	3.085509e+02
2364.00024669444701	3.085551e+02
2364.99810022804013	3.085593e+02
2365.99763788779637	3.085635e+02
2367.00011005986244	3.085678e+02
2367.99796373717663	3.085722e+02
2369.00042317796442	3.085766e+02
2369.99883797816256	3.085809e+02
2370.99953219971803	3.085853e+02
2371.99945387799426	3.085896e+02
2372.99897667841287	3.085939e+02
2373.99849069003858	3.085981e+02
2374.99828936273707	3.086023e+02
2375.99834002907892	3.086064e+02
2376.9986668221236	3.086105e+02
2377.99903901132166	3.086146e+02
2378.99908183994557	3.086187e+02
2379.9985360598921	3.086228e+02
2380.99748482587938	3.086269e+02
2381.99960393491756	3.086310e+02
2382.9995179112866	3.086352e+02
2383.99737201020798	3.086395e+02
2384.9987046308911	3.086438e+02
2385.99952367580681	3.086481e+02
2386.99957175900454	3.086524e+02
2387.99895135302222	3.086567e+02
2388.99773264053056	3.086609e+02
2389.99934795109812	3.086652e+02
2390.99794611844391	3.086694e+02
2392.000071067514	3.086735e+02
2392.99986942474106	3.086776e+02
2393.99735909048286	3.086817e+02
2394.99861755764323	3.086858e+02
2396.00038049822797	3.086898e+02
2396.999280046271	3.086938e+02
2397.9980206531327	3.086979e+02
2398.99936990546212	3.087020e+02
2400.00009661273771	3.087061e+02
2401.00022862171454	3.087102e+02
2401.99975452106037	3.087144e+02
2402.99857882436754	3.087186e+02
2403.99987990839827	3.087228e+02
2404.99771436263154	3.087270e+02
2405.99850742203034	3.087311e+02
2406.99943760110773	3.087353e+02
2407.99773064108285	3.087395e+02
2408.99994245487642	3.087436e+02
2410.00033731595931	3.087477e+02
2410.99895595835778	3.087518e+02
2411.99883692786898	3.087558e+02
2412.99975301639915	3.087599e+02
2413.99843709958805	3.087639e+02
2414.99756668073724	3.087679e+02
2415.99978622502795	3.087720e+02
2416.99856364521656	3.087760e+02
2418.00001604584122	3.087801e+02
2418.99799271498659	3.087842e+02
2419.9987927418324	3.087883e+02
2420.99938329038832	3.087924e+02
2421.99982983369091	3.087965e+02
2423.00018911715779	3.088005e+02
2423.99751364332587	3.088046e+02
2424.9981777602884	3.088087e+02
2425.99912214524238	3.088127e+02
2427.00019506984881	3.088168e+02
2427.9981607959844	3.088208e+02
2428.99928472065631	3.088248e+02
2429.99736154411175	3.088288e+02
2430.99842009405165	3.088328e+02
2431.99921838544333	3.088368e+02
2432.99973280321046	3.088408e+02
2433.99988832222334	3.088448e+02
2434.99956375596548	3.088488e+02
2435.99865888192835	3.088528e+02
2437.0001885427655	3.088568e+02
2437.99804783782565	3.088607e+02
2438.99856199650139	3.088647e+02
2439.9987412791188	3.088687e+02
2440.99863100579387	3.088726e+02
2441.99828404650953	3.088766e+02
2442.99768514480547	3.088805e+02
2443.99988470843846	3.088844e+02
2444.9987306353064	3.088883e+02
2445.99742126215824	3.088923e+02
2446.99919619922366	3.088962e+02
2447.99800719339055	3.089001e+02
2449.00008267641579	3.089040e+02
2449.99927919990387	3.089079e+02
2450.99861444218186	3.089118e+02
2451.99791152140278	3.089157e+02
2453.00013688460331	3.089196e+02
2453.99914594800839	3.089235e+02
2454.9979210174979	3.089274e+02
2455.99960560640875	3.089312e+02
2456.99819897199541	3.089351e+02
2457.99999726007673	3.089389e+02
2458.99811008820507	3.089428e+02
2459.99801173524884	3.089466e+02
2460.9973812106341	3.089505e+02
2461.999602100218	3.089544e+02
2462.99849580337514	3.089584e+02
2463.99949130303048	3.089623e+02
2464.99894132724648	3.089663e+02
2465.99884914598897	3.089704e+02
2466.99910480596418	3.089744e+02
2467.99937686812382	3.089784e+02
2468.99798518704938	3.089824e+02
2469.99991054773227	3.089864e+02
2470.99856156170927	3.089903e+02
2472.00010733379759	3.089942e+02
2472.99822254590345	3.089980e+02
2473.99863329917798	3.090018e+02
2474.99815405534582	3.090055e+02
2476.00005594850836	3.090091e+02
2476.99817209166258	3.090127e+02
2477.99865629239775	3.090161e+02
2478.99836041636036	3.090196e+02
2480.00023966126992	3.090229e+02
2480.99803662861541	3.090262e+02
2482.00039712141552	3.090294e+02
2482.9982461498239	3.090325e+02
2483.99807190137017	3.090356e+02
2484.99958241501281	3.090386e+02
2486.00013007160533	3.090416e+02
2487.00024099135953	3.090446e+02
2487.9997162465761	3.090475e+02
2488.99883911418601	3.090504e+02
2489.99813519589907	3.090534e+02
2490.99772194033585	3.090563e+02
2491.99765629056583	3.090593e+02
2492.9980162916745	3.090623e+02
2493.99889117297562	3.090653e+02
2495.00034273794836	3.090683e+02
2495.99936673973116	3.090714e+02
2496.99905960229626	3.090745e+02
2497.9994557521095	3.090776e+02
2498.99753238008907	3.090808e+02
2499.99947729902715	3.090840e+02
2500.99919630359909	3.090873e+02
2501.99967339764999	3.090906e+02
2503.00079409065529	3.090939e+02
2503.99938634722639	3.090972e+02
2504.99840853773048	3.091006e+02
2506.00086927230268	3.091040e+02
2507.0005589385014	3.091074e+02
2508.0005466460957	3.091108e+02
2509.00073594086234	3.091143e+02
2509.99805346357516	3.091177e+02
2510.99871320600323	3.091212e+02
2511.99973411103974	3.091247e+02
2512.99809854275554	3.091281e+02
2513.99994797670161	3.091317e+02
2514.99907669717004	3.091352e+02
2515.9987003076576	3.091387e+02
2516.99887012493264	3.091423e+02
2517.99960778680634	3.091459e+02
2519.00092831216534	3.091495e+02
2519.99953051158673	3.091531e+02
2520.99836085585366	3.091568e+02
2522.00036118810021	3.091605e+02
2522.99945027961076	3.091642e+02
2523.99842825720361	3.091678e+02
2525.00015672435393	3.091715e+02
2525.99848770081462	3.091752e+02
2526.99958009738111	3.091789e+02
2528.00036314507406	3.091826e+02
2529.00074844603978	3.091863e+02
2530.00064158086252	3.091900e+02
2531.00023862287844	3.091937e+02
2531.99958838139719	3.091974e+02
2532.99853022830484	3.092011e+02
2534.00025830022696	3.092049e+02
2534.99884392441436	3.092087e+02
2536.00048399108164	3.092125e+02
2536.99905064259292	3.092163e+02
2538.0008637657611	3.092201e+02
2538.9998327799799	3.092240e+02
2539.99901032525668	3.092279e+02
2540.99851782799442	3.092318e+02
2541.99855123628504	3.092357e+02
2542.99904870387536	3.092397e+02
2543.99996914063968	3.092436e+02
2544.99832916726973	3.092476e+02
2546.00021546476637	3.092516e+02
2546.99931673698256	3.092556e+02
2547.99881992875771	3.092596e+02
2548.99862262136003	3.092636e+02
2549.99845127508843	3.092676e+02
2550.99844442773247	3.092716e+02
2551.998593112035	3.092756e+02
2552.99871533058831	3.092796e+02
2553.9989976212928	3.092835e+02
2554.99952693893238	3.092875e+02
2556.00016099880759	3.092914e+02
2557.00094128681849	3.092953e+02
2557.99895570057834	3.092992e+02
2559.00036794657717	3.093031e+02
2559.99876402940254	3.093069e+02
2561.00029048555871	3.093108e+02
2561.99881457109268	3.093146e+02
2563.00036329194745	3.093183e+02
2563.99864794126188	3.093221e+02
2564.99997951802061	3.093258e+02
2565.99806654894201	3.093295e+02
2566.99887539327392	3.093331e+02
2567.99932199801924	3.093367e+02
2568.99937951830952	3.093403e+02
2569.99888282642405	3.093438e+02
2571.00088605964902	3.093473e+02
2571.99913804690959	3.093508e+02
2572.9997520523807	3.093542e+02
2573.99973460387309	3.093576e+02
2574.9991399030705	3.093610e+02
2575.99794255559391	3.093643e+02
2576.99933542342978	3.093676e+02
2578.00034653739704	3.093710e+02
2578.99793964354012	3.093742e+02
2579.99837141146509	3.093775e+02
2580.99860515131604	3.093808e+02
2581.99865806965227	3.093841e+02
2582.99858803817642	3.093873e+02
2583.99854520136341	3.093906e+02
2584.99860877221636	3.093939e+02
2585.99886769613204	3.093972e+02
2586.99940052540296	3.094004e+02
2588.00032822619914	3.094037e+02
2588.99868937208157	3.094070e+02
2590.00067251721293	3.094103e+02
2591.00007771264291	3.094136e+02
2591.999961690899	3.094169e+02
2593.00030722982319	3.094201e+02
2593.9979344911676	3.094234e+02
2594.998875517329	3.094267e+02
2596.00005991303124	3.094300e+02
2596.99857683497385	3.094332e+02
2598.00040491428535	3.094365e+02
2598.99919503987849	3.094397e+02
2599.99832176697328	3.094430e+02
2601.00078869902381	3.094462e+02
2602.00021481696558	3.094494e+02
2602.99993773763299	3.094526e+02
2604.00000663840683	3.094558e+02
2605.00028319116655	3.094590e+02
2606.00091222106585	3.094621e+02
2606.9987735065306	3.094652e+02
2607.99980269569915	3.094684e+02
2609.00076333192055	3.094715e+02
2609.99855893318454	3.094745e+02
2610.99928448174023	3.094776e+02
2611.99980045247003	3.094806e+02
2613.00014886259714	3.094836e+02
2614.00032546469038	3.094865e+02
2615.00027960245825	3.094895e+02
2615.99994637583222	3.094924e+02
2616.99924406199898	3.094953e+02
2617.9980576806588	3.094982e+02
2618.99938925570723	3.095010e+02
2620.00006816725318	3.095039e+02
2621.00010709850994	3.095067e+02
2621.99965731460088	3.095095e+02
2622.99882609439192	3.095123e+02
2624.00065838655109	3.095151e+02
2624.99906433560773	3.095179e+02
2626.00040335024778	3.095207e+02
2626.99848679841398	3.095235e+02
2627.99942005976436	3.095264e+02
2629.00021244846221	3.095292e+02
2629.99786268051685	3.095320e+02
2630.99851703354034	3.095349e+02
2631.99915995577385	3.095377e+02
2632.99999060617347	3.095406e+02
2633.998094927073	3.095434e+02
2634.99962825516013	3.095463e+02
2635.99843288546663	3.095492e+02
2636.99773663496444	3.095521e+02
2637.99760571516163	3.095549e+02
2638.99778690327184	3.095578e+02
2639.99830057556437	3.095607e+02
2640.99930329624567	3.095636e+02
2642.00049370648321	3.095665e+02
2642.99877582441013	3.095694e+02
2643.99757536305378	3.095723e+02
2644.99979533819624	3.095751e+02
2645.99889300449559	3.095780e+02
2646.99833597070574	3.095809e+02
2647.99813330419329	3.095837e+02
2648.99797848054914	3.095866e+02
2649.99826243877351	3.095895e+02
2650.99910091956144	3.095923e+02
2652.00022928678391	3.095951e+02
2652.99867573842175	3.095979e+02
2653.9975287735524	3.096007e+02
2654.99961209333287	3.096035e+02
2655.99870525406504	3.096063e+02
2656.99799105220563	3.096090e+02
2658.00045412392728	3.096117e+02
2658.99983573578857	3.096144e+02
2659.99931554451723	3.096171e+02
2660.99878235005872	3.096198e+02
2661.99808774638359	3.096224e+02
2663.00026451472104	3.096250e+02
2663.99897693488856	3.096275e+02
2665.0002880089196	3.096301e+02
2665.99801132077073	3.096326e+02
2666.99837887208196	3.096352e+02
2667.99829893663491	3.096377e+02
2668.99783730216404	3.096402e+02
2670.00017353254998	3.096427e+02
2670.99913104654706	3.096452e+02
2671.99782579633984	3.096477e+02
2672.99942548677382	3.096501e+02
2673.99778609802115	3.096526e+02
2674.99909865687141	3.096551e+02
2676.00029638023307	3.096576e+02
2676.99830942368817	3.096601e+02
2677.99935028333084	3.096626e+02
2679.0003654772695	3.096651e+02
2679.99830579483614	3.096677e+02
2680.99939321280681	3.096702e+02
2682.00055523101764	3.096727e+02
2682.99869837807182	3.096752e+02
2684.00004568391796	3.096778e+02
2684.99851993432549	3.096803e+02
2686.00031583854297	3.096828e+02
2686.99921593488534	3.096854e+02
2687.99831397159369	3.096879e+02
2688.99762290014041	3.096904e+02
2690.00027590692935	3.096930e+02
2690.99999547597145	3.096955e+02
2691.99977746517061	3.096980e+02
2692.99981644030277	3.097006e+02
2694.00017155536761	3.097031e+02
2694.99772649186116	3.097056e+02
2695.99885377340388	3.097082e+02
2697.00046887395001	3.097107e+02
2697.9993934163017	3.097133e+02
2698.99876738618514	3.097158e+02
2699.99865489591184	3.097183e+02
2700.9990826995313	3.097209e+02
2702.0000149007069	3.097234e+02
2702.99836930913671	3.097259e+02
2704.00033308723232	3.097283e+02
2704.99946880740708	3.097308e+02
2705.99874803743933	3.097332e+02
2706.99816590584351	3.097356e+02
2707.99756580653138	3.097379e+02
2708.99990188669699	3.097403e+02
2709.99895450594067	3.097426e+02
2710.99778392072312	3.097449e+02
2711.99940795776774	3.097472e+02
2712.99763720082137	3.097495e+02
2713.99872550815689	3.097517e+02
2714.99954709951135	3.097540e+02
2716.00015619130727	3.097562e+02
2716.99752266370433	3.097584e+02
2717.99786898524098	3.097606e+02
2718.9981179681904	3.097629e+02
2719.99833251796827	3.097651e+02
2720.99851282848158	3.097673e+02
2721.99865080398149	3.097695e+02
2722.99877233849793	3.097717e+02
2723.99886266513386	3.097739e+02
2724.99886657676097	3.097761e+02
2725.99873763257528	3.097783e+02
2726.99846546551362	3.097805e+02
2727.9981010648703	3.097828e+02
2728.9976843829736	3.097850e+02
2730.00035840969122	3.097872e+02
2730.99996070567022	3.097895e+02
2731.99961359939516	3.097917e+02
2732.99934192592218	3.097939e+02
2733.99919432913339	3.097961e+02
2734.99922580758403	3.097984e+02
2735.99946555459383	3.098006e+02
2736.99992229074496	3.098028e+02
2738.00057490861263	3.098051e+02
2738.99831257485448	3.098073e+02
2739.99937935182015	3.098096e+02
2740.99754048845125	3.098118e+02
2741.99902451592243	3.098140e+02
2742.99766334834021	3.098163e+02
2743.99971227169408	3.098185e+02
2744.99897148291438	3.098208e+02
2745.99862066898504	3.098230e+02
2746.99873735936671	3.098252e+02
2747.99934858969027	3.098274e+02
2749.00049996806138	3.098297e+02
2749.99909429389663	3.098318e+02
2750.9982082681945	3.098340e+02
2751.9978040475321	3.098362e+02
2752.99786482638046	3.098383e+02
2753.99834415190799	3.098404e+02
2754.99910241042335	3.098425e+02
2755.99998668010585	3.098446e+02
2756.9977270847462	3.098467e+02
2757.99846597625265	3.098487e+02
2758.99901732126773	3.098507e+02
2759.99933732970476	3.098527e+02
2760.99934944763163	3.098547e+02
2761.99903831849861	3.098566e+02
2762.99843229781391	3.098586e+02
2763.99753766924823	3.098605e+02
2764.9995297544956	3.098624e+02
2765.99824121572101	3.098643e+02
2766.99993920934639	3.098662e+02
2767.99840236972841	3.098681e+02
2768.99990027811918	3.098700e+02
2769.99817972866913	3.098719e+02
2770.99944623232204	3.098738e+02
2772.00056690254041	3.098756e+02
2772.99841457706179	3.098775e+02
2773.99920637450896	3.098794e+02
2774.99980997238254	3.098813e+02
2776.00022643083412	3.098832e+02
2777.00047745049324	3.098851e+02
2778.00059357119881	3.098870e+02
2779.00060210025686	3.098889e+02
2780.00053056490015	3.098908e+02
2781.00040933635682	3.098927e+02
2782.00025681299303	3.098946e+02
2783.00007981718772	3.098965e+02
2783.9999094651248	3.098983e+02
2784.99978609565824	3.099002e+02
2785.99970857577682	3.099021e+02
2786.99967699975059	3.099040e+02
2787.99973639800464	3.099058e+02
2788.9998819860084	3.099077e+02
2790.00011241906213	3.099096e+02
2791.00048445079892	3.099114e+02
2791.99792296568467	3.099133e+02
2792.99870966538174	3.099151e+02
2793.99980533089456	3.099170e+02
2794.99814324459066	3.099188e+02
2795.99998008805551	3.099206e+02
2796.99910140148131	3.099224e+02
2797.99864561077948	3.099242e+02
2798.99857346735871	3.099259e+02
2799.99882604556296	3.099277e+02
2800.99935140733623	3.099294e+02
2802.00007076547126	3.099311e+02
2802.99778266680732	3.099327e+02
2803.99870001165209	3.099343e+02
2804.99964568148607	3.099360e+02
2806.00055099140627	3.099375e+02
2806.99823017126346	3.099391e+02
2807.99890079282204	3.099407e+02
2808.99938861525698	3.099422e+02
2809.99969086145347	3.099437e+02
2810.99985466412863	3.099452e+02
2811.99987339113432	3.099467e+02
2812.99973711734629	3.099482e+02
2813.99949959149126	3.099497e+02
2814.99910169612394	3.099511e+02
2815.99850798087118	3.099526e+02
2816.99775242364149	3.099541e+02
2817.99993398254901	3.099555e+02
2818.99875278360332	3.099570e+02
2820.00041913608993	3.099584e+02
2820.99868258738843	3.099599e+02
2821.99975684999572	3.099614e+02
2823.00050025327755	3.099628e+02
2823.99781988198538	3.099643e+02
2824.99797953310508	3.099658e+02
2825.99787079712632	3.099672e+02
2826.99752400357602	3.099687e+02
2828.00009517123453	3.099701e+02
2828.99937309692905	3.099716e+02
2829.99848164044533	3.099730e+02
2831.00051385396773	3.099744e+02
2831.99934374564509	3.099759e+02
2832.99815101384183	3.099773e+02
2833.99993218959071	3.099787e+02
2834.99847098656801	3.099801e+02
2836.00002786650839	3.099816e+02
2836.99842692314951	3.099830e+02
2837.99997599358403	3.099844e+02
2838.99857233503189	3.099857e+02
2840.0004832745949	3.099871e+02
2840.99948532379813	3.099885e+02
2841.99869504890466	3.099899e+02
2842.99806443157513	3.099912e+02
2843.99754858404549	3.099926e+02
2845.00028381328593	3.099939e+02
2846.00007246186897	3.099952e+02
2847.00006165629793	3.099965e+02
2848.00031450211964	3.099978e+02
2848.99775783342284	3.099991e+02
2849.99863363367194	3.100004e+02
2850.99982555372026	3.100016e+02
2851.99817937527996	3.100028e+02
2852.99987255858059	3.100040e+02
2853.99860941159932	3.100052e+02
2855.00059105707669	3.100064e+02
2855.9995370689353	3.100075e+02
2856.99855813274007	3.100087e+02
2857.99766692333287	3.100098e+02
2858.9999956206334	3.100109e+02
2859.99930785326524	3.100120e+02
2860.99873526533247	3.100131e+02
2861.99826933368786	3.100141e+02
2862.99786879663861	3.100152e+02
2864.00062357392972	3.100162e+02
2865.00026576370419	3.100173e+02
2865.9998439128517	3.100183e+02
2866.99926004866938	3.100193e+02
2867.99855292796565	3.100203e+02
2868.99766193429832	3.100213e+02
2869.99965851680554	3.100223e+02
2870.99825992603019	3.100233e+02
2871.99965536026457	3.100243e+02
2872.99755919371	3.100253e+02
2873.99818645784126	3.100262e+02
2874.99840513695381	3.100272e+02
2875.99819912794965	3.100282e+02
2876.99757544710064	3.100291e+02
2877.99967094089698	3.100301e+02
2878.99828746838648	3.100311e+02
2879.99967835713323	3.100320e+02
2880.99765908685413	3.100330e+02
2881.99848382585424	3.100339e+02
2882.99907607965861	3.100349e+02
2883.99945711702321	3.100358e+02
2884.99956041807172	3.100368e+02
2885.99953928932428	3.100377e+02
2886.99940162959319	3.100387e+02
2887.99910088683737	3.100396e+02
2888.99866296788377	3.100406e+02
2889.99812889266923	3.100415e+02
2890.99754712771346	3.100425e+02
2892.00007764612064	3.100434e+02
2892.99957142305402	3.100443e+02
2893.99917356502283	3.100453e+02
2894.99891113235526	3.100462e+02
2895.99881272031462	3.100471e+02
2896.99890228911363	3.100480e+02
2897.99919440826079	3.100489e+02
2898.99969898907921	3.100497e+02
2900.00042538156822	3.100506e+02
2900.99827257065681	3.100515e+02
2901.99944926494891	3.100523e+02
2902.99772888530606	3.100531e+02
2903.99933826368306	3.100539e+02
2904.99804350447357	3.100547e+02
2906.00005878848015	3.100555e+02
2906.99916950012766	3.100563e+02
2907.99849670960748	3.100570e+02
2908.99806431657908	3.100577e+02
2909.99791295359046	3.100584e+02
2910.99807359191254	3.100591e+02
2911.99857211342396	3.100598e+02
2912.99942276642787	3.100605e+02
2914.00062368954741	3.100611e+02
2914.99903405660643	3.100618e+02
2915.99774740466	3.100624e+02
2916.99984136788544	3.100630e+02
2917.99902520207797	3.100635e+02
2918.99836946620962	3.100641e+02
2919.99782958261767	3.100646e+02
2921.00049845586864	3.100651e+02
2921.99997040520066	3.100656e+02
2922.99937649817048	3.100661e+02
2923.99866305935166	3.100666e+02
2924.99777637816533	3.100671e+02
2925.99978712385882	3.100675e+02
2926.99841892929589	3.100679e+02
2927.99989034549253	3.100684e+02
2928.99793172498221	3.100688e+02
2929.99874946110549	3.100692e+02
2930.99920424626862	3.100696e+02
2931.99927517524247	3.100700e+02
2932.99893598591143	3.100704e+02
2933.99816092099627	3.100708e+02
2935.00004464529275	3.100712e+02
2935.99834124196968	3.100716e+02
2936.99924771074438	3.100720e+02
2937.99964680275434	3.100724e+02
2938.99955002328579	3.100728e+02
2939.99898475730561	3.100732e+02
2940.99799142477559	3.100736e+02
2941.99969899304142	3.100740e+02
2942.99789763447097	3.100744e+02
2943.99900723070186	3.100748e+02
2944.99986880195729	3.100752e+02
2946.00050428817485	3.100757e+02
2946.99785858360246	3.100761e+02
2947.99816832813258	3.100765e+02
2948.99840250985471	3.100769e+02
2949.99862809933074	3.100774e+02
