# Region type : patch node2U_5_Outlet_0
#   Faces  : 148
#   Area   : 1.731072e-02
#        Time	areaAverage(T)
     0.999427	3.001500e+02
      2.00049	3.001500e+02
      3.00031	3.001481e+02
      3.99974	3.001482e+02
     4.999837	3.001495e+02
      6.00101	3.001498e+02
     7.000448	3.001499e+02
     8.000372	3.001500e+02
     9.000012	3.001499e+02
   10.0011397	3.001498e+02
   11.0005124	3.001812e+02
   12.0006243	3.002125e+02
    13.001107	3.002437e+02
   13.9997402	3.002747e+02
  14.99964955	3.003057e+02
  15.99955708	3.003365e+02
  17.00134405	3.003672e+02
  18.00000337	3.003978e+02
  19.00006167	3.004282e+02
 20.001505108	3.004586e+02
 20.999254464	3.004888e+02
  22.00150266	3.005190e+02
 23.001714829	3.005491e+02
 23.999634984	3.005789e+02
25.00095516804	3.006088e+02
25.9996836352	3.006386e+02
26.99932842931	3.006683e+02
28.00029166142	3.006979e+02
28.99937441246	3.007274e+02
30.002134441893	3.007569e+02
31.002014765417	3.007863e+02
32.001552166551	3.008155e+02
33.000560257147	3.008446e+02
33.999249928093	3.008737e+02
35.00108530523362	3.009027e+02
36.00057592118466	3.009317e+02
37.00120630448001	3.009607e+02
38.00022932106895	3.009897e+02
39.00052258115672	3.010188e+02
40.0012943804983152	3.010478e+02
41.0019879837090926	3.010769e+02
41.9992708912271695	3.011058e+02
43.0021545135227328	3.011347e+02
44.0019391598090266	3.011635e+02
44.9992995861729526	3.011921e+02
46.0009844670853099	3.012206e+02
47.0014489491798813	3.012490e+02
48.0008801364990703	3.012773e+02
48.9995304912996801	3.013054e+02
50.0001794237682375	3.013334e+02
50.9993551299025256	3.013613e+02
51.9998205148969248	3.013890e+02
53.0015311001695864	3.014167e+02
54.0013696283965601	3.014442e+02
54.9993238877661597	3.014716e+02
56.0015339065886479	3.014989e+02
57.0018205760141825	3.015262e+02
58.000096433294182	3.015533e+02
58.9991359299691496	3.015805e+02
60.0016627635771727	3.016076e+02
61.0010778941215932	3.016347e+02
62.0000130700834902	3.016617e+02
63.0010986270090001	3.016888e+02
64.0009690790207202	3.017158e+02
64.9994918949116851	3.017428e+02
65.9998560646141783	3.017698e+02
66.9992477683962306	3.017968e+02
68.0009249354785794	3.018238e+02
69.0019475640447695	3.018507e+02
69.9993513960609874	3.018775e+02
70.9993591323269015	3.019043e+02
72.0020465187059102	3.019312e+02
73.0013581031466714	3.019579e+02
74.000423255190384	3.019846e+02
74.9993458644687365	3.020112e+02
76.0013508435945511	3.020378e+02
77.0005510755528491	3.020644e+02
78.0000113736252843	3.020909e+02
78.9992549610128236	3.021174e+02
80.0009720943383229	3.021439e+02
81.0020589541296232	3.021703e+02
81.9992454193614009	3.021967e+02
83.0014611672898184	3.022231e+02
83.9993628440124525	3.022494e+02
85.0020431376517678	3.022758e+02
86.000333987758637	3.023020e+02
87.0003695380874404	3.023283e+02
88.0020658759812022	3.023545e+02
88.9993795452335519	3.023806e+02
90.0015696379174557	3.024067e+02
90.9997903684166971	3.024328e+02
92.0003898830139377	3.024588e+02
93.0006194266289867	3.024848e+02
94.0007057145538596	3.025107e+02
95.0007997335581251	3.025366e+02
96.0009686444809773	3.025625e+02
97.0012373806239623	3.025883e+02
98.0016053172324462	3.026141e+02
99.0020344570527584	3.026398e+02
99.9994552294174497	3.026655e+02
100.999851234731452	3.026912e+02
102.000136850138333	3.027168e+02
103.000241500016131	3.027424e+02
104.000073061910427	3.027679e+02
104.999552930719901	3.027934e+02
106.001633206025147	3.028189e+02
107.000192996165325	3.028443e+02
108.001260471577879	3.028697e+02
109.001819915586253	3.028951e+02
110.001932009313407	3.029203e+02
111.001635624775176	3.029456e+02
112.000980310532839	3.029708e+02
113.000018915714335	3.029959e+02
114.001807672044521	3.030210e+02
115.000361508444968	3.030461e+02
116.001781982353393	3.030711e+02
117.000048097326257	3.030961e+02
118.00122264940498	3.031210e+02
118.999382617868164	3.031459e+02
120.000616562993542	3.031708e+02
121.002007225989203	3.031956e+02
122.000661640430124	3.032203e+02
122.999734831133267	3.032451e+02
123.99952262735836	3.032698e+02
125.000333848736219	3.032944e+02
125.999642959708595	3.033191e+02
127.000956414914896	3.033437e+02
128.001293686371213	3.033682e+02
129.000700621259568	3.033927e+02
130.002135701572797	3.034173e+02
130.999533849213833	3.034416e+02
131.999244240588723	3.034660e+02
133.001101245812436	3.034905e+02
134.0020971077968	3.035148e+02
135.002075643628388	3.035391e+02
136.000848975566782	3.035634e+02
137.001309026256649	3.035876e+02
138.000254544982795	3.036118e+02
139.000649575250975	3.036359e+02
139.999224934568531	3.036600e+02
141.002036637829093	3.036841e+02
141.999654446908238	3.037081e+02
143.001271960468813	3.037321e+02
144.000548532269903	3.037560e+02
145.00044839448563	3.037798e+02
146.000849050599697	3.038036e+02
147.001677167223932	3.038273e+02
147.99975047252525	3.038509e+02
149.001369451029944	3.038744e+02
150.000282434108982	3.038978e+02
150.999551328031998	3.039211e+02
151.999184896249147	3.039443e+02
152.999208185270845	3.039674e+02
153.999585696359787	3.039904e+02
155.00029833082661	3.040133e+02
156.001343237128225	3.040361e+02
156.999457705577299	3.040587e+02
158.000686168546764	3.040812e+02
159.001776087131674	3.041036e+02
159.999561059721657	3.041257e+02
161.000550527382018	3.041478e+02
162.001972559951867	3.041697e+02
163.000888609676053	3.041914e+02
164.000316687785954	3.042130e+02
165.000096140130211	3.042345e+02
166.000088612179667	3.042559e+02
167.000061340522421	3.042773e+02
167.999782828424799	3.042985e+02
168.999172341489157	3.043196e+02
170.001230534148533	3.043406e+02
170.999544804163264	3.043614e+02
172.00045496321485	3.043821e+02
173.000757901779707	3.044026e+02
174.000444045117518	3.044230e+02
174.999760596408947	3.044433e+02
176.002157779350711	3.044635e+02
177.001661582702695	3.044835e+02
178.001628294344187	3.045035e+02
178.999162606507298	3.045233e+02
180.000503473761029	3.045431e+02
180.999207866690625	3.045628e+02
182.001208593017452	3.045824e+02
183.000047488950003	3.046020e+02
184.001808139786192	3.046215e+02
184.999937399233318	3.046408e+02
186.000595667805044	3.046601e+02
187.000530755139152	3.046794e+02
187.999425330199387	3.046986e+02
189.000062339945401	3.047178e+02
189.999357851741564	3.047369e+02
191.001057008974414	3.047560e+02
191.999795576908383	3.047751e+02
193.002046035564831	3.047942e+02
194.001168212745995	3.048133e+02
195.000232847940111	3.048323e+02
195.99953641592225	3.048513e+02
196.999439237675062	3.048702e+02
197.999269378639354	3.048892e+02
199.000650340503455	3.049081e+02
200.000842022656059	3.049271e+02
201.00119110761409	3.049460e+02
202.001134602567248	3.049650e+02
202.999417775043128	3.049840e+02
204.000827370954454	3.050030e+02
205.000559713225243	3.050220e+02
206.000502514791634	3.050409e+02
207.00011763453864	3.050599e+02
207.999195525308778	3.050787e+02
209.000671541921633	3.050976e+02
210.001817201873507	3.051163e+02
211.0002458890323	3.051349e+02
211.999364130299796	3.051535e+02
213.001839980993253	3.051720e+02
214.000870215088923	3.051903e+02
215.002023773923156	3.052086e+02
216.001504856122665	3.052267e+02
217.002189670235424	3.052447e+02
218.001143521538211	3.052626e+02
219.001212277794565	3.052803e+02
219.999323567592427	3.052979e+02
221.002031393932299	3.053154e+02
222.000217558785977	3.053327e+02
222.99997324448853	3.053498e+02
224.001867206834618	3.053669e+02
225.000375206176443	3.053838e+02
226.00200082573221	3.054007e+02
227.000972114187221	3.054175e+02
228.000539892764351	3.054342e+02
229.000893584517286	3.054509e+02
229.999159920018428	3.054676e+02
231.001639840260879	3.054843e+02
231.999283063040082	3.055009e+02
233.00130211069677	3.055176e+02
234.001698960598503	3.055343e+02
235.000597990278322	3.055509e+02
236.001193587127887	3.055676e+02
237.000556169397072	3.055842e+02
238.001863471893813	3.056009e+02
239.002111919382003	3.056175e+02
240.001418570662111	3.056340e+02
240.999928434963607	3.056505e+02
242.000753346005581	3.056669e+02
243.000790839895984	3.056833e+02
244.000120610590187	3.056996e+02
245.0016559814066	3.057158e+02
246.000482859716641	3.057319e+02
246.99990715638009	3.057480e+02
247.999403010268622	3.057640e+02
249.001563930534189	3.057799e+02
249.99991638000995	3.057957e+02
251.00124377511591	3.058115e+02
252.000612908785769	3.058271e+02
253.001586776589619	3.058428e+02
254.001036030762123	3.058583e+02
254.999975551401036	3.058737e+02
256.000901604547437	3.058891e+02
257.000429744924418	3.059043e+02
258.001671223638084	3.059195e+02
259.001589548794925	3.059345e+02
260.000266655218695	3.059493e+02
261.000969535167712	3.059641e+02
262.000494430921947	3.059788e+02
263.002051357954429	3.059934e+02
263.999663054152222	3.060078e+02
264.999816340629877	3.060223e+02
265.999646482167861	3.060367e+02
266.999122460407477	3.060512e+02
268.001488989346399	3.060656e+02
269.000493605175279	3.060800e+02
270.001990224823089	3.060945e+02
270.999337872084311	3.061088e+02
272.001339823267472	3.061231e+02
273.001474013986467	3.061373e+02
273.999720630411105	3.061514e+02
274.999301622459257	3.061653e+02
276.00038858779908	3.061792e+02
277.000037429810845	3.061929e+02
277.99913815271151	3.062065e+02
279.001896234752223	3.062200e+02
279.999861762659407	3.062333e+02
280.999488359605721	3.062466e+02
282.000390167863145	3.062598e+02
283.001987050804189	3.062729e+02
284.000403045574728	3.062860e+02
285.001459538132849	3.062991e+02
286.001911629869539	3.063121e+02
287.001710184502201	3.063251e+02
288.000877315806576	3.063381e+02
288.999535921458005	3.063510e+02
290.000849147452925	3.063640e+02
291.001784583192489	3.063770e+02
291.999470265078116	3.063898e+02
293.000350726228248	3.064027e+02
294.001453998386921	3.064155e+02
294.99966250983897	3.064282e+02
296.001136649546311	3.064408e+02
296.999687551871489	3.064534e+02
298.001247068601629	3.064659e+02
298.999548585051969	3.064783e+02
300.000750059626967	3.064907e+02
301.001680673730334	3.065031e+02
301.999163971664927	3.065153e+02
302.999367282612582	3.065275e+02
303.999165754537898	3.065397e+02
305.001521887055901	3.065518e+02
306.000375119051853	3.065639e+02
307.001951876416115	3.065760e+02
308.000142042528466	3.065879e+02
309.001212895246681	3.065999e+02
309.999178614301854	3.066118e+02
311.000144539620237	3.066237e+02
312.001033491892031	3.066355e+02
313.001930242594824	3.066473e+02
313.999795573081769	3.066591e+02
315.000737111554429	3.066708e+02
316.001795102997278	3.066826e+02
317.00001860641413	3.066942e+02
318.001569055336915	3.067059e+02
319.000370431756608	3.067175e+02
319.999538897728996	3.067291e+02
321.002128177021007	3.067407e+02
322.001976849831294	3.067523e+02
323.002194787671499	3.067638e+02
323.999791101614449	3.067753e+02
325.000926405668565	3.067868e+02
325.999464392117318	3.067982e+02
327.001583740419449	3.068097e+02
328.001120124628414	3.068212e+02
329.001056924662748	3.068327e+02
330.001316807607054	3.068441e+02
331.001922953082271	3.068556e+02
331.999820607277798	3.068670e+02
333.001108668105701	3.068785e+02
333.999592450065279	3.068900e+02
335.001430012474145	3.069015e+02
336.000445902539866	3.069130e+02
336.999658818477883	3.069246e+02
338.002156064041969	3.069361e+02
339.001851563835544	3.069476e+02
340.001899743984723	3.069591e+02
340.999156465230499	3.069706e+02
341.999853923984119	3.069821e+02
343.000704997008711	3.069935e+02
344.001376858938784	3.070049e+02
345.00203887706607	3.070163e+02
345.999955215504826	3.070277e+02
347.000522663162087	3.070390e+02
348.000200029152836	3.070503e+02
349.000522755694988	3.070616e+02
350.001253613143035	3.070729e+02
351.000624273237918	3.070841e+02
351.999435802063715	3.070952e+02
353.002196744729815	3.071064e+02
354.001070048515999	3.071176e+02
355.001641036799754	3.071287e+02
355.999599629701663	3.071397e+02
357.000540487227624	3.071507e+02
358.000075444862205	3.071617e+02
358.999302800154226	3.071727e+02
360.001709987803054	3.071836e+02
361.000074298292702	3.071944e+02
362.000859290272558	3.072052e+02
363.001622746756937	3.072160e+02
364.001832563596452	3.072267e+02
365.001535463384243	3.072373e+02
366.00131467837474	3.072480e+02
367.00110538924082	3.072585e+02
368.000736030787152	3.072690e+02
369.000275218586978	3.072795e+02
369.999824276884169	3.072900e+02
370.999426774194205	3.073004e+02
372.002080612393968	3.073109e+02
373.001588932385062	3.073212e+02
374.001081446833666	3.073316e+02
375.000626116571937	3.073419e+02
376.000218547876443	3.073522e+02
376.999910591726973	3.073625e+02
377.999797780145002	3.073728e+02
378.999906813743962	3.073831e+02
380.000244808336674	3.073933e+02
381.000865619572778	3.074035e+02
382.001806304484546	3.074137e+02
382.999946272056377	3.074239e+02
384.001355606036498	3.074341e+02
384.99985631053687	3.074442e+02
386.0015402976166	3.074543e+02
387.000162701931743	3.074644e+02
388.001801501548812	3.074744e+02
389.000300444038373	3.074844e+02
390.001742707954349	3.074945e+02
390.99990443699852	3.075045e+02
392.000936197689441	3.075144e+02
393.00177492471073	3.075244e+02
393.999328852185783	3.075343e+02
394.999780108992752	3.075442e+02
396.000134804692266	3.075541e+02
397.00042004616688	3.075640e+02
398.000667031307955	3.075738e+02
399.000931769728538	3.075836e+02
400.001227470614424	3.075935e+02
401.001544797640236	3.076032e+02
402.001902596511854	3.076130e+02
402.999246021227464	3.076228e+02
403.999704245461601	3.076325e+02
405.000213976000339	3.076422e+02
406.000785726507388	3.076519e+02
407.001408508531085	3.076616e+02
408.002071314539194	3.076712e+02
408.999708595374841	3.076808e+02
410.000459919667492	3.076905e+02
411.001252828558734	3.077000e+02
412.002098628850092	3.077096e+02
412.999937502784405	3.077191e+02
414.000908309496879	3.077286e+02
415.001942485681127	3.077381e+02
415.999966713914432	3.077476e+02
417.001110452812043	3.077570e+02
417.999223947442431	3.077664e+02
419.000449839982025	3.077759e+02
420.001714127287812	3.077853e+02
420.999943618431587	3.077947e+02
422.001290078822194	3.078041e+02
422.999615985253001	3.078134e+02
424.001060314288623	3.078228e+02
424.999478222599919	3.078321e+02
426.001017745420938	3.078414e+02
426.999530720086625	3.078507e+02
428.001152874177365	3.078600e+02
428.999734515582077	3.078693e+02
430.001408625449528	3.078785e+02
431.000010340225799	3.078877e+02
432.001667839199797	3.078969e+02
433.000221815074497	3.079061e+02
434.001804251808949	3.079152e+02
435.000261415516377	3.079243e+02
436.001731095603191	3.079334e+02
437.000062707295285	3.079425e+02
438.001391866866186	3.079515e+02
438.999570770102707	3.079606e+02
440.000737846380048	3.079696e+02
441.00182111589163	3.079785e+02
441.999771361342766	3.079875e+02
443.000763413799177	3.079964e+02
444.001696459830953	3.080054e+02
444.999500435886944	3.080142e+02
446.00032752414711	3.080231e+02
447.001117645498596	3.080320e+02
448.001883226712721	3.080408e+02
448.999571098762033	3.080496e+02
450.00033578121878	3.080584e+02
451.00111711588346	3.080672e+02
452.001919501336943	3.080760e+02
452.999672442533097	3.080847e+02
454.000509144188925	3.080934e+02
455.001349657630726	3.081021e+02
456.002184940512961	3.081107e+02
456.999938224470498	3.081193e+02
458.000744652436538	3.081279e+02
459.001531729330225	3.081365e+02
459.999229727689283	3.081451e+02
460.999980922561065	3.081536e+02
462.000721221335311	3.081621e+02
463.001457879234579	3.081706e+02
464.002198438059679	3.081791e+02
464.999883907378376	3.081875e+02
466.000675712563577	3.081960e+02
467.001515884230287	3.082044e+02
467.999330505639648	3.082128e+02
469.000266807748972	3.082212e+02
470.001261089356149	3.082296e+02
470.999245163364833	3.082379e+02
472.000360361590424	3.082463e+02
473.001534471459308	3.082546e+02
473.99969086704948	3.082629e+02
475.000964073942441	3.082712e+02
475.999201404603866	3.082795e+02
477.000533716233122	3.082877e+02
478.001873839315238	3.082960e+02
479.000134933457161	3.083042e+02
480.001446950719014	3.083124e+02
480.999654544415421	3.083205e+02
482.00089220139256	3.083287e+02
483.002083364948987	3.083368e+02
484.000154946090731	3.083449e+02
485.001249816296991	3.083529e+02
485.999230737996697	3.083610e+02
487.00024615858581	3.083690e+02
488.001234027089424	3.083770e+02
488.999135972829379	3.083850e+02
490.000107037485407	3.083930e+02
491.001090819159572	3.084010e+02
492.002101665974578	3.084089e+02
493.00008301340813	3.084168e+02
494.001188349803726	3.084248e+02
494.999284798957547	3.084326e+02
496.000521798226259	3.084405e+02
497.001832923759764	3.084484e+02
498.000146640750472	3.084563e+02
499.001605196865512	3.084641e+02
500.000061963698101	3.084719e+02
501.001655800322453	3.084798e+02
502.000234992100616	3.084875e+02
503.001937609868378	3.084953e+02
504.000610741995047	3.085031e+02
504.999319615887543	3.085108e+02
506.001131858100678	3.085185e+02
506.999897443339478	3.085262e+02
508.001760645684897	3.085339e+02
509.00057494393468	3.085416e+02
509.999413898640967	3.085492e+02
511.001351703648083	3.085569e+02
512.000243591651156	3.085645e+02
512.999166595937822	3.085721e+02
514.001198888276008	3.085797e+02
515.000197471901288	3.085873e+02
515.999240191230342	3.085948e+02
517.001404900109492	3.086024e+02
518.000546014341694	3.086099e+02
518.9997392945819	3.086174e+02
520.002060063838258	3.086249e+02
521.001358525883006	3.086324e+02
522.000709177407316	3.086399e+02
523.000105090532884	3.086473e+02
523.999529934207544	3.086547e+02
525.002084781041731	3.086622e+02
526.001622665853461	3.086696e+02
527.001171985616338	3.086769e+02
528.000721685101212	3.086843e+02
529.000262130536157	3.086916e+02
529.999796097172407	3.086990e+02
530.999318975361916	3.087062e+02
532.001899480313568	3.087135e+02
533.001399512774583	3.087208e+02
534.000900020699419	3.087281e+02
535.000404316961408	3.087353e+02
535.999921060856764	3.087425e+02
536.999458418444192	3.087497e+02
538.002103412542056	3.087569e+02
539.001714787084325	3.087640e+02
540.001366371732502	3.087712e+02
541.001061457090373	3.087783e+02
542.000809750296298	3.087854e+02
543.000609536481306	3.087925e+02
544.000457062784562	3.087996e+02
545.000356160035494	3.088067e+02
546.000305324828219	3.088137e+02
547.000296519477502	3.088208e+02
548.00032856348605	3.088278e+02
549.00039992437064	3.088348e+02
550.00050195823269	3.088418e+02
551.000628867013802	3.088488e+02
552.000778619984771	3.088557e+02
553.000945071355659	3.088627e+02
554.001124319738892	3.088696e+02
555.001316586008329	3.088765e+02
556.001519320644888	3.088833e+02
557.001731672484084	3.088902e+02
558.001954675918114	3.088970e+02
559.002190567552361	3.089039e+02
559.999362884992479	3.089107e+02
560.999630826612474	3.089175e+02
561.999920830554856	3.089242e+02
563.000235633839111	3.089310e+02
564.000576550278424	3.089377e+02
565.000944078801922	3.089445e+02
566.001337432372793	3.089512e+02
567.001755222184784	3.089579e+02
568.002196495543558	3.089645e+02
568.999580920182666	3.089712e+02
570.000062861669335	3.089778e+02
571.000563368208532	3.089844e+02
572.001080476734842	3.089910e+02
573.001612390215314	3.089976e+02
574.002157901395321	3.090042e+02
574.999637739490481	3.090107e+02
576.000208103055229	3.090173e+02
577.000790376419445	3.090238e+02
578.00138554894454	3.090303e+02
579.001995962862566	3.090368e+02
579.999544495687815	3.090432e+02
581.000190636220964	3.090497e+02
582.000857445269162	3.090561e+02
583.001547127940512	3.090625e+02
583.999183521675604	3.090689e+02
584.999926948589632	3.090753e+02
586.000700489218843	3.090816e+02
587.001506598911533	3.090880e+02
587.99926799382547	3.090943e+02
589.000145409217112	3.091006e+02
590.001061787678282	3.091069e+02
591.002019298079972	3.091132e+02
591.999939170705602	3.091195e+02
593.000983032244562	3.091258e+02
594.002072942547557	3.091320e+02
595.000129737546672	3.091382e+02
596.001316151765764	3.091444e+02
596.999472665188705	3.091506e+02
598.000761925122447	3.091568e+02
599.002104637616185	3.091630e+02
600.000419838153448	3.091691e+02
601.001870748756801	3.091753e+02
602.000295198039908	3.091814e+02
603.001856482751009	3.091875e+02
604.000391285519527	3.091936e+02
605.002064012870051	3.091996e+02
606.000709777146653	3.092057e+02
606.999409940374107	3.092117e+02
608.001245875481345	3.092178e+02
609.000049676068443	3.092238e+02
610.001977780122729	3.092298e+02
611.000845954300644	3.092358e+02
611.99973879132358	3.092417e+02
613.0017381606973	3.092477e+02
614.000676823116464	3.092536e+02
614.999639012873558	3.092595e+02
616.001711923290941	3.092655e+02
617.000734056203328	3.092713e+02
617.999790448542399	3.092772e+02
619.001965576661064	3.092831e+02
620.001094966328083	3.092890e+02
621.000264110250328	3.092948e+02
621.999473763055789	3.093007e+02
623.001807770423625	3.093065e+02
624.001097977880477	3.093123e+02
625.000428471307941	3.093181e+02
625.99979888765597	3.093239e+02
626.999206816023047	3.093297e+02
628.001734472853627	3.093354e+02
629.001210015546008	3.093412e+02
630.000717516821396	3.093469e+02
631.000256078500001	3.093526e+02
631.999825123270284	3.093583e+02
632.999426658020411	3.093640e+02
634.00214914754838	3.093697e+02
635.00182383606159	3.093754e+02
636.00153826904284	3.093811e+02
637.001295668469538	3.093867e+02
638.001098441052591	3.093923e+02
639.000949078242797	3.093979e+02
640.000852172062196	3.094035e+02
641.000811977679632	3.094091e+02
642.000826046606221	3.094147e+02
643.00088421093858	3.094202e+02
644.000987198982557	3.094258e+02
645.001135073950991	3.094313e+02
646.001327198662466	3.094368e+02
647.001564001378711	3.094423e+02
648.001846248315132	3.094478e+02
649.002175559720968	3.094533e+02
649.999466234982947	3.094587e+02
650.999894350096497	3.094641e+02
652.000373217148535	3.094695e+02
653.000902076524198	3.094749e+02
654.00147562295092	3.094803e+02
655.002088305455345	3.094857e+02
655.999648575967171	3.094910e+02
657.000332758057425	3.094964e+02
658.0010501714155	3.095017e+02
659.001800652544148	3.095070e+02
659.99949457924231	3.095123e+02
661.00031023942654	3.095176e+02
662.001159454296953	3.095228e+02
663.002044136727022	3.095281e+02
663.999875970023027	3.095333e+02
665.000834738074445	3.095385e+02
666.001832272214756	3.095437e+02
666.999780480688059	3.095488e+02
668.00086067640018	3.095540e+02
669.0019849067927	3.095592e+02
670.000066609870373	3.095643e+02
671.001289291633157	3.095694e+02
671.999475757621894	3.095745e+02
673.000807624938147	3.095796e+02
674.00218933117651	3.095846e+02
675.000530347012273	3.095897e+02
676.00201286504398	3.095947e+02
677.000455554626456	3.095997e+02
678.00203940307631	3.096048e+02
679.000578665894523	3.096097e+02
679.999162369956139	3.096147e+02
681.000880745148152	3.096197e+02
681.99954849522635	3.096246e+02
683.001348837939759	3.096295e+02
684.000098695633596	3.096344e+02
685.001982198614996	3.096393e+02
686.000816954055722	3.096442e+02
686.999697858463037	3.096491e+02
688.00171817598391	3.096539e+02
689.000696449352063	3.096587e+02
689.999727806012288	3.096635e+02
691.001907207350882	3.096684e+02
692.001049376099786	3.096731e+02
693.000249775258794	3.096779e+02
693.999509619646233	3.096827e+02
695.001924732240695	3.096874e+02
696.001309593331143	3.096921e+02
697.000760008039492	3.096969e+02
698.000278654198837	3.097016e+02
698.999867765049999	3.097062e+02
699.999528647373381	3.097109e+02
700.999261851223423	3.097156e+02
702.002166662328364	3.097202e+02
703.002048461605796	3.097249e+02
704.002016020040287	3.097295e+02
705.002067926577752	3.097341e+02
706.00220676286699	3.097387e+02
706.999339558774523	3.097433e+02
707.999660490636643	3.097478e+02
709.000074117678878	3.097524e+02
710.000580381524742	3.097569e+02
711.001179537292728	3.097615e+02
712.001873981621088	3.097660e+02
712.999567203269407	3.097705e+02
714.00045794582627	3.097750e+02
715.001450105897447	3.097795e+02
715.999448579511522	3.097839e+02
717.000655854154957	3.097884e+02
718.0019742138428	3.097928e+02
719.000305392174141	3.097973e+02
720.001852983587924	3.098017e+02
721.000416218402506	3.098061e+02
722.002200570993409	3.098105e+02
723.001008981241284	3.098149e+02
723.999950655311068	3.098193e+02
725.002133639869839	3.098236e+02
726.001353102790858	3.098280e+02
727.00071608947178	3.098323e+02
728.00022038558518	3.098367e+02
728.999871265919523	3.098410e+02
729.999674178006103	3.098453e+02
730.999624470423214	3.098496e+02
731.999723814716162	3.098539e+02
732.999981920546702	3.098582e+02
734.000399350975727	3.098625e+02
735.000982023089364	3.098667e+02
736.001751885511112	3.098710e+02
736.999619236443891	3.098752e+02
738.000802725583412	3.098795e+02
739.002187912777913	3.098837e+02
740.000664238488525	3.098879e+02
740.999335135875413	3.098921e+02
742.001306272409806	3.098963e+02
743.00035018367214	3.099005e+02
743.99957864434225	3.099047e+02
745.00209378730176	3.099088e+02
746.001656578055645	3.099130e+02
747.001380774958648	3.099171e+02
748.00126859852594	3.099213e+02
749.001303812227547	3.099254e+02
750.001478226125414	3.099295e+02
751.001804049645898	3.099336e+02
751.999170492685494	3.099377e+02
752.999809978551639	3.099418e+02
754.000617256708324	3.099459e+02
755.00160456231481	3.099500e+02
755.9996414509244	3.099541e+02
757.000951254417714	3.099581e+02
757.999294888358463	3.099622e+02
759.000917716026038	3.099662e+02
759.999566380384408	3.099703e+02
761.001471295675515	3.099743e+02
762.000398866962996	3.099783e+02
762.999480786557797	3.099823e+02
764.001828470308624	3.099863e+02
765.001191457607433	3.099903e+02
766.000702680357449	3.099943e+02
767.000354804227186	3.099983e+02
768.000129205270241	3.100023e+02
769.000031120643371	3.100062e+02
770.000070989382039	3.100102e+02
771.000232985301295	3.100141e+02
772.000507517313849	3.100180e+02
773.00091097560221	3.100218e+02
774.001447959901384	3.100257e+02
774.998969051475342	3.100296e+02
775.999733179126224	3.100335e+02
777.000628535097917	3.100374e+02
777.998511779941055	3.100412e+02
778.999625465291729	3.100451e+02
780.000852992181535	3.100490e+02
780.999067502251023	3.100528e+02
782.000501651750483	3.100566e+02
782.998890402950906	3.100605e+02
784.000510709332616	3.100643e+02
784.999095951145591	3.100681e+02
786.000885146906739	3.100719e+02
786.999626701129273	3.100756e+02
788.001601758150173	3.100794e+02
789.000530123687213	3.100832e+02
789.999530848230279	3.100869e+02
790.99862715721315	3.100906e+02
792.000951261299747	3.100943e+02
793.000211673519857	3.100980e+02
793.999551064803086	3.101017e+02
794.998993047389376	3.101054e+02
795.998539242270454	3.101091e+02
797.00121385970408	3.101127e+02
798.00083212691186	3.101164e+02
799.000522314330169	3.101200e+02
800.000250605756605	3.101236e+02
801.000017169912667	3.101272e+02
801.999842073571358	3.101308e+02
802.999706484609419	3.101343e+02
803.999582733291618	3.101379e+02
804.999482047756146	3.101414e+02
805.999415658781686	3.101450e+02
806.999351759117303	3.101485e+02
807.999274949151413	3.101520e+02
808.999208724711366	3.101554e+02
809.99914808867095	3.101589e+02
810.999056193766251	3.101623e+02
811.998932488494233	3.101657e+02
812.998803996338438	3.101691e+02
813.998654002002354	3.101725e+02
815.001579920991389	3.101759e+02
816.00133257523828	3.101793e+02
817.001074908216992	3.101826e+02
818.000771926080461	3.101859e+02
819.000393426636151	3.101892e+02
819.999981202322829	3.101925e+02
820.999550655257735	3.101958e+02
821.99903903299446	3.101990e+02
823.001566279714211	3.102023e+02
824.000924564271259	3.102055e+02
825.000221582081508	3.102087e+02
825.999382328954994	3.102119e+02
827.001587692406019	3.102150e+02
828.000627895948355	3.102182e+02
828.999551449502519	3.102213e+02
830.001467451544841	3.102244e+02
831.00021531107916	3.102275e+02
831.998895971035608	3.102306e+02
833.00053533753794	3.102337e+02
833.998955071971295	3.102367e+02
835.00047699596098	3.102398e+02
835.998715522652674	3.102428e+02
836.999930671296283	3.102458e+02
838.001123477570104	3.102488e+02
838.999081881752318	3.102518e+02
839.999970080385197	3.102548e+02
841.000794857779169	3.102577e+02
842.001560905365864	3.102607e+02
842.999001408825166	3.102636e+02
843.999452529910513	3.102665e+02
844.999872326116702	3.102694e+02
846.00012386627759	3.102723e+02
847.000222763155534	3.102751e+02
848.000292433634058	3.102780e+02
849.000242785677756	3.102808e+02
850.00002896157423	3.102836e+02
850.999761643604757	3.102864e+02
851.999393702273892	3.102892e+02
852.998859638489989	3.102920e+02
854.001360649677281	3.102947e+02
855.000657095778593	3.102975e+02
855.999813643532775	3.103002e+02
856.998873063266615	3.103029e+02
858.000986364875075	3.103056e+02
858.999868720381755	3.103083e+02
859.998649532608965	3.103110e+02
861.000471721768236	3.103137e+02
861.999066316743551	3.103163e+02
863.00067494956329	3.103190e+02
863.999087793853846	3.103216e+02
865.000544472149613	3.103242e+02
865.998803714020937	3.103268e+02
867.000122603809928	3.103294e+02
868.001384262134707	3.103320e+02
868.999472388112508	3.103345e+02
870.000643261292907	3.103371e+02
870.998667684868224	3.103396e+02
871.999782446837344	3.103422e+02
873.000874958462532	3.103447e+02
873.998827776105145	3.103472e+02
874.999872922336863	3.103497e+02
876.000892789683121	3.103522e+02
876.998770256755165	3.103546e+02
877.999739486612611	3.103571e+02
879.000683825170086	3.103595e+02
880.001608363271998	3.103620e+02
880.999396520939513	3.103644e+02
882.000287412664647	3.103668e+02
883.001169270520791	3.103692e+02
883.998928084996123	3.103716e+02
884.999805708670237	3.103740e+02
886.000690875077112	3.103764e+02
887.001587333905491	3.103787e+02
887.999378046442303	3.103811e+02
889.000298849841215	3.103834e+02
890.001227169192589	3.103857e+02
890.999038491454712	3.103880e+02
891.999963323031352	3.103903e+02
893.000877356106457	3.103926e+02
893.998656425749232	3.103949e+02
894.999532193965592	3.103972e+02
896.00038300383892	3.103994e+02
897.001206450445807	3.104017e+02
897.998883302916397	3.104039e+02
898.999649348573598	3.104061e+02
900.000386891797802	3.104083e+02
901.001097298132891	3.104105e+02
901.998664901937559	3.104127e+02
902.999325858317889	3.104148e+02
903.999963408500321	3.104170e+02
905.00057879198755	3.104191e+02
906.001172663939997	3.104213e+02
906.998627661731803	3.104234e+02
907.999177637872663	3.104255e+02
908.999704328773987	3.104276e+02
910.000205979892371	3.104296e+02
911.000680661403294	3.104317e+02
912.001126076367655	3.104338e+02
913.0015389069398	3.104358e+02
913.998800052091042	3.104379e+02
914.999140677978858	3.104399e+02
915.999443047825253	3.104419e+02
916.999706709535417	3.104439e+02
917.9999324325413	3.104459e+02
919.000120945214121	3.104479e+02
920.000274033838991	3.104498e+02
921.000394375183646	3.104518e+02
922.000485300970581	3.104537e+02
923.000549587474893	3.104557e+02
924.000590745406612	3.104576e+02
925.000611420237874	3.104595e+02
926.000613609053062	3.104614e+02
927.000599446097908	3.104633e+02
928.000569194498098	3.104652e+02
929.000522922412983	3.104671e+02
930.00045981055996	3.104690e+02
931.000378734565288	3.104708e+02
932.000279030365391	3.104727e+02
933.000160171714697	3.104745e+02
934.000022525270765	3.104763e+02
934.999867901941911	3.104781e+02
935.999698896975019	3.104799e+02
936.999519162073966	3.104817e+02
937.999332095546947	3.104835e+02
938.999141000032296	3.104853e+02
939.998949079595945	3.104871e+02
940.998758037671109	3.104888e+02
941.998568508800759	3.104906e+02
943.001495012791338	3.104923e+02
944.001307348309638	3.104940e+02
945.001117308138419	3.104957e+02
946.000922549333836	3.104974e+02
947.000718497132311	3.104991e+02
948.000501810637275	3.105008e+02
949.000268707143277	3.105025e+02
950.000015691923181	3.105042e+02
950.999740415221709	3.105058e+02
951.999440668327338	3.105075e+02
952.999114517718226	3.105091e+02
953.998760791102313	3.105107e+02
955.001492963863257	3.105123e+02
956.001082963674321	3.105139e+02
957.000645038631092	3.105155e+02
958.000178803099629	3.105171e+02
958.999682979672343	3.105187e+02
959.99915611341271	3.105202e+02
960.998596297893869	3.105218e+02
962.001114210052492	3.105233e+02
963.000481022976601	3.105248e+02
963.999807458572491	3.105263e+02
964.999090907294772	3.105278e+02
966.001442156829967	3.105293e+02
967.00063385017711	3.105308e+02
967.999778394348027	3.105323e+02
968.998876222372701	3.105338e+02
970.001041290887429	3.105352e+02
971.00005162988009	3.105367e+02
971.99902222709477	3.105381e+02
973.001068265900244	3.105395e+02
973.999968298627778	3.105409e+02
974.998835801962286	3.105423e+02
976.000783794113772	3.105437e+02
976.999589948280573	3.105451e+02
978.001478315908685	3.105465e+02
979.000227384655773	3.105478e+02
979.998950053329395	3.105492e+02
981.000759147816893	3.105505e+02
981.999433860136037	3.105519e+02
983.001198919287617	3.105532e+02
983.999833765523476	3.105545e+02
985.001562066623023	3.105558e+02
986.000163562993293	3.105571e+02
986.998750851895807	3.105584e+02
988.000436835688788	3.105597e+02
988.999001766113224	3.105610e+02
990.000669566239139	3.105622e+02
990.999220801870592	3.105635e+02
992.000879034973195	3.105647e+02
992.999424557068551	3.105660e+02
994.001079242855212	3.105672e+02
994.999621495325073	3.105684e+02
996.001272379075544	3.105696e+02
996.999808992381304	3.105708e+02
998.00145173852161	3.105720e+02
998.999978241237272	3.105732e+02
1000.00160959835716	3.105744e+02
1001.0001236260174	3.105755e+02
1001.99863129237235	3.105767e+02
1003.00024257300242	3.105778e+02
1003.99873512430747	3.105789e+02
1005.00032852015397	3.105800e+02
1005.99879928425139	3.105812e+02
1007.00036695508913	3.105823e+02
1007.99880919247039	3.105833e+02
1009.00034613438197	3.105844e+02
1009.99875574490147	3.105855e+02
1011.00025693841337	3.105866e+02
1011.99862805223597	3.105876e+02
1013.00008661249171	3.105887e+02
1014.00152002830805	3.105897e+02
1014.99981539430576	3.105907e+02
1016.00118991158695	3.105917e+02
1016.99942133770173	3.105927e+02
1018.00072743686451	3.105937e+02
1018.99888733657883	3.105947e+02
1020.0001194479787	3.105957e+02
1021.0013144051718	3.105966e+02
1021.99936417932599	3.105976e+02
1023.00048793499343	3.105985e+02
1024.00157635031769	3.105994e+02
1024.99951923650224	3.106004e+02
1026.00053376456799	3.106009e+02
1026.99840141366099	3.106018e+02
1027.99934028847269	3.106027e+02
1029.00024373670999	3.106036e+02
1029.99800516408482	3.106045e+02
1030.99884221824027	3.106053e+02
1031.99964671941939	3.106062e+02
1033.00041802231635	3.106070e+02
1033.99804952709655	3.106079e+02
1034.99875870898768	3.106087e+02
1035.99944064779402	3.106095e+02
1037.00009994695847	3.106103e+02
1038.00074205531064	3.106111e+02
1038.99826386522864	3.106119e+02
1039.99888329008604	3.106126e+02
1040.99949323576243	3.106134e+02
1042.00009334319179	3.106141e+02
1043.00068206451465	3.106148e+02
1043.99814967603993	3.106155e+02
1044.99870863692104	3.106162e+02
1045.99924781729806	3.106169e+02
1046.99976355174067	3.106176e+02
1048.00025367515536	3.106183e+02
1049.00071861765264	3.106189e+02
1049.99805381919327	3.106196e+02
1050.99847620815876	3.106202e+02
1051.99888214853831	3.106208e+02
1052.99927355657019	3.106214e+02
1053.9996523324719	3.106220e+02
1055.00002043905374	3.106226e+02
1056.00037971354323	3.106232e+02
1057.00073245915132	3.106237e+02
1057.99797295655617	3.106243e+02
1058.99831543682899	3.106248e+02
1059.99865196832684	3.106253e+02
1060.99898010463107	3.106258e+02
1061.99929558142412	3.106263e+02
1062.99959473043623	3.106268e+02
1063.99987413955296	3.106272e+02
1065.00013162082382	3.106277e+02
1066.0003666061491	3.106281e+02
1067.00058056368607	3.106286e+02
1068.00077596735809	3.106290e+02
1069.00095477978175	3.106294e+02
1069.99801178201983	3.106298e+02
1070.99815862411697	3.106302e+02
1071.99828564748941	3.106306e+02
1072.99838778802427	3.106309e+02
1073.99845913444005	3.106313e+02
1074.9984943237796	3.106317e+02
1075.99848998123457	3.106320e+02
1076.99844496008745	3.106324e+02
1077.99835962096631	3.106327e+02
1078.99823550914539	3.106330e+02
1079.99804283451908	3.106336e+02
1080.99777406137309	3.106339e+02
1081.99757889515672	3.106342e+02
1082.99736940244225	3.106345e+02
1083.997131230901	3.106348e+02
1084.99997233226168	3.106350e+02
1085.99968519321806	3.106353e+02
1086.99937344953241	3.106355e+02
1087.99903579596662	3.106358e+02
1088.99867164629632	3.106360e+02
1089.99828016497986	3.106362e+02
1090.99786207309512	3.106365e+02
1091.99741979769374	3.106367e+02
1092.99695453449795	3.106369e+02
1093.99957109156776	3.106371e+02
1094.99906341952942	3.106372e+02
1095.99853767852869	3.106374e+02
1096.99799652755314	3.106376e+02
1097.99744266236758	3.106377e+02
1098.99998253767399	3.106379e+02
1099.99941124372504	3.106380e+02
1100.99883557991279	3.106382e+02
1101.99825767902257	3.106383e+02
1102.99768014663232	3.106384e+02
1103.99710595075726	3.106385e+02
1104.99964161450657	3.106386e+02
1105.99908297351203	3.106387e+02
1106.99853713760399	3.106387e+02
1107.99800585816433	3.106388e+02
1108.9974892800883	3.106388e+02
1109.99698550838366	3.106389e+02
1110.9995967161592	3.106389e+02
1111.99911250392847	3.106389e+02
1112.99863366098452	3.106389e+02
1113.99815714160036	3.106389e+02
1114.99768068710409	3.106389e+02
1115.9972029713133	3.106388e+02
1116.99982721927131	3.106388e+02
1117.99934466068339	3.106387e+02
1118.99885918591713	3.106386e+02
1119.99837112821047	3.106386e+02
1120.99788002591595	3.106385e+02
1121.9973852182859	3.106384e+02
1122.99999101212848	3.106382e+02
1123.99948905605766	3.106381e+02
1124.99898330748624	3.106380e+02
1125.99847339668077	3.106378e+02
1126.99795813229139	3.106376e+02
1127.99743513206772	3.106374e+02
1129.00000566831295	3.106373e+02
1129.99945815789215	3.106371e+02
1130.99889325602135	3.106368e+02
1131.99830841874882	3.106366e+02
1133.00080490487903	3.106363e+02
1134.00017295241537	3.106361e+02
1134.99951269206895	3.106359e+02
1135.99882001690776	3.106356e+02
1136.9980899825764	3.106354e+02
1138.00042121801789	3.106351e+02
1138.99960350566766	3.106348e+02
1139.99873758961189	3.106346e+02
1141.00092542982816	3.106343e+02
1141.99996276609818	3.106340e+02
1142.99895494689849	3.106337e+02
1144.00100640711162	3.106334e+02
1144.99991575993818	3.106331e+02
1145.99878880975484	3.106327e+02
1147.0007313388096	3.106324e+02
1147.99954265645124	3.106321e+02
1148.99832711965564	3.106317e+02
1150.000187799591	3.106314e+02
1150.99892189105094	3.106310e+02
1152.00073346352883	3.106307e+02
1152.99942172058309	3.106303e+02
1153.99809208171928	3.106299e+02
1154.99985105495193	3.106295e+02
1155.99850184254683	3.106291e+02
1157.00025319591782	3.106287e+02
1157.99890694103397	3.106283e+02
1159.00066832192624	3.106278e+02
1159.99933451059292	3.106274e+02
1160.99800622983889	3.106269e+02
1161.9997834014282	3.106265e+02
1162.99846151705219	3.106260e+02
1164.00024126092603	3.106255e+02
1164.99891712956332	3.106250e+02
1166.00068994524736	3.106245e+02
1166.99935646339691	3.106240e+02
1167.9980188936504	3.106235e+02
1168.99978069425833	3.106229e+02
1169.9984467029667	3.106224e+02
1171.00022526371276	3.106218e+02
1171.99892255418968	3.106213e+02
1173.00074953688045	3.106207e+02
1173.99949361987819	3.106201e+02
1174.99825013742043	3.106195e+02
1176.00013710691951	3.106189e+02
1176.99895466628141	3.106183e+02
1178.00090672586907	3.106176e+02
1178.99978597725067	3.106170e+02
1179.99868844415846	3.106163e+02
1181.0007103556602	3.106157e+02
1181.99964151327413	3.106150e+02
1182.99858001971097	3.106143e+02
1184.00062515109835	3.106136e+02
1184.99957067028504	3.106129e+02
1185.99851899484156	3.106122e+02
1187.00057351632518	3.106114e+02
1187.99953059631616	3.106107e+02
1188.99849362446412	3.106099e+02
1190.00056565881141	3.106092e+02
1190.99954199423428	3.106084e+02
1191.99852380361835	3.106076e+02
1193.0006089512633	3.106068e+02
1193.99958603475943	3.106060e+02
1194.99855016271181	3.106052e+02
1196.00059544823239	3.106044e+02
1196.99950960317574	3.106035e+02
1197.99838901838962	3.106027e+02
1199.00033048155274	3.106018e+02
1199.99912615566609	3.106010e+02
1201.00097866831493	3.106001e+02
1201.99968382255634	3.105992e+02
1202.99834003880733	3.105983e+02
1204.000048194486	3.105974e+02
1204.99862036699483	3.105965e+02
1206.00026296274086	3.105956e+02
1206.99877532803589	3.105947e+02
1208.00035765685629	3.105938e+02
1208.99880374529289	3.105929e+02
1210.00030765006909	3.105920e+02
1210.99866048260742	3.105910e+02
1212.00005521470644	3.105901e+02
1212.99828645891466	3.105891e+02
1213.99955647530646	3.105882e+02
1215.00077473615215	3.105872e+02
1215.99885572998278	3.105863e+02
1217.00001534245234	3.105853e+02
1217.99807015916804	3.105843e+02
1218.99923182491011	3.105833e+02
1220.00040784604539	3.105823e+02
1220.99850238459476	3.105813e+02
1221.99971680765952	3.105803e+02
1223.0009526615288	3.105793e+02
1223.99911018558737	3.105783e+02
1225.00038901855055	3.105773e+02
1225.99859035402733	3.105762e+02
1226.99991543423243	3.105752e+02
1227.9981656946045	3.105741e+02
1228.9995445570305	3.105731e+02
1230.0009559124162	3.105720e+02
1230.99930306384226	3.105709e+02
1232.00079096131367	3.105698e+02
1232.99922256000877	3.105687e+02
1234.00080150474764	3.105676e+02
1234.99932704594016	3.105665e+02
1236.00100135483262	3.105654e+02
1236.99962158512949	3.105643e+02
1237.99828767946792	3.105631e+02
1239.00009935828234	3.105620e+02
1239.99885077281624	3.105608e+02
1241.00074088707311	3.105596e+02
1241.99955992815626	3.105584e+02
1242.99840375107306	3.105572e+02
1244.00036954211714	3.105560e+02
1244.99924899340976	3.105548e+02
1245.99814252710053	3.105536e+02
1247.00015233778663	3.105524e+02
1247.99907446850011	3.105511e+02
1248.99801245657409	3.105499e+02
1250.00006949212343	3.105486e+02
1250.99903874465963	3.105473e+02
1251.9980171517559	3.105460e+02
1253.00009871743578	3.105447e+02
1253.99906924520496	3.105434e+02
1254.99802171148099	3.105421e+02
1256.00004890617402	3.105408e+02
1256.99893735115597	3.105394e+02
1258.00088512359002	3.105381e+02
1258.99968529377657	3.105367e+02
1259.99843966837557	3.105354e+02
1261.00025147559381	3.105340e+02
1261.99892107124424	3.105326e+02
1263.00065423065553	3.105312e+02
1263.99925049751687	3.105298e+02
1265.0009135610826	3.105284e+02
1265.99944161575922	3.105270e+02
1266.99793565363575	3.105256e+02
1267.99949549814323	3.105241e+02
1268.99791731754135	3.105227e+02
1269.9993999202743	3.105212e+02
1271.00083948422684	3.105198e+02
1271.99913290560312	3.105183e+02
1273.00047962419103	3.105168e+02
1273.99868037886404	3.105154e+02
1274.99993909200953	3.105139e+02
1275.99806137866858	3.105124e+02
1276.99925376117221	3.105109e+02
1278.00042350549757	3.105094e+02
1278.99847846206808	3.105079e+02
1279.9996250331501	3.105064e+02
1281.00076718556329	3.105049e+02
1281.99880365085437	3.105034e+02
1282.99993413125026	3.105018e+02
1283.99796679431188	3.105003e+02
1284.99911057220856	3.104987e+02
1286.00027752006417	3.104972e+02
1286.99837975066725	3.104956e+02
1287.99962550355622	3.104941e+02
1289.0009215487255	3.104925e+02
1289.99917414749689	3.104909e+02
1291.00058816401247	3.104893e+02
1291.99896510465373	3.104877e+02
1293.00051009187996	3.104861e+02
1293.9990221543444	3.104845e+02
1295.0006992244821	3.104829e+02
1295.99933696642756	3.104812e+02
1296.99803311771893	3.104796e+02
1297.99988504428347	3.104779e+02
1298.99868789046354	3.104763e+02
1300.00064337446429	3.104746e+02
1300.99954346376671	3.104729e+02
1301.99848729543987	3.104713e+02
1303.00057421883002	3.104696e+02
1303.99959571877844	3.104679e+02
1304.99865258077125	3.104662e+02
1306.00084756155638	3.104644e+02
1306.99997568614435	3.104627e+02
1307.99914038046791	3.104609e+02
1308.99834180037737	3.104592e+02
1310.00068060740341	3.104574e+02
1310.99994679110318	3.104557e+02
1311.99923955881809	3.104539e+02
1312.99855416577725	3.104521e+02
1314.00098871274236	3.104503e+02
1315.00033118233068	3.104485e+02
1315.99968035228039	3.104466e+02
1316.99903062470958	3.104448e+02
1317.99837596639827	3.104430e+02
1319.00081431395529	3.104411e+02
1320.00013219435982	3.104393e+02
1320.99942818310433	3.104374e+02
1321.99869978614174	3.104355e+02
1322.99794457855933	3.104336e+02
1324.00026133372853	3.104317e+02
1324.99944066448029	3.104298e+02
1325.9985875870309	3.104279e+02
1327.00080828060459	3.104260e+02
1327.99989652433896	3.104241e+02
1328.99895469004514	3.104221e+02
1329.99798759769919	3.104202e+02
1331.00009817108776	3.104182e+02
1331.99907272872133	3.104163e+02
1332.9980161248659	3.104143e+02
1334.00004250575012	3.104123e+02
1334.99894359480732	3.104103e+02
1336.00092217373071	3.104083e+02
1336.99978862095145	3.104063e+02
1337.99864279015287	3.104043e+02
1339.00057781168721	3.104023e+02
1339.99939990603571	3.104003e+02
1340.99821403393571	3.103982e+02
1342.00011797293246	3.103962e+02
1342.99891625323062	3.103941e+02
1344.00081712779388	3.103921e+02
1344.99961532945053	3.103900e+02
1345.99841945113303	3.103879e+02
1347.00033626975369	3.103858e+02
1347.9991612664146	3.103838e+02
1348.99800061232236	3.103817e+02
1349.99995843046486	3.103796e+02
1350.99882884485237	3.103775e+02
1352.00081784367558	3.103753e+02
1352.99972466956524	3.103732e+02
1353.99865292872482	3.103711e+02
1355.00070862963616	3.103689e+02
1355.99969133071227	3.103668e+02
1356.99870541472819	3.103646e+02
1358.00085484322972	3.103625e+02
1358.99993565592968	3.103603e+02
1359.99904835064194	3.103581e+02
1360.99819117085349	3.103559e+02
1362.00046895444302	3.103537e+02
1362.9996744606367	3.103515e+02
1363.99890983446517	3.103493e+02
1364.99817625000514	3.103471e+02
1366.00057675993003	3.103449e+02
1366.99990367562941	3.103426e+02
1367.9992590363438	3.103404e+02
1368.99864066007058	3.103382e+02
1369.99804663080772	3.103359e+02
1371.00057959637684	3.103336e+02
1372.00002990975213	3.103313e+02
1372.9995002470821	3.103291e+02
1373.99899004972622	3.103268e+02
1374.99849884930177	3.103245e+02
1375.99802611657037	3.103222e+02
1377.0006751514743	3.103198e+02
1378.00023421828473	3.103175e+02
1378.99980186620587	3.103152e+02
1379.99937287725652	3.103128e+02
1380.99894108755052	3.103105e+02
1381.99850130410346	3.103081e+02
1382.99804987963262	3.103058e+02
1384.00068734541537	3.103034e+02
1385.0002043187983	3.103010e+02
1385.99970579036994	3.102986e+02
1386.99919015351657	3.102962e+02
1387.9986536510246	3.102938e+02
1388.99809272032599	3.102914e+02
1390.00060974385337	3.102889e+02
1390.99999660132357	3.102865e+02
1391.99935726255489	3.102840e+02
1392.99869173706816	3.102816e+02
1393.9979991575558	3.102791e+02
1395.00037999900633	3.102766e+02
1395.99962390962583	3.102742e+02
1396.99883211560154	3.102717e+02
1397.99800414250876	3.102692e+02
1399.00024344831309	3.102667e+02
1399.99934490739838	3.102642e+02
1400.9984116419314	3.102617e+02
1402.00054648821447	3.102591e+02
1402.99954453430087	3.102566e+02
1403.99850834173913	3.102541e+02
1405.00053967198528	3.102515e+02
1405.99943391035413	3.102490e+02
1406.99829450752236	3.102464e+02
1408.00022814772478	3.102439e+02
1408.99903329382164	3.102413e+02
1410.00091412937172	3.102387e+02
1410.99966626340984	3.102362e+02
1411.9983906948205	3.102336e+02
1413.00019518133809	3.102310e+02
1413.99888386547832	3.102284e+02
1415.00066595208682	3.102258e+02
1415.99934766114984	3.102232e+02
1416.9980370354624	3.102206e+02
1417.99983869231846	3.102180e+02
1418.99855226288651	3.102154e+02
1420.00038617582095	3.102127e+02
1420.99914001706429	3.102101e+02
1421.99792000870934	3.102075e+02
1422.99982909249775	3.102048e+02
1423.99866679425713	3.102022e+02
1425.00064067122162	3.101995e+02
1425.99955111646295	3.101968e+02
1426.99850618558708	3.101942e+02
1428.00061483366107	3.101915e+02
1428.99967494484235	3.101888e+02
1429.99878924253017	3.101861e+02
1430.99795362734608	3.101834e+02
1432.00026670837451	3.101807e+02
1432.99951741945915	3.101780e+02
1433.99880633259363	3.101753e+02
1434.99813322529735	3.101725e+02
1436.00060118761689	3.101698e+02
1437.00000441811471	3.101670e+02
1437.99944825605439	3.101643e+02
1438.99893273974135	3.101615e+02
1439.99845539545322	3.101588e+02
1440.99801166552561	3.101560e+02
1442.00069993741477	3.101532e+02
1443.00030417449284	3.101504e+02
1443.99992098048074	3.101476e+02
1444.99954376078949	3.101448e+02
1445.99916897508547	3.101419e+02
1446.99879542122426	3.101391e+02
1447.99842022787266	3.101363e+02
1448.99803658171481	3.101334e+02
1450.00074251822184	3.101306e+02
1451.00032547006595	3.101277e+02
1451.99989047009171	3.101248e+02
1452.99943915289964	3.101219e+02
1453.99897263919183	3.101191e+02
1454.99849251259775	3.101162e+02
1455.99799841150116	3.101133e+02
1457.00059184705924	3.101104e+02
1458.00006146936698	3.101075e+02
1458.99950821755465	3.101045e+02
1459.99892970872861	3.101016e+02
1460.99832273732682	3.100987e+02
1462.00078713971266	3.100957e+02
1463.00011302539178	3.100928e+02
1463.99940313452635	3.100898e+02
1464.99865863753894	3.100869e+02
1466.00098595879172	3.100839e+02
1467.00018237721974	3.100810e+02
1467.99935405881047	3.100780e+02
1468.99850226643298	3.100750e+02
1470.00072925667791	3.100720e+02
1470.99982757685984	3.100691e+02
1471.9988974616665	3.100661e+02
1472.99793641740439	3.100631e+02
1474.00004542403713	3.100601e+02
1474.99902393116145	3.100571e+02
1475.99798331380998	3.100541e+02
1477.00003275532003	3.100511e+02
1477.99896764514278	3.100481e+02
1479.00098971328089	3.100451e+02
1479.99989016698669	3.100421e+02
1480.9987717291865	3.100390e+02
1482.00074561971337	3.100360e+02
1482.99962385314484	3.100330e+02
1483.99852982484094	3.100300e+02
1485.00058344117451	3.100269e+02
1485.99959041304328	3.100239e+02
1486.99865669960923	3.100209e+02
1488.00088243404866	3.100178e+02
1489.00005568623578	3.100148e+02
1489.99927060181244	3.100117e+02
1490.99852111164478	3.100087e+02
1492.00090713276791	3.100056e+02
1493.00022362862455	3.100025e+02
1493.99958070080538	3.099995e+02
1494.99898601783889	3.099964e+02
1495.99844407874298	3.099933e+02
1496.99795267212198	3.099902e+02
1498.00061017970302	3.099871e+02
1499.00020024652781	3.099840e+02
1499.99982124123744	3.099809e+02
1500.9994711555787	3.099778e+02
1501.99915476841147	3.099747e+02
1502.99888210405743	3.099715e+02
1503.99866218352054	3.099684e+02
1504.99850046269671	3.099653e+02
1505.99839741814117	3.099621e+02
1506.99834498102905	3.099589e+02
1507.99832982226803	3.099558e+02
1508.99834377057755	3.099526e+02
1509.9983812867863	3.099494e+02
1510.99843940311575	3.099462e+02
1511.99851754542328	3.099430e+02
1512.99862037456728	3.099398e+02
1513.99875680543801	3.099366e+02
1514.99893992752845	3.099334e+02
1515.99916719891712	3.099301e+02
1516.99943167005972	3.099269e+02
1517.99971705804433	3.099236e+02
1519.00000507093364	3.099204e+02
1520.00028064636444	3.099171e+02
1521.00054344655064	3.099139e+02
1522.00080604227378	3.099106e+02
1522.99797203784647	3.099073e+02
1523.9982617297137	3.099040e+02
1524.99857104828561	3.099007e+02
1525.99889287421797	3.098974e+02
1526.99920744121346	3.098941e+02
1527.99949332756796	3.098908e+02
1528.99972890828735	3.098875e+02
1529.99989843304297	3.098842e+02
1530.99999660623575	3.098808e+02
1532.00002834752672	3.098775e+02
1533.0000056497388	3.098742e+02
1533.99994379792724	3.098708e+02
1534.99985489382766	3.098675e+02
1535.99974107227354	3.098641e+02
1536.99959318218407	3.098608e+02
1537.9993945457486	3.098574e+02
1538.99912737611771	3.098541e+02
1539.99878050831308	3.098507e+02
1540.99835962920133	3.098473e+02
1542.0009963747616	3.098439e+02
1543.00051612376092	3.098406e+02
1544.00004650489836	3.098372e+02
1544.99959031082108	3.098338e+02
1545.99913767881571	3.098304e+02
1546.99866683407481	3.098270e+02
1547.99815230633658	3.098236e+02
1549.00068285709017	3.098202e+02
1550.00005989398483	3.098168e+02
1550.99940805667757	3.098134e+02
1551.99875115231362	3.098100e+02
1552.99810340256977	3.098066e+02
1554.00057779378039	3.098032e+02
1554.99996085500288	3.097998e+02
1555.99934013623056	3.097964e+02
1556.99870004641639	3.097929e+02
1557.99802508664197	3.097895e+02
1559.00040351372286	3.097861e+02
1559.99962961638175	3.097826e+02
1560.99883185458475	3.097792e+02
1561.99804665354827	3.097758e+02
1563.00040512244777	3.097723e+02
1563.99971697969067	3.097688e+02
1564.99910425874737	3.097654e+02
1565.99856707239883	3.097619e+02
1566.99807599091628	3.097584e+02
1568.00070774537676	3.097549e+02
1569.00026169563853	3.097515e+02
1569.99985397141518	3.097480e+02
1570.99947455884217	3.097445e+02
1571.99913249478072	3.097410e+02
1572.99887431463685	3.097375e+02
1573.99872674321773	3.097340e+02
1574.99867493132228	3.097304e+02
1575.99869628956208	3.097269e+02
1576.99876896870296	3.097234e+02
1577.99887053899829	3.097199e+02
1578.99898700611743	3.097163e+02
1579.99911920877094	3.097128e+02
1580.99929604950307	3.097092e+02
1581.99954333203823	3.097057e+02
1582.99986456861598	3.097021e+02
1584.00026526690181	3.096985e+02
1585.00074982126171	3.096950e+02
1585.99819811651037	3.096914e+02
1586.99880664137254	3.096878e+02
1587.99945226420368	3.096842e+02
1589.0001050525093	3.096806e+02
1590.0007417046229	3.096770e+02
1590.99824813146188	3.096733e+02
1591.99884023885124	3.096697e+02
1592.99942972519125	3.096661e+02
1594.00002958172672	3.096624e+02
1595.00064829070243	3.096588e+02
1595.99818229142693	3.096551e+02
1596.99883056767135	3.096514e+02
1597.99946764110496	3.096478e+02
1599.00008495377551	3.096441e+02
1600.00067270199793	3.096404e+02
1600.99811693056563	3.096367e+02
1601.99863573761127	3.096330e+02
1602.99912012433379	3.096293e+02
1603.99955882001245	3.096256e+02
1604.99994378683573	3.096219e+02
1606.00026089057701	3.096182e+02
1607.00048996083433	3.096145e+02
1608.00061823184706	3.096108e+02
1609.00063726449798	3.096070e+02
1610.0005459719514	3.096033e+02
1611.00035693762493	3.095996e+02
1612.00008533486721	3.095958e+02
1612.99974030925409	3.095921e+02
1613.99933008162088	3.095883e+02
1614.99885544376457	3.095846e+02
1615.99829926410507	3.095808e+02
1617.00074608381328	3.095770e+02
1617.99999151333782	3.095733e+02
1618.99916022374327	3.095695e+02
1619.99827274183122	3.095657e+02
1621.00046467299944	3.095619e+02
1621.99955921158471	3.095582e+02
1622.99868939079943	3.095544e+02
1624.00096420526552	3.095506e+02
1625.0001752008875	3.095468e+02
1625.99941093398934	3.095430e+02
1626.99864202277604	3.095392e+02
1628.00095094900098	3.095354e+02
1629.00012708075269	3.095316e+02
1629.99926862994425	3.095278e+02
1630.99839600341625	3.095240e+02
1632.00064545422356	3.095201e+02
1632.999830789101	3.095163e+02
1633.99906500187512	3.095125e+02
1634.99834936202728	3.095086e+02
1636.00077795229117	3.095048e+02
1637.00013341642921	3.095010e+02
1637.99951203272235	3.094971e+02
1638.99891425364126	3.094933e+02
1639.99835136539605	3.094894e+02
1641.00094891576464	3.094856e+02
1642.00052419316467	3.094817e+02
1643.00020450171905	3.094778e+02
1643.99999952621715	3.094740e+02
1644.99990031811558	3.094701e+02
1645.9998853409802	3.094662e+02
1646.99992774030056	3.094624e+02
1648.00000741580061	3.094585e+02
1649.00012525584066	3.094546e+02
1650.0003044318978	3.094507e+02
1651.00057667982696	3.094468e+02
1652.00097306798943	3.094429e+02
1652.9984012384748	3.094390e+02
1653.99906609368327	3.094351e+02
1654.9998186113578	3.094312e+02
1656.00059973348289	3.094273e+02
1656.99825718648094	3.094234e+02
1657.99898360932161	3.094194e+02
1658.99966849767975	3.094155e+02
1660.00032889122303	3.094116e+02
1661.00098436380154	3.094076e+02
1661.99854619226448	3.094036e+02
1662.99925115638712	3.093997e+02
1664.00001017106456	3.093957e+02
1665.00081724871029	3.093917e+02
1665.99854239466185	3.093877e+02
1666.99936593392567	3.093837e+02
1668.00013978533343	3.093797e+02
1669.00085085916248	3.093757e+02
1669.99840096049707	3.093717e+02
1670.99901862720822	3.093677e+02
1671.9996011514902	3.093637e+02
1673.00014282323718	3.093596e+02
1674.00062690990535	3.093556e+02
1674.99793006669779	3.093516e+02
1675.99825913159702	3.093475e+02
1676.9985159332075	3.093435e+02
1677.99873305586266	3.093394e+02
1678.99894984492721	3.093354e+02
1679.9991844537949	3.093313e+02
1680.99942100389649	3.093272e+02
1681.99961178412059	3.093231e+02
1682.99969481212179	3.093191e+02
1683.99961417643317	3.093150e+02
1684.99933732720092	3.093109e+02
1685.99886835550888	3.093068e+02
1686.99826333853071	3.093026e+02
1688.00070195106059	3.092985e+02
1689.00002689868484	3.092944e+02
1689.99935696480293	3.092902e+02
1690.99869182296447	3.092861e+02
1691.99802643554904	3.092819e+02
1693.00044817745015	3.092778e+02
1693.9997459726842	3.092736e+02
1694.99903910307034	3.092695e+02
1695.99833840348583	3.092653e+02
1697.00075316265634	3.092611e+02
1698.00007672925381	3.092569e+02
1698.99939518658698	3.092528e+02
1699.99868049662655	3.092486e+02
1700.99791381765954	3.092444e+02
1702.00018950024923	3.092402e+02
1702.99931216928599	3.092360e+02
1703.99841821405221	3.092317e+02
1705.00066237152009	3.092275e+02
1705.99989378959776	3.092233e+02
1706.99925281337846	3.092190e+02
1707.99875871085374	3.092148e+02
1708.9984074327424	3.092106e+02
1709.99817324317451	3.092063e+02
1710.99800487291645	3.092021e+02
1712.00095314679879	3.091978e+02
1713.00077544386886	3.091935e+02
1714.00057550727479	3.091893e+02
1715.00038130945882	3.091850e+02
1716.00023802081137	3.091807e+02
1717.00019297839776	3.091765e+02
1718.00027819476122	3.091722e+02
1719.00050654086658	3.091679e+02
1720.00087646197721	3.091636e+02
1720.99825701122109	3.091594e+02
1721.99882484980481	3.091551e+02
1722.99944642589753	3.091508e+02
1724.00010876766851	3.091465e+02
1725.0007972407634	3.091422e+02
1725.99838250384119	3.091379e+02
1726.99907796378784	3.091335e+02
1727.99979450504793	3.091292e+02
1729.00054098330065	3.091249e+02
1729.99817993578563	3.091206e+02
1730.9988351227255	3.091162e+02
1731.99930843447328	3.091119e+02
1732.99960140813437	3.091075e+02
1733.99981711714031	3.091032e+02
1735.00010576322961	3.090988e+02
1736.00061319661063	3.090944e+02
1736.99831962602411	3.090900e+02
1737.99942471794657	3.090856e+02
1739.00069142894085	3.090812e+02
1739.99879142569853	3.090769e+02
1740.99972082434397	3.090725e+02
1742.0002595753615	3.090681e+02
1743.00042499239476	3.090637e+02
1744.00033711463016	3.090592e+02
1745.00020420483202	3.090548e+02
1746.00020305081262	3.090504e+02
1747.00044924191297	3.090460e+02
1748.00098229104992	3.090415e+02
1748.99862559907751	3.090371e+02
1749.99937443698445	3.090327e+02
1750.99993341300956	3.090282e+02
1752.00020452842364	3.090237e+02
1753.00018539774965	3.090193e+02
1753.99995722605786	3.090148e+02
1754.99965172305224	3.090103e+02
1755.99937420901142	3.090058e+02
1756.99918398843283	3.090013e+02
1757.99905727546616	3.089968e+02
1758.99890197778745	3.089923e+02
1759.99861603758336	3.089877e+02
1760.99815084045258	3.089832e+02
1762.00064772574046	3.089787e+02
1763.00000454708311	3.089741e+02
1763.99944313344577	3.089695e+02
1764.99905837673236	3.089650e+02
1765.99888355959615	3.089604e+02
1766.99884729628457	3.089558e+02
1767.99883162080027	3.089512e+02
1768.99871689796737	3.089466e+02
1769.99837543997342	3.089420e+02
1771.00083206083377	3.089374e+02
1771.99993232871066	3.089327e+02
1772.99891571185594	3.089281e+02
1773.9979439962824	3.089234e+02
1775.00028853091226	3.089188e+02
1775.99985701588776	3.089141e+02
1776.9997644951352	3.089094e+02
1777.99990352173882	3.089047e+02
1779.00007262439976	3.089000e+02
1780.00005311805398	3.088953e+02
1780.99972359915159	3.088906e+02
1781.99911606461114	3.088859e+02
1782.99838244358966	3.088812e+02
1784.000824727397	3.088765e+02
1785.00041188977411	3.088717e+02
1786.00031015063769	3.088670e+02
1787.00047433238024	3.088622e+02
1788.00079576195844	3.088575e+02
1788.99804110645005	3.088527e+02
1789.99833056785428	3.088480e+02
1790.99854521824045	3.088432e+02
1791.99875201646159	3.088385e+02
1792.99905301074273	3.088337e+02
1793.99956153303106	3.088289e+02
1795.00037569769552	3.088241e+02
1795.99842001382149	3.088193e+02
1796.99984002621409	3.088146e+02
1797.99821822073977	3.088098e+02
1798.99947944337873	3.088050e+02
1800.00027864572485	3.088002e+02
1801.00056012321079	3.087954e+02
1802.00048960482559	3.087906e+02
1803.00033879808689	3.087858e+02
1804.00034899565208	3.087809e+02
1805.00070417638608	3.087761e+02
1805.99834349052003	3.087713e+02
1806.99936069278101	3.087664e+02
1808.0004092353056	3.087616e+02
1808.99812186720555	3.087568e+02
1809.99854570925777	3.087519e+02
1810.99856121576249	3.087471e+02
1811.99830226419863	3.087422e+02
1812.99798186818407	3.087374e+02
1814.00089884028694	3.087325e+02
1815.00095200638179	3.087276e+02
1815.99812846920872	3.087228e+02
1816.9985271850544	3.087179e+02
1817.99889735535976	3.087130e+02
1818.99913309599242	3.087081e+02
1819.99921614260279	3.087033e+02
1820.99922274400001	3.086984e+02
1821.9992828819145	3.086935e+02
1822.9994983329093	3.086886e+02
1823.99987717613885	3.086837e+02
1825.00031684566693	3.086787e+02
1826.00063631033709	3.086738e+02
1827.00065115859502	3.086689e+02
1828.0002588480736	3.086639e+02
1828.999521290345	3.086590e+02
1829.9986634692209	3.086540e+02
1830.99798581434948	3.086491e+02
1832.00082425095457	3.086441e+02
1832.99794337922572	3.086391e+02
1833.99852546420016	3.086341e+02
1834.99916815684355	3.086291e+02
1835.99950287222032	3.086241e+02
1836.99926197810851	3.086190e+02
1837.99845557101821	3.086140e+02
1839.0004610645974	3.086089e+02
1839.99946844884767	3.086039e+02
1840.99889490637406	3.085988e+02
1841.99882978537903	3.085937e+02
1842.99915568361689	3.085886e+02
1843.99962394086606	3.085835e+02
1844.9999339175306	3.085784e+02
1845.99984691075065	3.085733e+02
1846.99937196937162	3.085682e+02
1847.99875222213336	3.085631e+02
1848.9983355002023	3.085579e+02
1849.99841663746088	3.085528e+02
1850.99907064851641	3.085476e+02
1852.00023379756112	3.085424e+02
1852.99850626381544	3.085372e+02
1853.99957871549464	3.085321e+02
1855.00004137674819	3.085269e+02
1855.99993206196245	3.085217e+02
1856.99962127416029	3.085165e+02
1857.99947772035603	3.085113e+02
1858.99983540032395	3.085060e+02
1860.00087601343103	3.085008e+02
1860.99940074094002	3.084956e+02
1861.99821972287737	3.084903e+02
1862.99985620170742	3.084851e+02
1864.00073654599191	3.084799e+02
1865.00079823534224	3.084747e+02
1866.00023590001365	3.084694e+02
1866.99936799980014	3.084642e+02
1867.99851343587943	3.084589e+02
1869.0009532396025	3.084537e+02
1870.00041894692572	3.084484e+02
1870.99976274147139	3.084431e+02
1871.9987072297788	3.084379e+02
1873.00016324044873	3.084326e+02
1874.00096078780825	3.084273e+02
1874.99814290175391	3.084220e+02
1875.99817497179083	3.084167e+02
1876.99826133029728	3.084114e+02
1877.99858335500471	3.084061e+02
1878.99911000948509	3.084008e+02
1879.99959120604399	3.083955e+02
1880.99966701720768	3.083902e+02
1881.99906092747733	3.083849e+02
1883.00082289671991	3.083796e+02
1883.99895188739174	3.083744e+02
1884.99999827907118	3.083691e+02
1885.9982135368839	3.083638e+02
1887.00003193897987	3.083586e+02
1887.99923803263118	3.083533e+02
1888.9986619013298	3.083481e+02
1890.0009782374259	3.083429e+02
1890.9996120218068	3.083377e+02
1892.00060902208838	3.083325e+02
1892.99796475072867	3.083273e+02
1893.99834801076008	3.083221e+02
1894.99921205038618	3.083169e+02
1896.00078212942276	3.083117e+02
1896.99985531762559	3.083065e+02
1897.99922337217936	3.083013e+02
1898.998514202754	3.082962e+02
1900.00049934267236	3.082910e+02
1900.99893317374926	3.082859e+02
1902.00019646337023	3.082808e+02
1902.99848172231191	3.082757e+02
1904.00035835896188	3.082705e+02
1904.99983568619928	3.082654e+02
1905.99992277003275	3.082603e+02
1907.00032134021694	3.082552e+02
1908.0008322899414	3.082502e+02
1909.00093160232086	3.082451e+02
1910.00030599308934	3.082401e+02
1910.99915416881481	3.082351e+02
1912.00096180215701	3.082300e+02
1912.99985416341951	3.082250e+02
1913.99916159502141	3.082200e+02
1915.00183493017198	3.082150e+02
1915.99884508729065	3.082100e+02
1916.99943377915861	3.082051e+02
1918.00014863020897	3.082002e+02
1919.00056764200008	3.081953e+02
1920.00045193746428	3.081904e+02
1920.999817220767	3.081855e+02
1921.99885407788929	3.081806e+02
1923.00093528869252	3.081758e+02
1924.00015154858534	3.081709e+02
1924.9996942356795	3.081660e+02
1925.99951501246892	3.081612e+02
1926.9994556337756	3.081564e+02
1927.99924453677409	3.081516e+02
1929.00169876828068	3.081468e+02
1930.00053873376396	3.081420e+02
1930.99901672645274	3.081373e+02
1932.00052548632129	3.081325e+02
1932.99922801006664	3.081277e+02
1934.0015359973911	3.081230e+02
1935.00131940371921	3.081183e+02
1936.00158843669146	3.081135e+02
1936.99896437524126	3.081089e+02
1937.99915532118575	3.081042e+02
1939.00169088058715	3.080995e+02
1940.00026699132422	3.080949e+02
1941.00131005967296	3.080902e+02
1941.99907159494342	3.080855e+02
1943.00016854220166	3.080808e+02
1943.99876931042331	3.080761e+02
1945.0013154265514	3.080715e+02
1946.00145902451573	3.080668e+02
1947.00184707857534	3.080622e+02
1947.99894027443679	3.080576e+02
1949.00159173641941	3.080530e+02
1950.0005148195396	3.080484e+02
1950.99915708621666	3.080438e+02
1952.00121105374001	3.080392e+02
1953.00099918931824	3.080346e+02
1954.00175856958867	3.080300e+02
1955.00025833826953	3.080254e+02
1955.99891357040747	3.080208e+02
1956.99998347217434	3.080162e+02
1957.99995687250339	3.080116e+02
1958.99898139444576	3.080070e+02
1960.00060367275319	3.080024e+02
1960.99908875227379	3.079977e+02
1962.00098840628698	3.079931e+02
1963.00035636391385	3.079884e+02
1964.00013511165548	3.079837e+02
1964.99958884015041	3.079791e+02
1966.00117777936748	3.079745e+02
1967.00166040344834	3.079699e+02
1968.00103332507774	3.079652e+02
1968.99926208336751	3.079606e+02
1969.99984270938785	3.079560e+02
1971.00066921584312	3.079514e+02
1972.00156233056987	3.079467e+02
1973.00163917092277	3.079420e+02
1974.00116417228719	3.079374e+02
1975.00054692965341	3.079327e+02
1976.00169083237279	3.079281e+02
1977.00122177684921	3.079234e+02
1978.00073247297109	3.079188e+02
1979.00099174790853	3.079141e+02
1980.00060676208864	3.079095e+02
1980.9999655791205	3.079050e+02
1982.00038738718672	3.079005e+02
1982.99987281407948	3.078960e+02
1984.00023924400102	3.078916e+02
1985.00078188989801	3.078873e+02
1986.00130190178152	3.078829e+02
1987.00082094559184	3.078787e+02
1988.00124635556813	3.078745e+02
1989.00020087422172	3.078703e+02
1989.999123837252	3.078663e+02
1991.00087133326883	3.078623e+02
1991.99942744573468	3.078583e+02
1992.99978404438912	3.078545e+02
1993.99925602162261	3.078506e+02
1994.999169630285	3.078469e+02
1995.99991512042811	3.078431e+02
1997.00115585923368	3.078394e+02
1997.99970297082518	3.078358e+02
1999.00140827003497	3.078323e+02
1999.99864306339714	3.078289e+02
2001.00049341427098	3.078255e+02
2001.99871974126404	3.078221e+02
2002.99998310215051	3.078188e+02
2003.99892672382498	3.078155e+02
2004.99910086211912	3.078123e+02
2005.99975132704435	3.078092e+02
2006.99968559747913	3.078061e+02
2007.99838059500075	3.078031e+02
2008.99946407483458	3.078002e+02
2010.00017958868057	3.077973e+02
2010.99811436887239	3.077946e+02
2012.00009799786471	3.077918e+02
2013.00007377642805	3.077892e+02
2014.00024334006048	3.077866e+02
2014.99984687250253	3.077841e+02
2015.99872423445186	3.077817e+02
2017.00039146966742	3.077793e+02
2017.99944762206155	3.077771e+02
2018.99902973931535	3.077748e+02
2019.99926510331693	3.077727e+02
2021.00041439558163	3.077706e+02
2021.99893569980145	3.077686e+02
2023.00014567225253	3.077667e+02
2023.99799465514093	3.077648e+02
2024.99925690021951	3.077630e+02
2025.9981258396333	3.077613e+02
2026.99802969827783	3.077597e+02
2027.99863002482357	3.077581e+02
2028.99912882977151	3.077567e+02
2029.99940003971801	3.077553e+02
2030.99961806678425	3.077540e+02
2031.99984647913698	3.077527e+02
2033.00038005481906	3.077516e+02
2033.99871361746636	3.077505e+02
2035.0005466491109	3.077494e+02
2035.99886036417092	3.077485e+02
2036.99988564581076	3.077476e+02
2037.9982610211141	3.077468e+02
2039.00006026532355	3.077461e+02
2039.99878396542613	3.077454e+02
2040.99772480244224	3.077448e+02
2042.00012038723753	3.077442e+02
2042.99966677357202	3.077437e+02
2043.99909102798074	3.077433e+02
2044.99866566660921	3.077429e+02
2045.99868470683373	3.077426e+02
2046.99904399035381	3.077424e+02
2047.99968019166795	3.077423e+02
2049.00057878516054	3.077422e+02
2049.9985104174707	3.077422e+02
2050.99974557565474	3.077422e+02
2051.99827445028086	3.077424e+02
2053.00040170725606	3.077426e+02
2053.99975117620988	3.077428e+02
2054.99917963931011	3.077432e+02
2055.99906816382008	3.077434e+02
2057.00010239177618	3.077439e+02
2057.99957034940689	3.077444e+02
2059.00033855696984	3.077450e+02
2059.99877427408364	3.077457e+02
2061.00068028990472	3.077465e+02
2061.99967126352203	3.077473e+02
2062.9986247787715	3.077482e+02
2064.0005915181905	3.077492e+02
2064.99889326900075	3.077503e+02
2065.99960981869208	3.077515e+02
2066.99975605732197	3.077528e+02
2067.99950374386253	3.077542e+02
2068.99903816909227	3.077553e+02
2069.99854899783304	3.077569e+02
2070.99835310048456	3.077586e+02
2071.99848359109592	3.077603e+02
2072.99844596715275	3.077620e+02
2073.99778702077265	3.077638e+02
2074.99967222318037	3.077656e+02
2075.99810136242013	3.077675e+02
2076.99934962724456	3.077694e+02
2078.00007264182295	3.077715e+02
2078.9997303476639	3.077736e+02
2079.99798609703339	3.077758e+02
2080.99795342414836	3.077782e+02
2081.99986423388145	3.077806e+02
2082.99768968741637	3.077832e+02
2083.99737290915937	3.077859e+02
2084.99894619512907	3.077888e+02
2085.99976832878156	3.077917e+02
2087.00031337056316	3.077948e+02
2087.99766901176326	3.077979e+02
2088.99789846065732	3.078012e+02
2089.99794567799563	3.078046e+02
2090.99800346861957	3.078080e+02
2091.99812405934608	3.078115e+02
2092.99840201409143	3.078151e+02
2093.99876380594333	3.078186e+02
2094.99869089617778	3.078223e+02
2095.9978550317137	3.078260e+02
2096.9991733022307	3.078297e+02
2097.99977647816695	3.078336e+02
2098.99987393665151	3.078375e+02
2099.99979300803352	3.078415e+02
2101.00010186090003	3.078456e+02
2101.99846402574758	3.078498e+02
2102.99866839115339	3.078541e+02
2103.99813623537784	3.078584e+02
2104.99996692578725	3.078627e+02
2105.99816976857392	3.078671e+02
2106.99866919346414	3.078714e+02
2107.99782810185116	3.078758e+02
2108.9981657680155	3.078802e+02
2109.99908141417063	3.078846e+02
2111.00014270524571	3.078889e+02
2111.99784360021431	3.078933e+02
2112.9980692155591	3.078978e+02
2113.99772421590706	3.079023e+02
2115.00025172177084	3.079070e+02
2115.99995989037507	3.079117e+02
2116.99743479911331	3.079165e+02
2117.99936725192401	3.079214e+02
2118.99971794856356	3.079264e+02
2119.99836479931173	3.079314e+02
2120.99811993371668	3.079366e+02
2121.99882706652033	3.079418e+02
2122.9973407326479	3.079470e+02
2123.9997887224763	3.079522e+02
2124.99981503044955	3.079575e+02
2125.99746819986694	3.079628e+02
2126.99908667016416	3.079681e+02
2127.9985176557293	3.079735e+02
2128.99886088528137	3.079788e+02
2129.9999912036451	3.079841e+02
2130.99865504492345	3.079895e+02
2131.99786809570242	3.079948e+02
2132.99751634167706	3.080001e+02
2133.99753946215287	3.080054e+02
2134.99786540615605	3.080107e+02
2135.99851037891131	3.080160e+02
2136.9995630294261	3.080212e+02
2137.99793694486607	3.080264e+02
2138.99984749607711	3.080316e+02
2139.99877445712855	3.080367e+02
2140.99753084719578	3.080418e+02
2141.99917903327423	3.080469e+02
2142.99749645313159	3.080520e+02
2143.99886796876945	3.080570e+02
2144.99993714993252	3.080620e+02
2145.99733484778471	3.080670e+02
2147.00039487450886	3.080720e+02
2147.99976503022026	3.080770e+02
2148.99875176522892	3.080820e+02
2149.99746583337583	3.080869e+02
2150.99907529154007	3.080919e+02
2152.00030219342352	3.080969e+02
2152.99785677024329	3.081018e+02
2153.99733257606476	3.081068e+02
2154.99748501575414	3.081118e+02
2156.000377352143	3.081168e+02
2156.99863758590345	3.081218e+02
2157.99919717638477	3.081267e+02
2158.99807518371426	3.081317e+02
2159.9998077229543	3.081367e+02
2161.00031085701812	3.081416e+02
2162.00036355467819	3.081465e+02
2162.99924782493918	3.081513e+02
2163.99943658260054	3.081561e+02
2165.00044714256319	3.081608e+02
2165.99874920609682	3.081655e+02
2167.00033799808352	3.081702e+02
2167.99877640363593	3.081749e+02
2169.00023517328327	3.081796e+02
2169.99850800146805	3.081843e+02
2170.99994296293926	3.081890e+02
2171.99863989052164	3.081937e+02
2172.99750202157702	3.081984e+02
2173.9992223670597	3.082031e+02
2174.99740299741461	3.082078e+02
2175.99833749423806	3.082125e+02
2176.99911416738041	3.082172e+02
2177.99978870693667	3.082219e+02
2179.00033647576856	3.082266e+02
2179.9976957639301	3.082312e+02
2180.99803515688518	3.082358e+02
2181.99820458052909	3.082404e+02
2182.99845473769528	3.082449e+02
2183.99895209592114	3.082493e+02
2184.99950017484889	3.082538e+02
2186.00019397418373	3.082581e+02
2186.99787029970958	3.082625e+02
2187.99826391316947	3.082668e+02
2188.99771439201459	3.082712e+02
2189.99907864252827	3.082756e+02
2190.99935342400659	3.082800e+02
2191.99883265925837	3.082844e+02
2192.99795951929855	3.082888e+02
2193.99983017743807	3.082932e+02
2194.99780033080879	3.082977e+02
2195.99755666840838	3.083021e+02
2196.99925646415886	3.083064e+02
2197.99984148038402	3.083107e+02
2198.99928127135126	3.083150e+02
2199.99808676481643	3.083191e+02
2200.99998098248716	3.083232e+02
2201.99918517415335	3.083273e+02
2202.99908315789162	3.083313e+02
2203.9995327011743	3.083353e+02
2205.00010956640926	3.083392e+02
2205.9974725342804	3.083431e+02
2206.9976090697246	3.083471e+02
2208.0003674833938	3.083511e+02
2208.99940244910567	3.083550e+02
2209.99771086723058	3.083590e+02
2210.9985298354004	3.083630e+02
2211.99910742249858	3.083670e+02
2212.99971696180592	3.083710e+02
2213.99752000513672	3.083750e+02
2214.99894471088874	3.083790e+02
2215.9981775852375	3.083830e+02
2216.99840338094509	3.083869e+02
2217.99954605298126	3.083908e+02
2218.99848923973559	3.083947e+02
2219.99827675633151	3.083985e+02
2220.99872301500773	3.084024e+02
2221.99962852024055	3.084063e+02
2222.99777183598962	3.084101e+02
2223.99902753071365	3.084140e+02
2224.99982873955014	3.084179e+02
2225.9998707552727	3.084219e+02
2226.99913600122863	3.084258e+02
2227.99759010323805	3.084298e+02
2228.99846232958998	3.084339e+02
2229.99897909293577	3.084379e+02
2230.9996306599669	3.084420e+02
2232.00039433140728	3.084461e+02
2232.99787400434116	3.084501e+02
2233.99871370510118	3.084542e+02
2234.9999537612639	3.084583e+02
2235.99848415860879	3.084623e+02
2236.9976012285706	3.084663e+02
2237.9974617870439	3.084703e+02
2238.99784214628562	3.084744e+02
2239.99891322069834	3.084784e+02
2240.99789000996088	3.084824e+02
2242.00030983782108	3.084865e+02
2242.99914185837042	3.084906e+02
2243.99743710862595	3.084947e+02
2244.9984691276054	3.084989e+02
2245.9992081517712	3.085031e+02
2246.99974073588555	3.085074e+02
2248.00018196718929	3.085116e+02
2248.99762751118942	3.085159e+02
2249.99801405747576	3.085201e+02
2250.99809761508232	3.085243e+02
2251.99820086085674	3.085285e+02
2252.99882295924635	3.085327e+02
2254.00006169661992	3.085368e+02
2254.99875315346162	3.085409e+02
2255.99810970797625	3.085450e+02
2256.99824355901546	3.085491e+02
2257.99905473568333	3.085532e+02
2259.00019969251434	3.085574e+02
2259.9981875817798	3.085616e+02
2260.99919128155943	3.085659e+02
2262.00032459015301	3.085702e+02
2262.99873406835104	3.085746e+02
2264.0002081860398	3.085790e+02
2264.99863667349973	3.085835e+02
2266.00027632655883	3.085879e+02
2266.9985431275627	3.085923e+02
2267.99951118267973	3.085966e+02
2269.00016699129947	3.086009e+02
2269.99758185133123	3.086051e+02
2270.99786821735279	3.086093e+02
2271.99790892851388	3.086135e+02
2272.99816742215307	3.086176e+02
2273.99930044262283	3.086218e+02
2274.99835017376199	3.086259e+02
2275.99842348579068	3.086301e+02
2276.99740792660987	3.086344e+02
2277.99822741756543	3.086388e+02
2278.99984385249445	3.086432e+02
2279.99807266022026	3.086477e+02
2280.99875640573237	3.086523e+02
2281.99830753409651	3.086568e+02
2282.99894213778862	3.086614e+02
2283.99766376034813	3.086659e+02
2284.998243751882	3.086703e+02
2285.9982282519054	3.086746e+02
2286.99869785351211	3.086789e+02
2288.00041530655244	3.086831e+02
2288.99951252740084	3.086873e+02
2289.99786921335908	3.086914e+02
2290.99812690473073	3.086956e+02
2291.9977693247115	3.086998e+02
2292.99805242413095	3.087040e+02
2293.99830070155258	3.087083e+02
2294.9988735932684	3.087128e+02
2295.99737680840144	3.087173e+02
2296.997362918004	3.087220e+02
2297.99835026838127	3.087267e+02
2298.99810139530109	3.087314e+02
2299.99896535442485	3.087361e+02
2301.00015453566448	3.087406e+02
2301.99949696415069	3.087451e+02
2302.99774808424536	3.087495e+02
2303.99907972232177	3.087538e+02
2304.99849876808003	3.087580e+02
2305.99941864096763	3.087621e+02
2306.99814169517276	3.087662e+02
2307.99912113494747	3.087703e+02
2308.99866296727805	3.087744e+02
2309.99740859131316	3.087786e+02
2310.99987246703085	3.087829e+02
2311.99820423129177	3.087873e+02
2312.99859138255442	3.087918e+02
2313.9994256144837	3.087965e+02
2314.99908323351883	3.088012e+02
2316.00008394815541	3.088059e+02
2316.99989285751553	3.088107e+02
2317.99884932061877	3.088153e+02
2319.00006736875866	3.088199e+02
2319.99787336056079	3.088244e+02
2320.99868770266175	3.088287e+02
2322.00010910638866	3.088330e+02
2323.00034540120851	3.088371e+02
2323.99997020282581	3.088412e+02
2324.99781788980272	3.088453e+02
2325.99819909263806	3.088494e+02
2327.00007667975842	3.088536e+02
2328.00027143664965	3.088578e+02
2328.99961233529211	3.088620e+02
2329.999652867431	3.088664e+02
2330.99835263534351	3.088709e+02
2331.99841108730061	3.088754e+02
2332.99840211696892	3.088800e+02
2333.99763965347938	3.088846e+02
2334.99957929431184	3.088892e+02
2335.99803029698614	3.088937e+02
2336.99890683774356	3.088982e+02
2337.99955209680638	3.089025e+02
2339.00034084638401	3.089067e+02
2339.99829559317095	3.089108e+02
2340.99967267216425	3.089149e+02
2341.99800723161434	3.089189e+02
2342.99890011629896	3.089229e+02
2343.99892908347601	3.089269e+02
2344.99827801677657	3.089310e+02
2345.997805155278	3.089350e+02
2346.99903193915088	3.089392e+02
2347.99961710966136	3.089434e+02
2348.99858992739382	3.089478e+02
2350.00041670362452	3.089521e+02
2350.99831128024289	3.089565e+02
2351.99882692585015	3.089609e+02
2352.9983404695754	3.089653e+02
2353.99964050988183	3.089695e+02
2355.00015843287702	3.089738e+02
2356.00035204070218	3.089779e+02
2356.99748193251799	3.089819e+02
2357.99790440889547	3.089859e+02
2358.99840253773255	3.089898e+02
2359.99880880956607	3.089937e+02
2360.99891648527046	3.089976e+02
2361.99861574990382	3.090015e+02
2362.99863355898651	3.090055e+02
2364.00024669444701	3.090095e+02
2364.99810022804013	3.090136e+02
2365.99763788779637	3.090178e+02
2367.00011005986244	3.090220e+02
2367.99796373717663	3.090263e+02
2369.00042317796442	3.090306e+02
2369.99883797816256	3.090350e+02
2370.99953219971803	3.090392e+02
2371.99945387799426	3.090435e+02
2372.99897667841287	3.090476e+02
2373.99849069003858	3.090517e+02
2374.99828936273707	3.090557e+02
2375.99834002907892	3.090597e+02
2376.9986668221236	3.090636e+02
2377.99903901132166	3.090675e+02
2378.99908183994557	3.090714e+02
2379.9985360598921	3.090754e+02
2380.99748482587938	3.090794e+02
2381.99960393491756	3.090835e+02
2382.9995179112866	3.090876e+02
2383.99737201020798	3.090918e+02
2384.9987046308911	3.090961e+02
2385.99952367580681	3.091004e+02
2386.99957175900454	3.091047e+02
2387.99895135302222	3.091090e+02
2388.99773264053056	3.091132e+02
2389.99934795109812	3.091174e+02
2390.99794611844391	3.091215e+02
2392.000071067514	3.091256e+02
2392.99986942474106	3.091296e+02
2393.99735909048286	3.091336e+02
2394.99861755764323	3.091375e+02
2396.00038049822797	3.091415e+02
2396.999280046271	3.091454e+02
2397.9980206531327	3.091494e+02
2398.99936990546212	3.091534e+02
2400.00009661273771	3.091575e+02
2401.00022862171454	3.091616e+02
2401.99975452106037	3.091658e+02
2402.99857882436754	3.091700e+02
2403.99987990839827	3.091742e+02
2404.99771436263154	3.091784e+02
2405.99850742203034	3.091826e+02
2406.99943760110773	3.091868e+02
2407.99773064108285	3.091910e+02
2408.99994245487642	3.091951e+02
2410.00033731595931	3.091992e+02
2410.99895595835778	3.092033e+02
2411.99883692786898	3.092073e+02
2412.99975301639915	3.092114e+02
2413.99843709958805	3.092154e+02
2414.99756668073724	3.092195e+02
2415.99978622502795	3.092236e+02
2416.99856364521656	3.092278e+02
2418.00001604584122	3.092319e+02
2418.99799271498659	3.092361e+02
2419.9987927418324	3.092403e+02
2420.99938329038832	3.092445e+02
2421.99982983369091	3.092488e+02
2423.00018911715779	3.092530e+02
2423.99751364332587	3.092572e+02
2424.9981777602884	3.092614e+02
2425.99912214524238	3.092656e+02
2427.00019506984881	3.092697e+02
2427.9981607959844	3.092739e+02
2428.99928472065631	3.092781e+02
2429.99736154411175	3.092822e+02
2430.99842009405165	3.092864e+02
2431.99921838544333	3.092906e+02
2432.99973280321046	3.092948e+02
2433.99988832222334	3.092990e+02
2434.99956375596548	3.093032e+02
2435.99865888192835	3.093074e+02
2437.0001885427655	3.093117e+02
2437.99804783782565	3.093159e+02
2438.99856199650139	3.093201e+02
2439.9987412791188	3.093243e+02
2440.99863100579387	3.093284e+02
2441.99828404650953	3.093326e+02
2442.99768514480547	3.093368e+02
2443.99988470843846	3.093409e+02
2444.9987306353064	3.093451e+02
2445.99742126215824	3.093492e+02
2446.99919619922366	3.093534e+02
2447.99800719339055	3.093575e+02
2449.00008267641579	3.093616e+02
2449.99927919990387	3.093658e+02
2450.99861444218186	3.093699e+02
2451.99791152140278	3.093739e+02
2453.00013688460331	3.093780e+02
2453.99914594800839	3.093820e+02
2454.9979210174979	3.093860e+02
2455.99960560640875	3.093900e+02
2456.99819897199541	3.093938e+02
2457.99999726007673	3.093977e+02
2458.99811008820507	3.094015e+02
2459.99801173524884	3.094052e+02
2460.9973812106341	3.094090e+02
2461.999602100218	3.094127e+02
2462.99849580337514	3.094165e+02
2463.99949130303048	3.094203e+02
2464.99894132724648	3.094241e+02
2465.99884914598897	3.094279e+02
2466.99910480596418	3.094318e+02
2467.99937686812382	3.094356e+02
2468.99798518704938	3.094395e+02
2469.99991054773227	3.094433e+02
2470.99856156170927	3.094471e+02
2472.00010733379759	3.094508e+02
2472.99822254590345	3.094545e+02
2473.99863329917798	3.094580e+02
2474.99815405534582	3.094615e+02
2476.00005594850836	3.094650e+02
2476.99817209166258	3.094683e+02
2477.99865629239775	3.094716e+02
2478.99836041636036	3.094747e+02
2480.00023966126992	3.094779e+02
2480.99803662861541	3.094809e+02
2482.00039712141552	3.094839e+02
2482.9982461498239	3.094868e+02
2483.99807190137017	3.094897e+02
2484.99958241501281	3.094925e+02
2486.00013007160533	3.094953e+02
2487.00024099135953	3.094981e+02
2487.9997162465761	3.095009e+02
2488.99883911418601	3.095037e+02
2489.99813519589907	3.095065e+02
2490.99772194033585	3.095093e+02
2491.99765629056583	3.095122e+02
2492.9980162916745	3.095151e+02
2493.99889117297562	3.095180e+02
2495.00034273794836	3.095210e+02
2495.99936673973116	3.095240e+02
2496.99905960229626	3.095271e+02
2497.9994557521095	3.095302e+02
2498.99753238008907	3.095333e+02
2499.99947729902715	3.095365e+02
2500.99919630359909	3.095398e+02
2501.99967339764999	3.095430e+02
2503.00079409065529	3.095468e+02
2503.99938634722639	3.095501e+02
2504.99840853773048	3.095534e+02
2506.00086927230268	3.095567e+02
2507.0005589385014	3.095601e+02
2508.0005466460957	3.095634e+02
2509.00073594086234	3.095668e+02
2509.99805346357516	3.095701e+02
2510.99871320600323	3.095735e+02
2511.99973411103974	3.095769e+02
2512.99809854275554	3.095803e+02
2513.99994797670161	3.095837e+02
2514.99907669717004	3.095871e+02
2515.9987003076576	3.095906e+02
2516.99887012493264	3.095941e+02
2517.99960778680634	3.095976e+02
2519.00092831216534	3.096012e+02
2519.99953051158673	3.096048e+02
2520.99836085585366	3.096084e+02
2522.00036118810021	3.096120e+02
2522.99945027961076	3.096157e+02
2523.99842825720361	3.096193e+02
2525.00015672435393	3.096229e+02
2525.99848770081462	3.096265e+02
2526.99958009738111	3.096301e+02
2528.00036314507406	3.096337e+02
2529.00074844603978	3.096373e+02
2530.00064158086252	3.096409e+02
2531.00023862287844	3.096445e+02
2531.99958838139719	3.096481e+02
2532.99853022830484	3.096517e+02
2534.00025830022696	3.096554e+02
2534.99884392441436	3.096590e+02
2536.00048399108164	3.096627e+02
2536.99905064259292	3.096665e+02
2538.0008637657611	3.096702e+02
2538.9998327799799	3.096740e+02
2539.99901032525668	3.096778e+02
2540.99851782799442	3.096816e+02
2541.99855123628504	3.096854e+02
2542.99904870387536	3.096893e+02
2543.99996914063968	3.096932e+02
2544.99832916726973	3.096971e+02
2546.00021546476637	3.097010e+02
2546.99931673698256	3.097049e+02
2547.99881992875771	3.097089e+02
2548.99862262136003	3.097128e+02
2549.99845127508843	3.097167e+02
2550.99844442773247	3.097206e+02
2551.998593112035	3.097246e+02
2552.99871533058831	3.097285e+02
2553.9989976212928	3.097324e+02
2554.99952693893238	3.097363e+02
2556.00016099880759	3.097402e+02
2557.00094128681849	3.097441e+02
2557.99895570057834	3.097479e+02
2559.00036794657717	3.097518e+02
2559.99876402940254	3.097556e+02
2561.00029048555871	3.097594e+02
2561.99881457109268	3.097632e+02
2563.00036329194745	3.097670e+02
2563.99864794126188	3.097707e+02
2564.99997951802061	3.097744e+02
2565.99806654894201	3.097780e+02
2566.99887539327392	3.097816e+02
2567.99932199801924	3.097852e+02
2568.99937951830952	3.097887e+02
2569.99888282642405	3.097922e+02
2571.00088605964902	3.097956e+02
2571.99913804690959	3.097990e+02
2572.9997520523807	3.098023e+02
2573.99973460387309	3.098056e+02
2574.9991399030705	3.098089e+02
2575.99794255559391	3.098121e+02
2576.99933542342978	3.098154e+02
2578.00034653739704	3.098186e+02
2578.99793964354012	3.098217e+02
2579.99837141146509	3.098249e+02
2580.99860515131604	3.098281e+02
2581.99865806965227	3.098313e+02
2582.99858803817642	3.098345e+02
2583.99854520136341	3.098377e+02
2584.99860877221636	3.098409e+02
2585.99886769613204	3.098441e+02
2586.99940052540296	3.098473e+02
2588.00032822619914	3.098506e+02
2588.99868937208157	3.098538e+02
2590.00067251721293	3.098570e+02
2591.00007771264291	3.098603e+02
2591.999961690899	3.098635e+02
2593.00030722982319	3.098667e+02
2593.9979344911676	3.098699e+02
2594.998875517329	3.098732e+02
2596.00005991303124	3.098764e+02
2596.99857683497385	3.098796e+02
2598.00040491428535	3.098828e+02
2598.99919503987849	3.098861e+02
2599.99832176697328	3.098893e+02
2601.00078869902381	3.098925e+02
2602.00021481696558	3.098957e+02
2602.99993773763299	3.098990e+02
2604.00000663840683	3.099022e+02
2605.00028319116655	3.099054e+02
2606.00091222106585	3.099086e+02
2606.9987735065306	3.099118e+02
2607.99980269569915	3.099149e+02
2609.00076333192055	3.099181e+02
2609.99855893318454	3.099212e+02
2610.99928448174023	3.099243e+02
2611.99980045247003	3.099274e+02
2613.00014886259714	3.099305e+02
2614.00032546469038	3.099335e+02
2615.00027960245825	3.099364e+02
2615.99994637583222	3.099394e+02
2616.99924406199898	3.099423e+02
2617.9980576806588	3.099451e+02
2618.99938925570723	3.099480e+02
2620.00006816725318	3.099508e+02
2621.00010709850994	3.099536e+02
2621.99965731460088	3.099564e+02
2622.99882609439192	3.099591e+02
2624.00065838655109	3.099619e+02
2624.99906433560773	3.099647e+02
2626.00040335024778	3.099674e+02
2626.99848679841398	3.099702e+02
2627.99942005976436	3.099733e+02
2629.00021244846221	3.099761e+02
2629.99786268051685	3.099789e+02
2630.99851703354034	3.099817e+02
2631.99915995577385	3.099845e+02
2632.99999060617347	3.099874e+02
2633.998094927073	3.099902e+02
2634.99962825516013	3.099931e+02
2635.99843288546663	3.099960e+02
2636.99773663496444	3.099988e+02
2637.99760571516163	3.100017e+02
2638.99778690327184	3.100045e+02
2639.99830057556437	3.100074e+02
2640.99930329624567	3.100103e+02
2642.00049370648321	3.100131e+02
2642.99877582441013	3.100160e+02
2643.99757536305378	3.100189e+02
2644.99979533819624	3.100217e+02
2645.99889300449559	3.100246e+02
2646.99833597070574	3.100275e+02
2647.99813330419329	3.100303e+02
2648.99797848054914	3.100332e+02
2649.99826243877351	3.100361e+02
2650.99910091956144	3.100390e+02
2652.00022928678391	3.100419e+02
2652.99867573842175	3.100448e+02
2653.9975287735524	3.100476e+02
2654.99961209333287	3.100505e+02
2655.99870525406504	3.100534e+02
2656.99799105220563	3.100562e+02
2658.00045412392728	3.100590e+02
2658.99983573578857	3.100618e+02
2659.99931554451723	3.100645e+02
2660.99878235005872	3.100673e+02
2661.99808774638359	3.100699e+02
2663.00026451472104	3.100726e+02
2663.99897693488856	3.100752e+02
2665.0002880089196	3.100778e+02
2665.99801132077073	3.100804e+02
2666.99837887208196	3.100830e+02
2667.99829893663491	3.100855e+02
2668.99783730216404	3.100880e+02
2670.00017353254998	3.100905e+02
2670.99913104654706	3.100930e+02
2671.99782579633984	3.100955e+02
2672.99942548677382	3.100980e+02
2673.99778609802115	3.101005e+02
2674.99909865687141	3.101030e+02
2676.00029638023307	3.101055e+02
2676.99830942368817	3.101080e+02
2677.99935028333084	3.101105e+02
2679.0003654772695	3.101131e+02
2679.99830579483614	3.101156e+02
2680.99939321280681	3.101182e+02
2682.00055523101764	3.101207e+02
2682.99869837807182	3.101233e+02
2684.00004568391796	3.101258e+02
2684.99851993432549	3.101284e+02
2686.00031583854297	3.101309e+02
2686.99921593488534	3.101335e+02
2687.99831397159369	3.101360e+02
2688.99762290014041	3.101385e+02
2690.00027590692935	3.101411e+02
2690.99999547597145	3.101436e+02
2691.99977746517061	3.101461e+02
2692.99981644030277	3.101487e+02
2694.00017155536761	3.101512e+02
2694.99772649186116	3.101538e+02
2695.99885377340388	3.101564e+02
2697.00046887395001	3.101590e+02
2697.9993934163017	3.101615e+02
2698.99876738618514	3.101641e+02
2699.99865489591184	3.101667e+02
2700.9990826995313	3.101693e+02
2702.0000149007069	3.101719e+02
2702.99836930913671	3.101745e+02
2704.00033308723232	3.101771e+02
2704.99946880740708	3.101796e+02
2705.99874803743933	3.101821e+02
2706.99816590584351	3.101846e+02
2707.99756580653138	3.101871e+02
2708.99990188669699	3.101895e+02
2709.99895450594067	3.101919e+02
2710.99778392072312	3.101943e+02
2711.99940795776774	3.101967e+02
2712.99763720082137	3.101990e+02
2713.99872550815689	3.102013e+02
2714.99954709951135	3.102036e+02
2716.00015619130727	3.102058e+02
2716.99752266370433	3.102081e+02
2717.99786898524098	3.102103e+02
2718.9981179681904	3.102126e+02
2719.99833251796827	3.102148e+02
2720.99851282848158	3.102170e+02
2721.99865080398149	3.102193e+02
2722.99877233849793	3.102215e+02
2723.99886266513386	3.102238e+02
2724.99886657676097	3.102260e+02
2725.99873763257528	3.102283e+02
2726.99846546551362	3.102306e+02
2727.9981010648703	3.102328e+02
2728.9976843829736	3.102351e+02
2730.00035840969122	3.102374e+02
2730.99996070567022	3.102397e+02
2731.99961359939516	3.102419e+02
2732.99934192592218	3.102442e+02
2733.99919432913339	3.102464e+02
2734.99922580758403	3.102487e+02
2735.99946555459383	3.102509e+02
2736.99992229074496	3.102532e+02
2738.00057490861263	3.102554e+02
2738.99831257485448	3.102577e+02
2739.99937935182015	3.102600e+02
2740.99754048845125	3.102622e+02
2741.99902451592243	3.102645e+02
2742.99766334834021	3.102668e+02
2743.99971227169408	3.102690e+02
2744.99897148291438	3.102713e+02
2745.99862066898504	3.102736e+02
2746.99873735936671	3.102759e+02
2747.99934858969027	3.102782e+02
2749.00049996806138	3.102805e+02
2749.99909429389663	3.102828e+02
2750.9982082681945	3.102851e+02
2751.9978040475321	3.102874e+02
2752.99786482638046	3.102896e+02
2753.99834415190799	3.102919e+02
2754.99910241042335	3.102941e+02
2755.99998668010585	3.102963e+02
2756.9977270847462	3.102984e+02
2757.99846597625265	3.103006e+02
2758.99901732126773	3.103027e+02
2759.99933732970476	3.103048e+02
2760.99934944763163	3.103068e+02
2761.99903831849861	3.103089e+02
2762.99843229781391	3.103109e+02
2763.99753766924823	3.103128e+02
2764.9995297544956	3.103148e+02
2765.99824121572101	3.103168e+02
2766.99993920934639	3.103187e+02
2767.99840236972841	3.103206e+02
2768.99990027811918	3.103226e+02
2769.99817972866913	3.103245e+02
2770.99944623232204	3.103264e+02
2772.00056690254041	3.103284e+02
2772.99841457706179	3.103304e+02
2773.99920637450896	3.103323e+02
2774.99980997238254	3.103343e+02
2776.00022643083412	3.103362e+02
2777.00047745049324	3.103382e+02
2778.00059357119881	3.103402e+02
2779.00060210025686	3.103421e+02
2780.00053056490015	3.103441e+02
2781.00040933635682	3.103460e+02
2782.00025681299303	3.103480e+02
2783.00007981718772	3.103499e+02
2783.9999094651248	3.103518e+02
2784.99978609565824	3.103537e+02
2785.99970857577682	3.103557e+02
2786.99967699975059	3.103576e+02
2787.99973639800464	3.103595e+02
2788.9998819860084	3.103614e+02
2790.00011241906213	3.103634e+02
2791.00048445079892	3.103653e+02
2791.99792296568467	3.103672e+02
2792.99870966538174	3.103691e+02
2793.99980533089456	3.103711e+02
2794.99814324459066	3.103730e+02
2795.99998008805551	3.103749e+02
2796.99910140148131	3.103769e+02
2797.99864561077948	3.103788e+02
2798.99857346735871	3.103807e+02
2799.99882604556296	3.103826e+02
2800.99935140733623	3.103844e+02
2802.00007076547126	3.103863e+02
2802.99778266680732	3.103881e+02
2803.99870001165209	3.103899e+02
2804.99964568148607	3.103916e+02
2806.00055099140627	3.103934e+02
2806.99823017126346	3.103951e+02
2807.99890079282204	3.103968e+02
2808.99938861525698	3.103984e+02
2809.99969086145347	3.104001e+02
2810.99985466412863	3.104017e+02
2811.99987339113432	3.104033e+02
2812.99973711734629	3.104049e+02
2813.99949959149126	3.104065e+02
2814.99910169612394	3.104081e+02
2815.99850798087118	3.104096e+02
2816.99775242364149	3.104112e+02
2817.99993398254901	3.104128e+02
2818.99875278360332	3.104143e+02
2820.00041913608993	3.104159e+02
2820.99868258738843	3.104175e+02
2821.99975684999572	3.104191e+02
2823.00050025327755	3.104206e+02
2823.99781988198538	3.104222e+02
2824.99797953310508	3.104238e+02
2825.99787079712632	3.104254e+02
2826.99752400357602	3.104269e+02
2828.00009517123453	3.104285e+02
2828.99937309692905	3.104300e+02
2829.99848164044533	3.104315e+02
2831.00051385396773	3.104331e+02
2831.99934374564509	3.104346e+02
2832.99815101384183	3.104361e+02
2833.99993218959071	3.104377e+02
2834.99847098656801	3.104392e+02
2836.00002786650839	3.104407e+02
2836.99842692314951	3.104422e+02
2837.99997599358403	3.104437e+02
2838.99857233503189	3.104452e+02
2840.0004832745949	3.104466e+02
2840.99948532379813	3.104481e+02
2841.99869504890466	3.104496e+02
2842.99806443157513	3.104511e+02
2843.99754858404549	3.104526e+02
2845.00028381328593	3.104540e+02
2846.00007246186897	3.104555e+02
2847.00006165629793	3.104570e+02
2848.00031450211964	3.104584e+02
2848.99775783342284	3.104598e+02
2849.99863363367194	3.104612e+02
2850.99982555372026	3.104627e+02
2851.99817937527996	3.104640e+02
2852.99987255858059	3.104654e+02
2853.99860941159932	3.104668e+02
2855.00059105707669	3.104681e+02
2855.9995370689353	3.104695e+02
2856.99855813274007	3.104708e+02
2857.99766692333287	3.104721e+02
2858.9999956206334	3.104733e+02
2859.99930785326524	3.104746e+02
2860.99873526533247	3.104758e+02
2861.99826933368786	3.104771e+02
2862.99786879663861	3.104783e+02
2864.00062357392972	3.104795e+02
2865.00026576370419	3.104807e+02
2865.9998439128517	3.104819e+02
2866.99926004866938	3.104831e+02
2867.99855292796565	3.104842e+02
2868.99766193429832	3.104854e+02
2869.99965851680554	3.104866e+02
2870.99825992603019	3.104877e+02
2871.99965536026457	3.104888e+02
2872.99755919371	3.104900e+02
2873.99818645784126	3.104911e+02
2874.99840513695381	3.104922e+02
2875.99819912794965	3.104933e+02
2876.99757544710064	3.104945e+02
2877.99967094089698	3.104956e+02
2878.99828746838648	3.104967e+02
2879.99967835713323	3.104978e+02
2880.99765908685413	3.104989e+02
2881.99848382585424	3.105000e+02
2882.99907607965861	3.105010e+02
2883.99945711702321	3.105021e+02
2884.99956041807172	3.105032e+02
2885.99953928932428	3.105043e+02
2886.99940162959319	3.105054e+02
2887.99910088683737	3.105064e+02
2888.99866296788377	3.105075e+02
2889.99812889266923	3.105086e+02
2890.99754712771346	3.105096e+02
2892.00007764612064	3.105107e+02
2892.99957142305402	3.105117e+02
2893.99917356502283	3.105128e+02
2894.99891113235526	3.105138e+02
2895.99881272031462	3.105149e+02
2896.99890228911363	3.105159e+02
2897.99919440826079	3.105169e+02
2898.99969898907921	3.105179e+02
2900.00042538156822	3.105189e+02
2900.99827257065681	3.105199e+02
2901.99944926494891	3.105209e+02
2902.99772888530606	3.105219e+02
2903.99933826368306	3.105228e+02
2904.99804350447357	3.105238e+02
2906.00005878848015	3.105247e+02
2906.99916950012766	3.105257e+02
2907.99849670960748	3.105266e+02
2908.99806431657908	3.105275e+02
2909.99791295359046	3.105284e+02
2910.99807359191254	3.105292e+02
2911.99857211342396	3.105301e+02
2912.99942276642787	3.105310e+02
2914.00062368954741	3.105318e+02
2914.99903405660643	3.105326e+02
2915.99774740466	3.105334e+02
2916.99984136788544	3.105342e+02
2917.99902520207797	3.105349e+02
2918.99836946620962	3.105357e+02
2919.99782958261767	3.105364e+02
2921.00049845586864	3.105371e+02
2921.99997040520066	3.105378e+02
2922.99937649817048	3.105385e+02
2923.99866305935166	3.105391e+02
2924.99777637816533	3.105398e+02
2925.99978712385882	3.105404e+02
2926.99841892929589	3.105410e+02
2927.99989034549253	3.105416e+02
2928.99793172498221	3.105422e+02
2929.99874946110549	3.105428e+02
2930.99920424626862	3.105434e+02
2931.99927517524247	3.105440e+02
2932.99893598591143	3.105445e+02
2933.99816092099627	3.105451e+02
2935.00004464529275	3.105456e+02
2935.99834124196968	3.105462e+02
2936.99924771074438	3.105467e+02
2937.99964680275434	3.105473e+02
2938.99955002328579	3.105479e+02
2939.99898475730561	3.105484e+02
2940.99799142477559	3.105490e+02
2941.99969899304142	3.105495e+02
2942.99789763447097	3.105501e+02
2943.99900723070186	3.105506e+02
2944.99986880195729	3.105512e+02
2946.00050428817485	3.105518e+02
2946.99785858360246	3.105523e+02
2947.99816832813258	3.105529e+02
2948.99840250985471	3.105534e+02
2949.99862809933074	3.105540e+02
