#   Area   : 2.13000e-01
#   Time   areaAverage(T)
0.999427 3.031475e+02
2.00049 3.031485e+02
3.00031 3.031480e+02
3.99973 3.031469e+02
4.99982 3.031450e+02
6.00096 3.031425e+02
7.00036 3.031393e+02
8.00025 3.031345e+02
8.99988 3.031276e+02
10.001085 3.031167e+02
11.000692 3.030980e+02
12.001192 3.030742e+02
12.999654 3.030540e+02
14.001553 3.030421e+02
15.00191378 3.030385e+02
15.99990726 3.030383e+02
17.00021302 3.030395e+02
18.00201162 3.030405e+02
19.001665 3.030417e+02
20.001063064 3.030452e+02
21.000223408 3.030507e+02
22.000868674 3.030562e+02
22.999568146 3.030606e+02
24.00203262 3.030636e+02
25.00206209729 3.030656e+02
25.9997240433 3.030667e+02
27.00155800819 3.030672e+02
28.00198841907 3.030670e+02
29.00100132413 3.030662e+02
30.0012255059946 3.030648e+02
31.0020125996283 3.030630e+02
31.9997203434261 3.030612e+02
33.0000159367413 3.030600e+02
33.9999993471484 3.030620e+02
35.0001409482367123 3.030680e+02
36.0010399662744121 3.030787e+02
37.000256075600312 3.030940e+02
38.0011334139074748 3.031124e+02
39.0001093232681626 3.031322e+02
39.9994296677075454 3.031513e+02
41.001577972869228 3.031684e+02
42.000199945820512 3.031840e+02
43.0015357555295594 3.031978e+02
44.0000908474563985 3.032101e+02
44.999720034311153 3.032214e+02
46.0011036185372717 3.032323e+02
47.0017015365830488 3.032432e+02
48.001828578469862 3.032545e+02
49.0009987208578792 3.032668e+02
50.001646775172766 3.032804e+02
51.0004873107095733 3.032953e+02
52.0004965650810149 3.033113e+02
53.0016782245142934 3.033280e+02
54.0010911490910033 3.033450e+02
55.0018322131206503 3.033618e+02
56.0008311045826801 3.033784e+02
57.0009505745707656 3.033946e+02
58.0018173874204663 3.034106e+02
58.9998754286462415 3.034261e+02
60.0007253884735974 3.034413e+02
61.000729949421661 3.034563e+02
61.9994469747591523 3.034711e+02
62.9997307278246481 3.034858e+02
64.0016132336676264 3.035005e+02
65.0021195847200062 3.035152e+02
66.0013755148593475 3.035300e+02
66.9994618408717173 3.035450e+02
67.9995567282688285 3.035602e+02
69.0018710907051513 3.035756e+02
70.0005020403649496 3.035909e+02
71.0017759000867983 3.036064e+02
71.9997917061677697 3.036220e+02
73.0007626398363385 3.036377e+02
74.0017781164737585 3.036537e+02
74.9999419786135348 3.036698e+02
76.0015844890211554 3.036863e+02
77.00072239299773 3.037031e+02
78.0004746440082357 3.037201e+02
79.0007523688503994 3.037374e+02
80.0017080025030367 3.037548e+02
81.0004119802447349 3.037452e+02
81.9999292237897635 3.036950e+02
83.0001885797195058 3.036357e+02
84.0008505180802274 3.035724e+02
85.0015387397775584 3.035068e+02
86.0016440249805925 3.034393e+02
87.0005454702849761 3.033704e+02
88.0008545399135187 3.033002e+02
89.0021930695815655 3.032291e+02
90.0016302263138357 3.031576e+02
91.002174366868033 3.030853e+02
92.0010182300664496 3.030125e+02
93.0013450760332745 3.029391e+02
94.0003161743501465 3.028652e+02
95.0010570184568053 3.027906e+02
96.0007746328522842 3.027154e+02
96.9996630297850828 3.026396e+02
98.0009484938242394 3.025631e+02
99.0017864968606887 3.024862e+02
99.9993158549129504 3.024090e+02
100.999686726631666 3.023307e+02
101.999978489330886 3.022517e+02
103.000261993464633 3.021720e+02
104.000541499501338 3.020917e+02
105.000800443492778 3.020106e+02
106.001026051885219 3.019291e+02
107.001221026466325 3.018469e+02
108.001370521164162 3.017641e+02
109.001483834954172 3.016809e+02
110.001570880767829 3.015971e+02
111.001639397267027 3.015129e+02
112.001691850402395 3.014281e+02
113.001723550038278 3.013429e+02
114.001722531996805 3.012568e+02
115.001688189451627 3.011699e+02
116.001613455088133 3.010827e+02
117.001515885901682 3.009950e+02
118.001399825818325 3.009071e+02
119.00127979677535 3.008187e+02
120.001166177764588 3.007301e+02
121.001081732862403 3.006410e+02
122.001048584949245 3.005513e+02
123.001071870744425 3.004609e+02
124.001154706657402 3.003704e+02
125.001275712311497 3.002796e+02
126.001409099885151 3.001884e+02
127.001505571405914 3.000974e+02
128.001520918692876 3.000058e+02
129.001402911285169 2.999142e+02
130.001116511936488 2.998231e+02
131.000614246332248 2.997326e+02
131.999921018561707 2.996425e+02
133.002057892161417 2.995519e+02
134.001047481116501 2.994608e+02
134.999918542921648 2.993697e+02
136.001802808679997 2.992786e+02
137.000722192789738 2.991879e+02
137.999722857611772 2.990980e+02
139.001822047630924 2.990088e+02
140.001006477596889 2.989199e+02
141.000279937221819 2.988304e+02
141.999610839514531 2.987393e+02
143.002000997207233 2.986472e+02
144.001416430672435 2.985552e+02
145.000845281827281 2.984626e+02
146.000219852035571 2.983696e+02
146.999516132038053 2.982762e+02
148.001580804985281 2.981826e+02
149.00037623196738 2.980887e+02
150.002041994228136 2.979934e+02
151.000659972712299 2.978969e+02
151.999442445215436 2.977992e+02
153.001677289877819 2.977005e+02
154.00172177073722 2.976006e+02
154.999891828328799 2.975019e+02
155.999586603544287 2.974025e+02
157.001135382558516 2.973027e+02
158.001515024317882 2.972042e+02
159.000452904609233 2.971077e+02
160.000936841011566 2.970117e+02
160.999840760413548 2.969151e+02
162.000128449045548 2.968177e+02
163.001721118222179 2.967192e+02
164.001466615174991 2.966186e+02
164.999469516720637 2.965154e+02
166.001895769050151 2.964113e+02
166.999623230678878 2.963093e+02
168.001980176455106 2.962092e+02
168.999797111832464 2.961128e+02
169.999327931056797 2.960170e+02
171.000741704657912 2.959182e+02
172.000933317836058 2.958150e+02
172.999858258248878 2.957043e+02
174.000459309810481 2.955837e+02
174.999230964081022 2.954577e+02
176.001823974840363 2.953304e+02
177.001677528293413 2.952056e+02
178.001897432278639 2.950855e+02
178.999477284530741 2.949725e+02
180.000876929608779 2.948659e+02
181.000129702013908 2.947647e+02
182.000620718633769 2.946691e+02
182.999341833524653 2.945766e+02
183.999269602900625 2.944829e+02
185.000290159403136 2.943847e+02
185.999138254646653 2.942814e+02
187.00192819901423 2.941768e+02
188.002100753132737 2.940755e+02
188.999401948011354 2.939776e+02
190.000009576696584 2.938788e+02
191.000602512052552 2.937743e+02
192.000903248552049 2.936636e+02
193.000646632122681 2.935510e+02
193.999514181629451 2.934424e+02
195.000731162499932 2.933397e+02
196.001754937982156 2.932427e+02
197.000071045045672 2.931514e+02
198.002007170686312 2.930645e+02
199.000916881997426 2.929824e+02
199.999612353780066 2.929041e+02
201.001058917549273 2.928296e+02
202.002077889812654 2.927607e+02
202.99938204591723 2.926968e+02
204.002095543813795 2.926349e+02
205.000992474260471 2.925715e+02
205.999660504312885 2.925030e+02
207.001238886837569 2.924293e+02
207.999298004801517 2.923525e+02
208.999745348981605 2.922728e+02
210.001458903139991 2.921910e+02
211.000242198910087 2.921088e+02
212.001905389240108 2.920268e+02
213.000223120931452 2.919451e+02
214.001889103766104 2.918621e+02
215.001311938262972 2.918242e+02
216.001580318367957 2.918019e+02
217.001009526045266 2.917804e+02
218.001233887792552 2.917558e+02
219.000201883343749 2.917293e+02
220.000910902737701 2.917020e+02
220.999826318389324 2.916726e+02
221.999484042010948 2.916397e+02
222.999573556478197 2.916074e+02
223.999571260102471 2.915770e+02
224.999167544001807 2.915433e+02
226.001862355567113 2.915088e+02
227.00167849316307 2.914745e+02
228.001230841940497 2.914409e+02
229.000424212989913 2.914086e+02
229.99931272453972 2.913772e+02
231.00035149821332 2.913469e+02
232.000417678477731 2.913175e+02
232.999637483021473 2.912895e+02
234.000027860813049 2.912640e+02
235.001748350051628 2.912424e+02
235.999212579281817 2.912247e+02
237.000768684014673 2.912105e+02
238.000500060854421 2.911995e+02
238.999379413751882 2.911911e+02
240.000061065156473 2.911849e+02
240.999783874352488 2.911801e+02
241.999217412811873 2.911760e+02
243.001333347997786 2.911733e+02
244.000329816981377 2.911723e+02
244.999756118580478 2.911736e+02
245.999764393046519 2.911767e+02
247.000524241728925 2.911821e+02
247.999354188237049 2.911886e+02
248.999494081416515 2.911950e+02
250.001110696175971 2.912005e+02
251.001532993736845 2.912043e+02
252.000921614597075 2.912052e+02
252.999282849031687 2.912027e+02
253.999850497343544 2.911975e+02
255.00004543105274 2.911893e+02
256.000365920649983 2.911793e+02
257.001261638921392 2.911669e+02
257.999548103657958 2.911512e+02
258.99971364117971 2.911316e+02
260.002149025808819 2.911081e+02
261.000921947821837 2.910804e+02
261.99950686948381 2.910477e+02
263.001191272204949 2.910104e+02
263.999778419957408 2.909685e+02
265.00119059435292 2.909233e+02
265.999549940802126 2.908756e+02
267.000749356106553 2.908259e+02
268.000742203287302 2.907766e+02
269.00002621556996 2.907350e+02
270.002192130799926 2.907073e+02
271.001116008764257 2.906958e+02
271.999828284674436 2.906996e+02
273.001202936759398 2.907155e+02
274.001992594249884 2.907384e+02
274.999358152233697 2.907645e+02
276.000078489080693 2.907903e+02
277.001423281625193 2.908120e+02
277.999774269456566 2.908267e+02
279.000338809060509 2.908353e+02
279.999803239072378 2.908375e+02
281.00199923250301 2.908339e+02
282.001237742896592 2.908264e+02
283.000845865006283 2.908160e+02
284.000919283847736 2.908040e+02
285.001505169815289 2.907916e+02
286.001983379887918 2.907801e+02
287.000860649189406 2.907729e+02
287.99976925718363 2.907759e+02
289.001216652992298 2.907907e+02
289.999289276536729 2.908105e+02
291.001202684429529 2.908271e+02
292.001880769330967 2.908371e+02
293.001939873465119 2.908389e+02
294.001406762787269 2.908334e+02
294.999860841462578 2.908217e+02
296.00082332633508 2.908046e+02
296.999440942767023 2.907805e+02
297.999750996092871 2.907501e+02
299.001606963360757 2.907159e+02
300.00096349475109 2.906804e+02
300.999913314513492 2.906459e+02
302.001050523417859 2.906160e+02
303.001211162612037 2.905933e+02
304.000530831946662 2.905773e+02
304.999600659278087 2.905663e+02
306.001009509919697 2.905570e+02
307.001474429075984 2.905456e+02
308.001896955747839 2.905329e+02
309.00215953038952 2.905206e+02
310.002016522719316 2.905098e+02
311.002156067684552 2.904991e+02
312.000057874843549 2.904871e+02
313.001700906769599 2.904734e+02
314.000664442998186 2.904598e+02
314.99977162945703 2.904454e+02
316.001939997220234 2.904308e+02
317.000997667292268 2.904168e+02
317.999963426011846 2.904045e+02
319.001791186184562 2.903942e+02
320.000219021556404 2.903854e+02
321.001332443899855 2.903773e+02
322.002120766446581 2.903696e+02
322.999613956139115 2.903628e+02
324.000053809379779 2.903572e+02
325.000468122121561 2.903519e+02
326.000890696256192 2.903455e+02
327.001340404046516 2.903374e+02
328.00182603880279 2.903272e+02
328.999278542550144 2.903159e+02
329.999826816678308 2.903043e+02
331.000443477589613 2.902924e+02
332.001169817488744 2.902804e+02
333.002032037401875 2.902689e+02
333.999965515217639 2.902575e+02
335.001063632408773 2.902463e+02
335.999158109576854 2.902351e+02
337.000345463513611 2.902239e+02
338.001581848732201 2.902130e+02
338.999866861473265 2.902025e+02
340.001419974520957 2.901928e+02
341.000218753709873 2.901838e+02
341.99940043036537 2.901746e+02
343.002081691835315 2.901647e+02
344.002165716201716 2.901538e+02
344.999681204456522 2.901419e+02
346.000781392031456 2.901293e+02
346.999334514526993 2.901161e+02
348.001509094679818 2.901023e+02
349.001161782293025 2.900878e+02
350.001326394200078 2.900727e+02
351.001923782794222 2.900574e+02
351.999787371269576 2.900414e+02
353.00099769186096 2.900242e+02
353.999316873669443 2.900072e+02
355.00082920103489 2.899907e+02
355.999300697844262 2.899750e+02
357.000823793166319 2.899604e+02
357.999158030478213 2.899471e+02
359.00039992939594 2.899354e+02
360.001480671131844 2.899241e+02
360.9992815597804 2.899141e+02
361.999832472127878 2.899058e+02
362.999959745167416 2.898986e+02
363.999605892666068 2.898918e+02
365.001835951716942 2.898848e+02
366.000550017272076 2.898768e+02
367.0018850279655 2.898687e+02
367.999670433758126 2.898609e+02
369.000128039733795 2.898534e+02
370.000214705158442 2.898456e+02
370.999868519623192 2.898374e+02
371.999156450469172 2.898289e+02
373.001216022510619 2.898204e+02
373.999974084365817 2.898116e+02
375.001560862041572 2.898025e+02
375.999861740929703 2.897937e+02
377.000967028724972 2.897848e+02
378.001810983407267 2.897758e+02
378.999377343020058 2.897668e+02
379.999844133061458 2.897576e+02
381.000195256176255 2.897481e+02
382.000470770755555 2.897380e+02
383.000719578955398 2.897276e+02
384.000990581364249 2.897170e+02
385.001323372423997 2.897063e+02
386.001754888625783 2.896956e+02
386.999259078537648 2.896853e+02
387.999985820435654 2.896753e+02
389.000904470221769 2.896658e+02
390.002048686420665 2.896568e+02
391.000391269022714 2.896484e+02
392.002080357299462 2.896401e+02
393.001021889200786 2.896320e+02
394.000313761127586 2.896238e+02
394.999966805718827 2.896151e+02
396.000000737495156 2.896060e+02
397.000431194506007 2.895963e+02
398.001243466568894 2.895857e+02
398.999326681304808 2.895744e+02
400.000751341692762 2.895626e+02
400.999281060359692 2.895509e+02
402.000994149161556 2.895391e+02
402.999669211328353 2.895273e+02
404.001383904857562 2.895161e+02
404.999927130870162 2.895060e+02
406.001391002587809 2.894973e+02
406.999601684736604 2.894896e+02
408.000681472226745 2.894823e+02
409.001550340285974 2.894752e+02
410.002200812724368 2.894684e+02
410.999564337494576 2.894615e+02
411.999771379263905 2.894540e+02
412.999742635731366 2.894456e+02
413.999472666726717 2.894367e+02
415.002027021528761 2.894277e+02
416.001265735712195 2.894186e+02
417.00027961065382 2.894094e+02
418.002168361128668 2.894005e+02
419.000830570643586 2.893919e+02
419.999348062550951 2.893840e+02
421.000807412155893 2.893767e+02
422.002161809745814 2.893697e+02
423.000363478224813 2.893621e+02
424.001518449690877 2.893537e+02
424.999464893304832 2.893444e+02
426.00030369292142 2.893348e+02
427.00099127452637 2.893251e+02
428.001568160606212 2.893156e+02
429.002064812169294 2.893058e+02
429.99944102865561 2.892960e+02
430.999824061049083 2.892854e+02
432.000154087404724 2.892748e+02
433.000424325204449 2.892642e+02
434.00062092770537 2.892535e+02
435.000747573658373 2.892429e+02
436.00084101232062 2.892328e+02
437.000947099993482 2.892234e+02
438.001104957034727 2.892145e+02
439.001372516108916 2.892061e+02
440.001793093184403 2.891978e+02
440.999341095092859 2.891897e+02
442.000174895068085 2.891815e+02
443.001292886892941 2.891731e+02
443.999676892359332 2.891643e+02
445.001468249921118 2.891546e+02
446.0005412841561 2.891439e+02
446.999933551698859 2.891320e+02
447.99957269268856 2.891193e+02
448.99935313418041 2.891064e+02
449.99913949586778 2.890932e+02
451.001905425055099 2.890808e+02
452.001449724326449 2.890699e+02
453.000827018742655 2.890612e+02
454.000060016313171 2.890545e+02
455.002198157437931 2.890488e+02
456.001073655338701 2.890436e+02
456.999732738333421 2.890381e+02
458.00123783219243 2.890309e+02
458.999413706459279 2.890195e+02
460.000163836696743 2.890060e+02
461.000336822645636 2.889944e+02
462.000008779407551 2.889849e+02
462.999244201045997 2.889759e+02
464.001249828436698 2.889674e+02
465.000203846986892 2.889599e+02
465.999385247298903 2.889531e+02
467.001996124994605 2.889462e+02
468.001911059253757 2.889389e+02
469.002115217306198 2.889309e+02
469.999556206629677 2.889226e+02
471.000370882605068 2.889130e+02
472.001484397526838 2.889014e+02
472.999698394739198 2.888881e+02
474.000987097669451 2.888742e+02
475.002187011345541 2.888608e+02
476.000185397848838 2.888492e+02
477.001116975836737 2.888391e+02
478.001946023577034 2.888301e+02
478.999609814288533 2.888216e+02
480.000200582974514 2.888135e+02
481.000640765223636 2.888055e+02
482.000880314070741 2.887968e+02
483.000829945069484 2.887862e+02
484.000391984001851 2.887740e+02
484.999473983508892 2.887621e+02
486.001053223926704 2.887510e+02
487.002066538891711 2.887410e+02
487.999538386941651 2.887322e+02
488.999719400701622 2.887250e+02
489.999787496733063 2.887192e+02
490.999996222002039 2.887138e+02
492.000537937488446 2.887085e+02
493.001528185545851 2.887030e+02
494.000043348333691 2.886960e+02
494.999208302570253 2.886872e+02
496.002054096217819 2.886760e+02
496.999285033710748 2.886623e+02
497.999897188854902 2.886470e+02
499.000681167292043 2.886322e+02
500.001558474786805 2.886190e+02
500.999446010016641 2.886078e+02
502.000461577364092 2.885980e+02
503.001519412383175 2.885890e+02
503.999515874213841 2.885808e+02
505.000534591473297 2.885736e+02
506.001509888547616 2.885631e+02
507.002099204861224 2.885504e+02
508.001952459607026 2.885370e+02
509.000755663345956 2.885242e+02
510.001486862218997 2.885128e+02
511.001232487120603 2.885026e+02
512.000177563831585 2.884933e+02
513.001789287909901 2.884862e+02
514.00046415512486 2.884805e+02
514.99955479442508 2.884751e+02
515.999219044049141 2.884698e+02
516.999511772298206 2.884651e+02
518.000472374905598 2.884603e+02
519.002131619636771 2.884539e+02
520.001384632439681 2.884439e+02
521.001150454765366 2.884304e+02
522.001295794907037 2.884152e+02
523.001754521802923 2.884002e+02
523.999434406018167 2.883860e+02
525.000470145184181 2.883736e+02
526.001803413179573 2.883629e+02
527.000354396031071 2.883531e+02
527.99915328792224 2.883434e+02
529.001163035952914 2.883323e+02
529.999964345861144 2.883181e+02
531.0012454994461 2.883032e+02
532.001321133686361 2.882908e+02
532.999861796665527 2.882800e+02
534.000023953975301 2.882702e+02
535.001875234300201 2.882604e+02
535.99940115798131 2.882517e+02
536.99917090518386 2.882443e+02
538.001702907333424 2.882381e+02
539.001307213403038 2.882321e+02
540.001295571197147 2.882265e+02
541.001852747266639 2.882227e+02
542.000113862146009 2.882194e+02
542.99925261236649 2.882150e+02
543.999244945956434 2.882073e+02
544.999955860121077 2.881961e+02
546.001297232400361 2.881829e+02
547.000192963765812 2.881688e+02
547.999705276214399 2.881557e+02
548.9999173700038 2.881437e+02
550.000837994252493 2.881323e+02
550.999345650914734 2.881197e+02
552.001515635922487 2.881052e+02
553.001105488295934 2.880894e+02
554.00082469309541 2.880709e+02
555.000167760328509 2.880518e+02
556.001365889407907 2.880347e+02
557.000740602278597 2.880220e+02
558.001320209851997 2.880129e+02
559.000110213892867 2.880055e+02
560.000262559516386 2.879983e+02
560.99926184051003 2.879913e+02
562.0006160463181 2.879848e+02
563.00174009765351 2.879798e+02
564.00014104622926 2.879752e+02
564.999154569082179 2.879711e+02
566.001965079634488 2.879669e+02
566.999655573543009 2.879622e+02
568.001384470371249 2.879555e+02
569.000945280324004 2.879472e+02
570.001321185949223 2.879625e+02
570.999458110319438 2.879981e+02
572.001425298497111 2.880385e+02
573.001173122025079 2.880806e+02
574.001841467247459 2.881236e+02
575.000341047316283 2.881658e+02
575.999699363241348 2.882049e+02
576.999717356763654 2.882400e+02
577.999989358568769 2.882704e+02
578.999885849153543 2.883000e+02
580.001639232646653 2.883337e+02
581.001398899649303 2.883726e+02
582.001953020691985 2.884165e+02
583.000404394710699 2.884630e+02
584.000040789207219 2.885117e+02
585.000977102296929 2.885621e+02
586.000530345756715 2.886134e+02
586.999390607787518 2.886649e+02
588.001144122878259 2.887176e+02
589.000134475393111 2.887699e+02
589.999604690043157 2.888224e+02
590.999772563084207 2.888752e+02
592.000714664528573 2.889285e+02
592.999309139145566 2.889808e+02
594.001520821552276 2.890330e+02
595.001288064761411 2.890851e+02
596.001723137116073 2.891371e+02
596.999821477810087 2.891879e+02
598.00163901190831 2.892365e+02
599.001081933450678 2.892820e+02
600.001234037939525 2.893245e+02
601.001940910154531 2.893645e+02
601.999837888485331 2.894018e+02
603.00074770668266 2.894384e+02
604.001417181059651 2.894770e+02
605.001687215290872 2.895196e+02
606.001423520980666 2.895662e+02
607.000513557763156 2.896160e+02
608.00201169442164 2.896674e+02
609.000056043756331 2.897204e+02
610.001065509754426 2.897758e+02
610.999322067287608 2.898344e+02
612.001290099475682 2.898957e+02
613.00120910368264 2.899590e+02
613.999153626805764 2.900231e+02
615.001215520064648 2.900867e+02
616.001098613251429 2.901480e+02
617.001642391969199 2.902062e+02
617.999697263319149 2.902612e+02
619.001421452946829 2.903140e+02
620.000708426598749 2.903655e+02
621.000582813967867 2.904162e+02
622.001112512948225 2.904666e+02
622.999333074703259 2.905168e+02
624.001526337826249 2.905673e+02
625.001797992750539 2.906183e+02
626.00046178708601 2.906709e+02
627.000823918297669 2.907258e+02
627.99971611159765 2.907843e+02
629.000134610487748 2.908448e+02
630.001969376633838 2.909039e+02
631.002048189577636 2.909596e+02
632.0004285707289 2.910116e+02
633.000140181323104 2.910612e+02
634.000770489483443 2.911106e+02
635.001598749550453 2.911609e+02
636.002066656809347 2.912129e+02
637.001786905906442 2.912657e+02
637.999504703499269 2.913183e+02
639.000633690830796 2.913699e+02
639.99918786834246 2.914202e+02
641.001685653684603 2.914747e+02
641.999542269594372 2.915377e+02
642.999953332245013 2.916147e+02
644.000576416523131 2.917092e+02
645.001570642922729 2.918100e+02
645.999643539166868 2.919051e+02
647.000897338513028 2.919878e+02
647.999393108298932 2.920559e+02
649.001851529181295 2.921125e+02
649.999539178774853 2.921620e+02
651.001794109835942 2.922064e+02
651.999859218567849 2.922461e+02
652.999544433281699 2.922829e+02
653.999801568561224 2.923199e+02
654.999489441358605 2.923585e+02
656.000943333250348 2.923992e+02
657.000535376491371 2.924428e+02
658.000870871285201 2.924899e+02
659.001878863745446 2.925421e+02
660.001233104330709 2.926037e+02
661.000437464629726 2.926733e+02
662.001318534737948 2.927491e+02
662.9991663123335 2.928294e+02
664.000285830275857 2.929128e+02
665.000884472697294 2.929928e+02
666.000710235087126 2.930631e+02
667.000122997112726 2.931200e+02
668.001635112096551 2.931619e+02
669.000913257929483 2.931918e+02
669.999420760518205 2.932194e+02
670.999287944031153 2.932517e+02
672.002072327780297 2.932895e+02
673.000725547593561 2.933301e+02
674.001820541744451 2.933706e+02
675.000683714600314 2.934111e+02
675.999399580010731 2.934562e+02
677.002156536049142 2.935149e+02
678.000592297521962 2.935923e+02
679.002148617484863 2.936871e+02
680.001784788341638 2.937914e+02
680.999746126992932 2.938935e+02
682.001551099061089 2.939824e+02
683.001957194035526 2.940504e+02
683.99943363886166 2.941020e+02
684.999119040938353 2.941431e+02
686.000169280818113 2.941806e+02
687.000927326243527 2.942248e+02
688.001734230271609 2.942795e+02
689.000385540699199 2.943368e+02
690.000102986032516 2.943858e+02
691.000584174011692 2.944214e+02
692.001278119513586 2.944461e+02
692.998810184072113 2.944694e+02
694.000540359068509 2.945060e+02
694.999010773474538 2.945667e+02
695.999565635484373 2.946497e+02
697.001150977339762 2.947463e+02
698.001398222010494 2.948477e+02
698.999725805045159 2.949455e+02
700.001498724736734 2.950336e+02
700.999760782747671 2.951110e+02
702.00030560611242 2.951813e+02
703.001545842853716 2.952477e+02
703.998546867952086 2.953100e+02
705.000921811799685 2.953637e+02
705.99962011738819 2.954039e+02
706.999650543847679 2.954335e+02
708.000666672426519 2.954602e+02
708.999237894717226 2.954904e+02
710.001269207781093 2.955265e+02
711.00068407292008 2.955717e+02
711.999619119693762 2.956257e+02
713.000526590509253 2.956889e+02
713.998803280099537 2.957641e+02
715.000794775426357 2.958531e+02
715.999806607808409 2.959513e+02
717.001147277659015 2.960478e+02
717.999618727621851 2.961341e+02
719.001377582509349 2.962121e+02
719.999845347823111 2.962852e+02
721.000439443962705 2.963472e+02
721.998876129608675 2.963935e+02
722.998944888288406 2.964258e+02
724.00114311208813 2.964529e+02
724.998866032413844 2.964826e+02
726.001106170699586 2.965162e+02
727.001242939658482 2.965546e+02
727.999926591871031 2.966047e+02
728.998559988906209 2.966685e+02
730.001622066776122 2.967445e+02
731.000663074018917 2.968292e+02
731.999073254380278 2.969205e+02
732.999937744622798 2.970151e+02
733.999652488256629 2.971080e+02
735.000101756232084 2.972003e+02
735.999935767415082 2.972894e+02
737.001555677275633 2.973645e+02
737.998609831378303 2.974211e+02
739.000917515005426 2.974637e+02
739.999579389089149 2.974982e+02
741.000865824989205 2.975355e+02
742.001221721286811 2.975831e+02
742.9998251475198 2.976439e+02
743.999381362686222 2.977139e+02
745.000661640020667 2.977850e+02
745.999052092078955 2.978567e+02
746.999024049784566 2.979338e+02
748.001289256029395 2.980206e+02
748.99998594164947 2.981145e+02
750.000493470887022 2.982088e+02
751.00118734312548 2.982979e+02
752.000933119647812 2.983825e+02
752.998936581822591 2.984610e+02
754.001276251013905 2.985304e+02
754.999151737409875 2.985900e+02
755.999553005113967 2.986447e+02
756.999766152413599 2.987013e+02
757.999815231926959 2.987678e+02
758.999249365374908 2.988458e+02
760.00074675962378 2.989329e+02
761.001075912032888 2.990212e+02
762.000603060413027 2.991052e+02
763.000135315137868 2.991854e+02
764.000348738217554 2.992637e+02
765.001515277069643 2.993420e+02
766.000180917357966 2.994203e+02
766.998575464161149 2.994976e+02
767.998928480878021 2.995725e+02
769.0008602609538 2.996448e+02
770.001352425349751 2.997154e+02
771.000882636136907 2.997843e+02
771.999918369505622 2.998523e+02
772.998806968452868 2.999226e+02
774.000941714459373 2.999982e+02
775.000334162326453 3.000781e+02
776.000158078921004 3.001605e+02
777.000362560647091 3.002432e+02
778.000837514654791 3.003241e+02
779.001444253866225 3.004022e+02
779.998932096626277 3.004773e+02
780.999294900777159 3.005511e+02
781.999342827852388 3.006240e+02
782.999108211269913 3.006968e+02
783.998685302788545 3.007688e+02
785.001268894906502 3.008390e+02
786.000626433951197 3.009061e+02
786.999811633585182 3.009715e+02
787.998820800601152 3.010370e+02
789.000829230188174 3.011037e+02
789.999847145920967 3.011725e+02
790.999171168364683 3.012435e+02
791.99902125678841 3.013156e+02
792.999571968755276 3.013883e+02
794.000942685735822 3.013933e+02
795.000039267211605 3.013545e+02
795.999824847008995 3.013063e+02
797.00004227907823 3.012544e+02
798.000352229098212 3.012005e+02
799.000463290113203 3.011449e+02
800.000268040779247 3.010875e+02
800.999871383825734 3.010282e+02
801.999438918668716 3.009670e+02
802.999162635716857 3.009038e+02
803.999150184644463 3.008388e+02
804.999489574434278 3.007724e+02
806.000217659127884 3.007050e+02
807.001365643889585 3.006374e+02
807.99976032352879 3.005697e+02
809.001484647565803 3.005023e+02
810.000193134515371 3.004350e+02
810.998851293064718 3.003675e+02
812.000488119036959 3.002990e+02
812.998858862165093 3.002296e+02
814.000173863743385 3.001582e+02
815.001341913480928 3.000854e+02
815.999389005496141 3.000112e+02
817.000736505305099 2.999356e+02
817.999345361780456 2.998589e+02
819.001619323223736 2.997812e+02
820.001459451422306 2.997030e+02
820.998791650032786 2.996244e+02
821.999835648828935 2.995451e+02
823.001443597258117 2.994648e+02
824.000479166678019 2.993839e+02
825.000061539974695 2.993017e+02
826.000154788647023 2.992178e+02
827.000746153186583 2.991333e+02
827.998702254763771 2.990485e+02
829.000257981022514 2.989632e+02
829.999128928896084 2.988783e+02
831.001489294805879 2.987930e+02
832.000998249167878 2.987073e+02
833.00071269008447 2.986208e+02
834.000566630974504 2.985334e+02
835.000478943295093 2.984457e+02
836.000322319766724 2.983576e+02
836.999960958526117 2.982697e+02
837.999563778135894 2.981816e+02
838.999168539985249 2.980940e+02
839.998830256297879 2.980069e+02
840.998615871871266 2.979196e+02
842.00153524296104 2.978323e+02
843.001203686922736 2.977453e+02
844.000720130980653 2.976584e+02
845.000127664575871 2.975713e+02
845.999454980046153 2.974838e+02
846.998688989041057 2.973956e+02
848.000944380996543 2.973062e+02
848.999961869892672 2.972162e+02
849.998889864095986 2.971260e+02
851.000849864152087 2.970353e+02
851.999601594189471 2.969464e+02
853.001515988440019 2.968590e+02
854.000482909667198 2.967734e+02
854.999656519237647 2.966878e+02
855.99893769661162 2.966003e+02
857.001409319402342 2.965102e+02
858.000850150787869 2.964194e+02
859.00046238222626 2.963297e+02
860.000338609620371 2.962413e+02
861.00055942064489 2.961544e+02
862.00111120017948 2.960683e+02
862.998744885252336 2.959829e+02
863.999562963220342 2.958986e+02
865.000333438597977 2.958172e+02
866.000718484703725 2.957402e+02
867.000381215335096 2.956674e+02
867.999326859724874 2.955948e+02
869.000831713809248 2.955169e+02
869.998731560339024 2.954311e+02
870.99914408124846 2.953365e+02
871.998948856785773 2.952352e+02
873.001251550978509 2.951280e+02
873.999438886644043 2.950188e+02
874.999250714949312 2.949127e+02
876.000331079936132 2.948119e+02
876.999152904660036 2.947150e+02
877.999109606079287 2.946193e+02
879.001226105603337 2.945257e+02
880.000590679232914 2.944371e+02
881.001133877869847 2.943530e+02
882.000326707818431 2.942728e+02
882.998714442753908 2.941952e+02
883.999566477270491 2.941200e+02
884.999493633542215 2.940491e+02
886.001481871908709 2.939809e+02
886.999074026412359 2.939140e+02
888.001361691307693 2.938440e+02
888.998687333536395 2.937677e+02
889.999823340214903 2.936833e+02
891.000206741294278 2.935907e+02
892.001524768773493 2.934914e+02
892.999632733533304 2.933872e+02
893.998726334299249 2.932797e+02
895.001251636017628 2.931695e+02
895.99966766697446 2.930607e+02
897.000914273651915 2.929567e+02
897.99999523874294 2.928612e+02
899.0009590909807 2.927750e+02
900.002533407159831 2.926972e+02
901.001649579413879 2.926247e+02
902.002471845652622 2.925539e+02
903.00037772942153 2.924833e+02
904.002809723267433 2.924118e+02
904.999844958107929 2.923904e+02
905.999949295843749 2.923814e+02
907.000155261807322 2.923735e+02
908.000934451877697 2.923637e+02
909.002379459235726 2.923499e+02
910.001638080394969 2.923306e+02
911.001827591161145 2.923056e+02
912.002161111704822 2.922752e+02
913.000765935814343 2.922402e+02
914.00165379520945 2.922031e+02
915.000358634693953 2.921693e+02
916.000415810124309 2.921438e+02
917.000395916998968 2.921305e+02
918.002309347195592 2.921282e+02
919.001983037054401 2.921305e+02
920.000819481782173 2.921329e+02
921.002363494914448 2.921339e+02
922.000424353145945 2.921335e+02
923.000934642643074 2.921318e+02
923.999918588887567 2.921281e+02
925.002704718492851 2.921206e+02
926.002696914486023 2.921085e+02
927.000086321054596 2.920909e+02
928.001570287640334 2.920677e+02
929.001356130118779 2.920380e+02
930.002757190745569 2.920037e+02
931.001760013499052 2.919685e+02
932.002496640296386 2.919345e+02
933.002770722993091 2.919022e+02
934.001672547361977 2.918727e+02
935.002710266781264 2.918476e+02
936.00106170196193 2.918272e+02
937.001629816131526 2.918108e+02
938.000011724101114 2.917982e+02
939.000753615218969 2.917889e+02
940.001324817527461 2.917818e+02
941.001376824560111 2.917741e+02
942.000125615014554 2.917635e+02
943.000197233623226 2.917492e+02
944.001130840733822 2.917330e+02
945.002318494277233 2.917136e+02
946.000805384652267 2.916918e+02
946.999714333007546 2.916661e+02
948.002760436780932 2.916369e+02
949.000758457107054 2.916109e+02
950.00223440455909 2.915899e+02
950.999915305136028 2.915733e+02
952.002573059240035 2.915633e+02
953.00053643081435 2.915630e+02
953.999817725775301 2.915700e+02
955.000153551236735 2.915828e+02
956.001840701625952 2.915983e+02
957.002536753901836 2.916131e+02
958.002165369327372 2.916250e+02
959.000503621906432 2.916323e+02
960.001241601802349 2.916359e+02
961.00182415570373 2.916362e+02
962.002592048212477 2.916332e+02
963.000411513570498 2.916275e+02
964.001559919866963 2.916189e+02
964.999976972483296 2.916081e+02
966.001702405227775 2.915953e+02
967.000423207178301 2.915811e+02
968.002449167759096 2.915659e+02
969.001325984307641 2.915509e+02
970.002787921842923 2.915362e+02
971.000498195595242 2.915224e+02
972.000557081489774 2.915094e+02
973.002773597749297 2.914972e+02
974.000960477842796 2.914856e+02
975.001521410670648 2.914737e+02
976.001501783840467 2.914616e+02
977.001246241214403 2.914486e+02
978.001257707352806 2.914358e+02
979.001443710795343 2.914239e+02
980.001400281347969 2.914132e+02
981.000942252669802 2.914034e+02
982.000325255523308 2.913956e+02
983.002051484773006 2.913895e+02
984.002475988165884 2.913848e+02
985.002399010116505 2.913807e+02
986.001696966776649 2.913769e+02
986.999810322073017 2.913734e+02
988.00028649169144 2.913703e+02
989.000575804539949 2.913649e+02
990.000659609601257 2.913575e+02
991.000399298362254 2.913493e+02
991.999760921102165 2.913407e+02
993.001898745707194 2.913312e+02
994.000751777808432 2.913212e+02
995.002420509873673 2.913108e+02
996.000894017395353 2.913005e+02
997.002382656525015 2.912898e+02
998.000783479693723 2.912792e+02
999.0022674974648 2.912688e+02
1000.00085560744344 2.912586e+02
1001.00269509692077 2.912482e+02
1002.00166098345005 2.912371e+02
1003.00085863865502 2.912252e+02
1004.0003809664006 2.912126e+02
1005.00023397706707 2.911992e+02
1006.00038472691654 2.911850e+02
1007.00089075079302 2.911701e+02
1008.00176095633424 2.911547e+02
1008.99992234894955 2.911394e+02
1010.00150286438907 2.911246e+02
1011.00038192940849 2.911099e+02
1012.00263615528706 2.910949e+02
1013.00207769701899 2.910793e+02
1014.00173122067895 2.910632e+02
1015.00156740682974 2.910467e+02
1016.00158130024272 2.910299e+02
1017.00179324869418 2.910133e+02
1018.00220893405492 2.909973e+02
1018.99974171588326 2.909813e+02
1020.00057108310989 2.909662e+02
1021.00167020718982 2.909528e+02
1022.00001975314728 2.909413e+02
1023.00181891413922 2.909309e+02
1024.00096705349142 2.909210e+02
1025.00056589157703 2.909107e+02
1026.00061973882362 2.908997e+02
1027.00108111665872 2.908883e+02
1028.00189527269936 2.908770e+02
1028.99992399226335 2.908658e+02
1030.00124467002433 2.908542e+02
1031.00267731200938 2.908420e+02
1032.00105218086173 2.908290e+02
1033.00243969772782 2.908157e+02
1034.00061470947526 2.908029e+02
1035.00168359888221 2.907905e+02
1036.00249860069925 2.907786e+02
1036.99987937622768 2.907672e+02
1037.99987311999075 2.907563e+02
1039.0024032708186 2.907463e+02
1040.00135392480797 2.907382e+02
1040.999878712493 2.907326e+02
1042.00111745941422 2.907291e+02
1043.00206369308444 2.907267e+02
1044.00276709446734 2.907243e+02
1045.00018848085483 2.907204e+02
1046.00048858662194 2.907134e+02
1047.00049681895553 2.907023e+02
1048.00020112822381 2.906910e+02
1049.00268013289315 2.906795e+02
1050.00182109680622 2.906671e+02
1051.00087224398112 2.906564e+02
1051.99989462314875 2.906465e+02
1053.00187506253587 2.906379e+02
1054.00076610413726 2.906307e+02
1054.99973184103737 2.906240e+02
1056.00183053408614 2.906180e+02
1057.00089182120632 2.906121e+02
1057.99995816247588 2.906053e+02
1059.00213397608672 2.905969e+02
1060.00138246242204 2.905877e+02
1061.00080597989427 2.905789e+02
1062.00038595797014 2.905700e+02
1063.00010507932257 2.905610e+02
1063.99993240368121 2.905520e+02
1064.99983997466506 2.905430e+02
1065.99983784852839 2.905332e+02
1066.99997036446234 2.905232e+02
1068.00031321539632 2.905136e+02
1069.00093802167976 2.905041e+02
1070.00186504118665 2.904943e+02
1070.99999787082515 2.904840e+02
1072.00142011894172 2.904733e+02
1072.99992293207129 2.904618e+02
1074.00156718991116 2.904499e+02
1075.00010908368677 2.904382e+02
1076.00164440833282 2.904270e+02
1077.00001577052399 2.904165e+02
1078.00134937508915 2.904068e+02
1079.00261422088397 2.903975e+02
1080.0008004579272 2.903882e+02
1081.00203806036188 2.903784e+02
1082.0000936859808 2.903676e+02
1083.00099232441335 2.903559e+02
1084.00158448389084 2.903441e+02
1085.00184763915036 2.903333e+02
1086.00181224374819 2.903251e+02
1087.00150893746581 2.903189e+02
1088.00097722084752 2.903136e+02
1089.00023644996122 2.903085e+02
1090.00237091644681 2.903037e+02
1091.00128031511258 2.902995e+02
1092.00008777840162 2.902951e+02
1093.00193747221329 2.902893e+02
1094.00075467239367 2.902808e+02
1095.00269191563029 2.902692e+02
1096.00163632915996 2.902559e+02
1097.00066233535199 2.902421e+02
1097.99975699959123 2.902284e+02
1099.00197569590205 2.902153e+02
1100.00121817382069 2.902035e+02
1101.00051497928393 2.901933e+02
1101.99984050122021 2.901845e+02
1103.00230950820651 2.901763e+02
1104.00190742267068 2.901679e+02
1105.00168456578876 2.901579e+02
1106.00158856940266 2.901456e+02
1107.00157376966081 2.901321e+02
1108.00160616706557 2.901193e+02
1109.00165423799626 2.901083e+02
1110.00168722541184 2.900987e+02
1111.00167666294078 2.900897e+02
1112.00164100901338 2.900808e+02
1113.0016082368893 2.900728e+02
1114.0015811704302 2.900665e+02
1115.00158614022598 2.900619e+02
1116.00168214937594 2.900569e+02
1117.00178709406805 2.900484e+02
1118.00170395871783 2.900384e+02
1119.00131608142442 2.900287e+02
1120.00053988737955 2.900172e+02
1121.00244780601156 2.900053e+02
1122.00117117810055 2.899925e+02
1122.99996831972635 2.899811e+02
1124.00184955443547 2.899727e+02
1125.0008117509874 2.899655e+02
1126.00002150219325 2.899582e+02
1127.00255074076676 2.899501e+02
1128.00223106746057 2.899408e+02
1129.00200920869338 2.899285e+02
1130.00177712908544 2.899135e+02
1131.00147374108451 2.898980e+02
1132.00101893863257 2.898850e+02
1133.00041017420335 2.898758e+02
1134.00278128124137 2.898694e+02
1135.00207804170077 2.898642e+02
1136.00142492683199 2.898599e+02
1137.00087033014893 2.898561e+02
1138.00028922801084 2.898523e+02
1139.00244747980901 2.898466e+02
1140.0012223033134 2.898388e+02
1141.00237404415998 2.898291e+02
1142.00238371320052 2.898186e+02
1143.00166866327754 2.898069e+02
1144.00045207131211 2.897937e+02
1145.00140896645394 2.897805e+02
1146.00193472379215 2.897686e+02
1147.0024819924347 2.897570e+02
1148.0000594589801 2.897471e+02
1149.0007810781276 2.897396e+02
1150.00177227282438 2.897340e+02
1151.00016715046763 2.897290e+02
1152.00213740417257 2.897211e+02
1153.0015451623583 2.897091e+02
1154.00134472899663 2.896942e+02
1155.00153888477121 2.896793e+02
1156.00213266585183 2.896669e+02
1157.00006491856539 2.896567e+02
1158.00144956452573 2.896468e+02
1159.00018702758234 2.896368e+02
1160.00243290755111 2.896262e+02
1161.00199624302377 2.896156e+02
1162.00182318344082 2.896056e+02
1163.00178616921221 2.895950e+02
1164.00159441893129 2.895822e+02
1165.00091842607435 2.895690e+02
1166.00231310010463 2.895574e+02
1167.00246377691292 2.895485e+02
1168.00145692360547 2.895393e+02
1168.99942723795084 2.895288e+02
1169.99979268127572 2.895197e+02
1170.9998482534013 2.895114e+02
1171.99977573618571 2.895045e+02
1172.99970711423748 2.894989e+02
1173.99984895071702 2.894938e+02
1175.00048398354443 2.894886e+02
1176.0017852294759 2.894808e+02
1177.00067111765429 2.894690e+02
1178.00000052079463 2.894547e+02
1178.99964776748902 2.894401e+02
1179.9996500149507 2.894284e+02
1181.00011751790998 2.894195e+02
1182.00109274378019 2.894117e+02
1182.99953844046445 2.894041e+02
1184.00161975154674 2.893960e+02
1185.0010952845264 2.893864e+02
1186.00082077057436 2.893754e+02
1187.00052259694871 2.893618e+02
1187.99981967165877 2.893451e+02
1189.00100104239505 2.893288e+02
1190.00075818430082 2.893150e+02
1191.00229925142048 2.893038e+02
1192.00238138700774 2.892933e+02
1193.00115142059485 2.892831e+02
1194.00229233991195 2.892743e+02
1194.99991325910969 2.892654e+02
1196.00023564771027 2.892575e+02
1197.00049059507842 2.892514e+02
1198.00096832561576 2.892467e+02
1199.00196906711221 2.892419e+02
1200.00072330591365 2.892354e+02
1201.00032337418634 2.892266e+02
1202.00070921642305 2.892157e+02
1203.00178901727554 2.892047e+02
1204.00053344729099 2.891949e+02
1205.00006089014664 2.891861e+02
1206.00039809618579 2.891772e+02
1207.00151598089246 2.891675e+02
1208.00035781096744 2.891563e+02
1208.99987153087022 2.891423e+02
1209.99979481689934 2.891262e+02
1210.99990631732817 2.891079e+02
1211.99983363515344 2.890874e+02
1213.0017097821742 2.890694e+02
1214.0021506782607 2.890553e+02
1215.00116107686085 2.890449e+02
1216.00141195242895 2.890366e+02
1217.00038530247593 2.890284e+02
1218.00163738450669 2.890213e+02
1219.00191638025217 2.890163e+02
1220.00175449950575 2.890110e+02
1221.00164270278879 2.890051e+02
1222.00177634713282 2.889997e+02
1223.00238456964007 2.889945e+02
1224.00073988087343 2.889881e+02
1224.99994067277544 2.889794e+02
1225.99988755455593 2.889700e+02
1227.00052770662251 2.889614e+02
1228.00185086165811 2.889544e+02
1229.00085501987633 2.889482e+02
1230.00063862211573 2.889414e+02
1231.00120464337965 2.889337e+02
1231.99946905427805 2.889235e+02
1233.00143015099479 2.889092e+02
1234.00073198825248 2.888929e+02
1235.00016940806972 2.888731e+02
1236.00243736717289 2.888506e+02
1237.00067041578154 2.888290e+02
1238.00048635038979 2.888100e+02
1239.00190729616907 2.887946e+02
1240.00200350179421 2.887824e+02
1241.00072930942611 2.887725e+02
1242.00120417448375 2.887646e+02
1243.00079487614312 2.887590e+02
1244.00003539312388 2.887555e+02
1245.00239127967575 2.887512e+02
1246.00203964125558 2.887465e+02
1247.00225056698514 2.887418e+02
1248.00021967876341 2.887358e+02
1249.00209280594663 2.887280e+02
1250.0017432442155 2.887193e+02
1251.00223105776399 2.887116e+02
1252.00042478383716 2.887055e+02
1253.00236105416661 2.886998e+02
1254.00199279181561 2.886935e+02
1255.00239793528704 2.886854e+02
1256.0004753739197 2.886744e+02
1257.00226193670846 2.886606e+02
1258.00142996505519 2.886441e+02
1259.00078220803221 2.886236e+02
1259.99991128766237 2.886010e+02
1261.00125664209122 2.885801e+02
1262.00120878328926 2.885606e+02
1262.99986208942869 2.885432e+02
1264.00044668269834 2.885275e+02
1264.99972316733647 2.885157e+02
1266.0003879788535 2.885077e+02
1267.00033864845113 2.885014e+02
1267.99998568574119 2.884957e+02
1269.00241130910103 2.884939e+02
1270.00212418921797 2.884911e+02
1270.99949781502346 2.884862e+02
1272.00069961486156 2.884792e+02
1272.99960364584672 2.884714e+02
1274.00234622308585 2.884629e+02
1274.99986669649093 2.884551e+02
1276.00123938136585 2.884492e+02
1277.000207835541 2.884444e+02
1277.99978615834652 2.884391e+02
1278.99999296406304 2.884318e+02
1280.00078588853944 2.884221e+02
1281.00218925132981 2.884122e+02
1282.001000308627 2.883969e+02
1282.99989982189345 2.883753e+02
1284.00160128966195 2.883515e+02
1284.99949913572163 2.883290e+02
1285.99948525349669 2.883076e+02
1287.00143195195619 2.882874e+02
1288.0022296618929 2.882688e+02
1289.00193007721691 2.882538e+02
1290.00039502276127 2.882425e+02
1291.00113276644925 2.882340e+02
1292.00123467932281 2.882277e+02
1293.00090210048734 2.882246e+02
1294.00087284951906 2.882233e+02
1295.00153186770967 2.882213e+02
1295.99987680909931 2.882157e+02
1297.00202598392593 2.882080e+02
1298.00198132145988 2.881996e+02
1298.99978490434228 2.881919e+02
1300.00148177374126 2.881853e+02
1301.00084461737083 2.881800e+02
1302.0007922119737 2.881742e+02
1303.00126152487223 2.881666e+02
1304.00222154247763 2.881595e+02
1305.00055956380015 2.881530e+02
1306.00236143979669 2.881389e+02
1307.00113861308932 2.881187e+02
1307.99970352336413 2.880962e+02
1309.00082301903626 2.880730e+02
1310.00105060529063 2.880504e+02
1311.0001943644661 2.880277e+02
1312.00149514521718 2.880069e+02
1313.00181865880609 2.879900e+02
1314.00101850295437 2.879773e+02
1314.99966948671727 2.879667e+02
1316.00094251422252 2.879595e+02
1317.00175474054163 2.879552e+02
1317.99973445341038 2.879530e+02
1319.0011838583041 2.879504e+02
1320.00006145143266 2.879467e+02
1320.9998786588244 2.879410e+02
1322.00059475559601 2.879341e+02
1323.00210252745683 2.879282e+02
1324.00150249071521 2.879224e+02
1325.001828280268 2.879168e+02
1325.99982418465379 2.879115e+02
1327.00134061151948 2.879052e+02
1327.99995232619585 2.878967e+02
1329.00180752360143 2.878861e+02
1330.00047049555064 2.878727e+02
1331.00202380001542 2.878557e+02
1332.00022600971192 2.878351e+02
1333.00110556656159 2.878123e+02
1334.00157945354044 2.877887e+02
1335.00132119213072 2.877660e+02
1336.00020147994837 2.877452e+02
1337.00144249976211 2.877275e+02
1338.00187539297303 2.877136e+02
1339.00179980415351 2.877033e+02
1340.0016842205041 2.876951e+02
1341.00129452928695 2.876883e+02
1342.00090668375151 2.876825e+02
1343.00106692536019 2.876770e+02
1344.00164754809566 2.876722e+02
1344.9995518319779 2.876675e+02
1346.00117803193439 2.876625e+02
1347.00058294570135 2.876572e+02
1348.00065221684781 2.876507e+02
1349.00136195362552 2.876435e+02
1349.99964389572051 2.876360e+02
1351.00132676663816 2.876274e+02
1352.00010720266232 2.876182e+02
1353.00215635971608 2.876083e+02
1354.00093085089838 2.875955e+02
1355.00229045060428 2.875796e+02
1356.00039744744981 2.875611e+02
1357.00151050956129 2.875408e+02
1358.00223619059966 2.875196e+02
1358.99939708340594 2.874982e+02
1359.99940372392257 2.874781e+02
1361.00212330046543 2.874600e+02
1362.00134583883619 2.874449e+02
1363.00052368254137 2.874323e+02
1363.99970074483099 2.874217e+02
1365.00189773459147 2.874128e+02
1366.00131001497152 2.874047e+02
1367.00107700075932 2.873976e+02
1368.0010993491303 2.873913e+02
1369.00152064225426 2.873855e+02
1370.00242757796013 2.874150e+02
1371.00061275779763 2.874571e+02
1372.00225436233609 2.875024e+02
1373.00132172492476 2.875483e+02
1374.00072976524916 2.875940e+02
1375.00047486011385 2.876394e+02
1376.00057610548834 2.876838e+02
1377.00094119779419 2.877269e+02
1378.00147969323575 2.877681e+02
1379.00206281419082 2.878072e+02
1379.99960835852539 2.878443e+02
1381.00035315717696 2.878800e+02
1382.00117982417487 2.879152e+02
1383.00188842857392 2.879507e+02
1384.00238074751178 2.879876e+02
1384.99956844715962 2.880260e+02
1385.9995144857171 2.880667e+02
1387.00206609297879 2.881091e+02
1388.00113261640308 2.881522e+02
1388.99979272700102 2.881955e+02
1390.00100797844289 2.882390e+02
1391.00175440717067 2.882823e+02
1392.00207531668116 2.883256e+02
1393.00194194733967 2.883690e+02
1394.00136542118298 2.884125e+02
1395.00040574753643 2.884560e+02
1396.00215173643983 2.884997e+02
1397.00054185882527 2.885432e+02
1398.0017606700294 2.885870e+02
1398.99976246545953 2.886306e+02
1400.00067484689248 2.886746e+02
1401.00147965706424 2.887189e+02
1402.00219265735041 2.887636e+02
1402.99974176259661 2.888080e+02
1404.00022969408224 2.888527e+02
1405.00059873208011 2.888973e+02
1406.00078672673521 2.889418e+02
1407.0007648413191 2.889859e+02
1408.00052971976174 2.890298e+02
1409.00002698930848 2.890736e+02
1410.00228156024286 2.891176e+02
1411.00118097564541 2.891616e+02
1411.99975509059163 2.892061e+02
1413.00107292269581 2.892516e+02
1414.00213952720424 2.892984e+02
1414.99992407696914 2.893462e+02
1416.00048167130171 2.893955e+02
1417.00075655608157 2.894458e+02
1418.00076763720131 2.894969e+02
1419.000554672622 2.895492e+02
1420.00014793516266 2.896023e+02
1420.99955837955667 2.896560e+02
1422.00182019670569 2.897104e+02
1423.00086064730885 2.897649e+02
1423.99974808299248 2.898198e+02
1425.00155270657524 2.898748e+02
1426.00021303310587 2.899296e+02
1427.00180606315939 2.899844e+02
1428.00027117868967 2.900390e+02
1429.0017150724359 2.900938e+02
1430.00009498698455 2.901487e+02
1431.00148637769485 2.902039e+02
1431.99983459352961 2.902595e+02
1433.00122372700935 2.903158e+02
1433.99958504823076 2.903729e+02
1435.00099013086469 2.904310e+02
1436.00243049145433 2.904903e+02
1437.00092542327593 2.905504e+02
1437.99958640234604 2.906117e+02
1439.00155438035927 2.906743e+02
1440.0008606903175 2.907376e+02
1441.00067439768281 2.908018e+02
1442.00115921649444 2.908670e+02
1442.9994869696277 2.909330e+02
1444.00200200168956 2.910000e+02
1444.99983316629164 2.910674e+02
1446.00244001918691 2.911357e+02
1447.0009158599828 2.912039e+02
1448.00162168231577 2.912727e+02
1449.00147096406477 2.913415e+02
1450.00031629733826 2.914095e+02
1451.00110556522736 2.914756e+02
1452.00062725779549 2.915387e+02
1453.00189060908019 2.915987e+02
1454.00168470785093 2.916563e+02
1454.99982438806978 2.917123e+02
1456.00234023965163 2.917667e+02
1457.00247151166786 2.918177e+02
1457.99978250547156 2.918652e+02
1459.0000124022597 2.919105e+02
1459.9995264321692 2.919545e+02
1461.0012289927638 2.919991e+02
1462.00232118737358 2.920469e+02
1463.00029809577313 2.921002e+02
1464.00179723596398 2.921595e+02
1465.00072702734246 2.922244e+02
1466.00032453342374 2.922934e+02
1467.0007842909647 2.923648e+02
1468.00233265395582 2.924349e+02
1469.0024429164198 2.925010e+02
1470.00076987063153 2.925607e+02
1471.0020755894061 2.926177e+02
1472.00185651071888 2.926735e+02
1473.0019727176757 2.927277e+02
1474.0018970851163 2.927802e+02
1475.00196698163882 2.928317e+02
1476.00021590997676 2.928840e+02
1477.0006522291103 2.929404e+02
1478.00060194689854 2.930057e+02
1479.00007764097563 2.930833e+02
1479.99938356386815 2.931702e+02
1480.99952132620911 2.932626e+02
1482.00159064828904 2.933524e+02
1483.00023121288996 2.934338e+02
1483.99944084453546 2.935060e+02
1485.00228560442292 2.935698e+02
1486.00048169832712 2.936254e+02
1487.00101512764513 2.936715e+02
1487.99948263876536 2.937092e+02
1489.00164878039186 2.937412e+02
1490.00120211845046 2.937710e+02
1491.00149582673566 2.938020e+02
1491.99957597045659 2.938372e+02
1493.00217855849564 2.938809e+02
1494.00152038810575 2.939368e+02
1495.00232985045204 2.940070e+02
1495.99957868875367 2.940912e+02
1497.00041299866211 2.941837e+02
1498.00228026435752 2.942733e+02
1499.0019717056748 2.943546e+02
1499.99944198550452 2.944263e+02
1501.00197434916413 2.944898e+02
1502.00097798465208 2.945450e+02
1503.00095592908497 2.945961e+02
1504.00100045218869 2.946474e+02
1505.00138450374584 2.946982e+02
1505.99963133765618 2.947446e+02
1507.00218859816141 2.947851e+02
1508.00215459009792 2.948206e+02
1509.00145067798485 2.948521e+02
1510.0004111013784 2.948861e+02
1511.00043633165319 2.949334e+02
1512.00090013349381 2.949955e+02
1513.00150129576082 2.950711e+02
1514.00045613390421 2.951597e+02
1515.0004895439115 2.952557e+02
1516.00064640102619 2.953514e+02
1517.00025946888468 2.954388e+02
1518.00180260865295 2.955156e+02
1519.00094428725606 2.955861e+02
1519.99947743220218 2.956499e+02
1520.99967138157922 2.957001e+02
1522.00110347006535 2.957361e+02
1523.00085806139145 2.957610e+02
1524.00227354593676 2.957843e+02
1525.00214313299193 2.958141e+02
1526.00015786992503 2.958510e+02
1527.00225177713651 2.958924e+02
1528.0001851478421 2.959375e+02
1529.00168708036381 2.959905e+02
1530.00184077485028 2.960573e+02
1531.00138248521512 2.961403e+02
1532.00054613347834 2.962350e+02
1532.99935756371656 2.963315e+02
1534.00080229890591 2.964203e+02
1535.00063800180737 2.965005e+02
1536.00044809441829 2.965732e+02
1537.0024513020403 2.966366e+02
1538.00021715961134 2.966874e+02
1539.00022536233246 2.967269e+02
1539.99965146088675 2.967567e+02
1541.00160632775419 2.967829e+02
1542.00242846992796 2.968136e+02
1543.00146703839664 2.968515e+02
1544.00122770013149 2.968973e+02
1545.00229609782764 2.969538e+02
1546.00005043585611 2.970222e+02
1547.00231625834817 2.971037e+02
1548.00075620504799 2.971961e+02
1549.0018650204122 2.972973e+02
1550.00243819486718 2.974014e+02
1551.0020190543928 2.975018e+02
1552.00188377580912 2.975952e+02
1553.00061469208367 2.976795e+02
1554.00061680319368 2.977509e+02
1555.00160644996754 2.978104e+02
1556.00103445746504 2.978608e+02
1556.9994068021947 2.979059e+02
1558.00018298727855 2.979532e+02
1559.00006911144374 2.980072e+02
1560.00154254704034 2.980683e+02
1561.00136399896451 2.981347e+02
1562.00043796229738 2.982046e+02
1563.00021025949127 2.982787e+02
1564.0019983830025 2.983585e+02
1565.00040247734796 2.984459e+02
1566.00159256775419 2.985391e+02
1567.00076829848354 2.986330e+02
1567.99969698232621 2.987223e+02
1569.00080821864981 2.988044e+02
1570.00041200809414 2.988787e+02
1571.0017829885478 2.989458e+02
1572.00230063813865 2.990070e+02
1572.9994080157328 2.990640e+02
1573.99991457438978 2.991212e+02
1575.00099178592723 2.991841e+02
1575.99936336314477 2.992545e+02
1577.00090348195931 2.993306e+02
1578.0023832285392 2.994082e+02
1579.0006851629214 2.994844e+02
1580.00212364575168 2.995602e+02
1581.00060599417634 2.996386e+02
1582.0022305594332 2.997202e+02
1583.00067724483029 2.998023e+02
1584.00192758469302 2.998841e+02
1585.00235790405236 2.999647e+02
1586.00149275982881 3.000431e+02
1587.00222385816323 3.001192e+02
1588.00146541143567 3.001950e+02
1588.99958546689709 3.002725e+02
1590.00006341164863 3.003527e+02
1591.00005538963728 3.004352e+02
1591.99975114748372 3.005194e+02
1593.00243515408761 3.006045e+02
1594.00204142697703 3.006884e+02
1595.00164709542446 3.007700e+02
1596.00119063272928 3.008491e+02
1597.00052817956089 3.009255e+02
1597.99952182841821 3.009994e+02
1599.00130684936221 3.010717e+02
1599.99981535713846 3.011426e+02
1601.00145051019399 3.012133e+02
1602.00010329296651 3.012837e+02
1603.00191414534584 3.013519e+02
1604.00051873423399 3.013267e+02
1605.00191450489137 3.012765e+02
1605.99975262272596 3.012173e+02
1607.00023190400702 3.011540e+02
1608.00043648950623 3.010883e+02
1609.00055999963502 3.010209e+02
1610.0009170024116 3.009524e+02
1611.001741257418 3.008837e+02
1612.0001706721118 3.008161e+02
1612.999404804264 3.007497e+02
1613.9995002829116 3.006845e+02
1615.0003973314017 3.006200e+02
1616.00190457780104 3.005554e+02
1617.00081760004173 3.004906e+02
1618.00021618120877 3.004253e+02
1619.00012759630522 3.003593e+02
1620.00058389813239 3.002924e+02
1621.00153054397197 3.002240e+02
1621.99990632452636 3.001544e+02
1623.00186297378309 3.000833e+02
1624.00109695929541 3.000118e+02
1625.00060884548589 2.999391e+02
1626.00037577899548 2.998657e+02
1627.00034948603729 2.997913e+02
1628.00057745026311 2.997156e+02
1629.00102148624933 2.996387e+02
1630.00169563352665 2.995600e+02
1630.99943060590749 2.994800e+02
1632.00040985007013 2.993982e+02
1633.00151218209294 2.993155e+02
1633.99962168989737 2.992332e+02
1635.00099494452138 2.991512e+02
1635.99951230194438 2.990705e+02
1637.0015764402583 2.989907e+02
1638.00095035058303 2.989117e+02
1639.00084290852033 2.988324e+02
1640.00127968392349 2.987515e+02
1641.00231041250436 2.986673e+02
1642.00085439373447 2.985788e+02
1643.00006424387175 2.984866e+02
1643.99993741584012 2.983919e+02
1645.00046120292927 2.982960e+02
1646.00154547154466 2.982002e+02
1646.99998948904863 2.981054e+02
1648.0019560656674 2.980113e+02
1649.00108395298275 2.979184e+02
1650.00040923495135 2.978264e+02
1650.9998145295267 2.977354e+02
1652.00228328488492 2.976456e+02
1653.00135786075043 2.975573e+02
1653.99990519593848 2.974699e+02
1655.00094263863707 2.973830e+02
1656.00144990515332 2.972957e+02
1657.001486180342 2.972078e+02
1658.00114828848768 2.971194e+02
1659.00056125673336 2.970306e+02
1659.99983203648662 2.969411e+02
1661.00217269050086 2.968512e+02
1662.00136381713992 2.967622e+02
1663.00060897905269 2.966741e+02
1664.00000080221275 2.965879e+02
1664.99961876574889 2.965036e+02
1665.9994337060391 2.964197e+02
1666.99945094847817 2.963356e+02
1667.99969823608831 2.962497e+02
1669.0002503347398 2.961620e+02
1670.00112697989584 2.960745e+02
1671.00223801401739 2.959899e+02
1672.00029298165714 2.959110e+02
1673.00147125443232 2.958379e+02
1674.0024235614801 2.957680e+02
1674.99991810012102 2.956973e+02
1676.00018549485685 2.956207e+02
1677.00034258195728 2.955357e+02
1678.0006078432657 2.954430e+02
1679.00074318016118 2.953449e+02
1680.00061815672484 2.952439e+02
1680.99996409869118 2.951424e+02
1682.00176703641841 2.950414e+02
1682.9994812510713 2.949411e+02
1684.00210582807949 2.948408e+02
1684.9997232986882 2.947409e+02
1686.00162352087023 2.946403e+02
1686.99928511856547 2.945431e+02
1688.00013261928802 2.944511e+02
1689.00208923491664 2.943648e+02
1689.99973834586353 2.942848e+02
1690.99948128723213 2.942107e+02
1692.00121101059153 2.941420e+02
1693.00136240399593 2.940778e+02
1693.99957141443906 2.940165e+02
1695.00190741234201 2.939539e+02
1696.00013208434189 2.938861e+02
1697.00077737072206 2.938090e+02
1698.00160860480719 2.937234e+02
1699.00195378476951 2.936289e+02
1700.00183178807356 2.935291e+02
1701.00212652200298 2.934256e+02
1702.00197227292597 2.933189e+02
1702.99924638317179 2.932113e+02
1704.00077320654168 2.931055e+02
1704.99997854296589 2.930075e+02
1706.00161548434903 2.929183e+02
1707.00146394703415 2.928374e+02
1707.99926734734345 2.927640e+02
1709.00170158088281 2.926958e+02
1710.00025709872853 2.926299e+02
1711.00200663532223 2.925637e+02
1712.00099446604986 2.924961e+02
1713.00023424793358 2.924534e+02
1713.99943710887783 2.924418e+02
1715.00202866329209 2.924321e+02
1716.00197178756753 2.924203e+02
1716.99942580786842 2.924040e+02
1718.00083168834226 2.923827e+02
1718.99953573065409 2.923570e+02
1720.00078094724836 2.923273e+02
1721.00014633540104 2.922952e+02
1721.99924175523415 2.922635e+02
1723.00042829580616 2.922357e+02
1724.00113965048058 2.922140e+02
1724.99954316198364 2.922005e+02
1726.0002667158908 2.921931e+02
1727.00192361754353 2.921890e+02
1727.99944069978505 2.921870e+02
1728.99928636835784 2.921855e+02
1730.00114352220453 2.921833e+02
1731.00170482415865 2.921774e+02
1732.00057964351049 2.921669e+02
1733.00037499755285 2.921527e+02
1734.00094982649284 2.921343e+02
1734.99938763210798 2.921110e+02
1736.00232569371678 2.920823e+02
1737.00073653296545 2.920482e+02
1738.0009665585801 2.920120e+02
1739.00225875173533 2.919760e+02
1739.99989089831297 2.919410e+02
1741.00141984554466 2.919063e+02
1741.99934770596747 2.918720e+02
1742.99990019412962 2.918389e+02
1744.00091572768224 2.918097e+02
1745.00068450912227 2.917861e+02
1746.00062133516371 2.917682e+02
1747.00198500961801 2.917575e+02
1748.00224695144425 2.917526e+02
1749.00126858479257 2.917484e+02
1750.00161968650377 2.917419e+02
1750.9997092020028 2.917335e+02
1752.00144777802461 2.917249e+02
1753.00026170735805 2.917149e+02
1754.00218669342166 2.917014e+02
1755.00139858895091 2.916875e+02
1756.00128267370133 2.916710e+02
1757.00205770201205 2.916563e+02
1758.00002264717455 2.916467e+02
1759.00062327042133 2.916395e+02
1760.00025216299309 2.916350e+02
1761.00187348628788 2.916349e+02
1762.00212852821619 2.916397e+02
1763.00081485484156 2.916482e+02
1764.00107686984484 2.916587e+02
1764.9998568213789 2.916693e+02
1766.00019417094722 2.916789e+02
1767.0017915733315 2.916866e+02
1768.00125262652091 2.916911e+02
1768.99937462505045 2.916932e+02
1769.99997874569317 2.916925e+02
1771.00060046397971 2.916888e+02
1772.00124592962334 2.916819e+02
1773.00211127545663 2.916727e+02
1774.00011331133851 2.916615e+02
1775.00109214504914 2.916489e+02
1776.00195505511169 2.916354e+02
1776.99985129126799 2.916213e+02
1778.00076166344184 2.916069e+02
1779.00138012028287 2.915924e+02
1780.00177172110102 2.915783e+02
1781.00190062878801 2.915645e+02
1782.00144119139713 2.915518e+02
1783.00066928198794 2.915390e+02
1783.99998476426481 2.915258e+02
1785.00226558580243 2.915121e+02
1786.00144910440167 2.914986e+02
1787.00124547982864 2.914841e+02
1788.00168827893708 2.914697e+02
1789.0022080209028 2.914546e+02
1789.9995911069966 2.914395e+02
1791.00010002287286 2.914242e+02
1792.00026048073732 2.914097e+02
1792.99940565161046 2.913978e+02
1794.00095048029311 2.913871e+02
1795.0022039799876 2.913778e+02
1796.0023919818257 2.913693e+02
1797.0014321338056 2.913611e+02
1798.0031820424424 2.913555e+02
1799.00156390193 2.913491e+02
1800.00253116195722 2.913426e+02
1801.00297931816453 2.913363e+02
1802.00299992428063 2.913298e+02
1803.0026530194275 2.913227e+02
1804.00192578488122 2.913145e+02
1805.000839223203 2.913056e+02
1806.00251118268443 2.912965e+02
1807.00089268304328 2.912877e+02
1808.00212839875189 2.912791e+02
1809.00322868427702 2.912704e+02
1810.00123368741583 2.912614e+02
1811.00235695240326 2.912518e+02
1812.00364398830607 2.912416e+02
1813.00213186630731 2.912306e+02
1814.00095316821785 2.912187e+02
1815.00329309993526 2.912059e+02
1816.00313267045703 2.911921e+02
1817.00359492397411 2.911773e+02
1818.00164024281912 2.911616e+02
1819.00338250235836 2.911456e+02
1820.0026825321338 2.911295e+02
1821.00259879485566 2.911135e+02
1822.00308566601916 2.910973e+02
1823.0010054460347 2.910808e+02
1824.00245336836861 2.910640e+02
1825.00125472971558 2.910469e+02
1826.00354656955096 2.910296e+02
1827.00317555549532 2.910123e+02
1828.00316531953194 2.909952e+02
1829.00344495855757 2.909776e+02
1830.00091375567354 2.909608e+02
1831.00170963893424 2.909452e+02
1832.00275104385969 2.909316e+02
1833.00099577118704 2.909202e+02
1834.00262212345956 2.909105e+02
1835.00145909217144 2.909018e+02
1836.00363627737488 2.908930e+02
1837.00284107066341 2.908838e+02
1838.0020743905136 2.908753e+02
1839.00126184375517 2.908670e+02
1840.00347155332656 2.908582e+02
1841.0025508381018 2.908489e+02
1842.00155061300438 2.908381e+02
1843.00350071229127 2.908270e+02
1844.00220903286663 2.908165e+02
1845.00068662928334 2.908071e+02
1846.00192323909232 2.907988e+02
1847.00263463570627 2.907909e+02
1848.00268451952502 2.907830e+02
1849.00213299693814 2.907753e+02
1850.00100608008006 2.907690e+02
1851.0022153825455 2.907647e+02
1852.00270173464378 2.907626e+02
1853.00272756874369 2.907606e+02
1854.00229258205809 2.907573e+02
1855.0012055603006 2.907520e+02
1856.00257166980896 2.907447e+02
1857.00343100416558 2.907361e+02
1858.00078343365203 2.907268e+02
1859.00083484139236 2.907170e+02
1860.00369642245778 2.907064e+02
1861.00354752279736 2.906956e+02
1862.00350560142761 2.906841e+02
1863.0035626065021 2.906730e+02
1864.00370203119996 2.906631e+02
1865.00088835834981 2.906549e+02
1866.00129610488921 2.906485e+02
1867.0019502342202 2.906429e+02
1868.00292411733312 2.906373e+02
1869.00119235790589 2.906309e+02
1870.00291698685533 2.906230e+02
1871.00203684173857 2.906137e+02
1872.00166842417707 2.906036e+02
1873.00183204891277 2.905927e+02
1874.00253244347687 2.905811e+02
1875.00067797616498 2.905693e+02
1876.00235570301584 2.905578e+02
1877.00134049012922 2.905454e+02
1878.00370017286377 2.905321e+02
1879.00323184173499 2.905187e+02
1880.00296275255596 2.905061e+02
1881.00285955580875 2.904945e+02
1882.00289861750957 2.904836e+02
1883.00301181904797 2.904729e+02
1884.00309687418894 2.904624e+02
1885.00306864686081 2.904517e+02
1886.00284294952485 2.904408e+02
1887.00234465961034 2.904301e+02
1888.00154075534124 2.904197e+02
1889.00351601047259 2.904101e+02
1890.00211980521772 2.904015e+02
1891.00345882449597 2.903934e+02
1892.00132752346803 2.903857e+02
1893.00179110609611 2.903780e+02
1894.00172549117133 2.903708e+02
1895.00114435379396 2.903644e+02
1896.00317729971152 2.903588e+02
1897.00176541026667 2.903536e+02
1898.00310227232353 2.903482e+02
1899.00112432637047 2.903421e+02
1900.00199415479256 2.903351e+02
1901.00268508550562 2.903269e+02
1902.00324489102627 2.903176e+02
1903.00067780807171 2.903072e+02
1904.00116893688096 2.902961e+02
1905.00172753394645 2.902846e+02
1906.00243050581662 2.902731e+02
1907.00331604072176 2.902615e+02
1908.00133635087923 2.902497e+02
1909.00263672734468 2.902380e+02
1910.00112222546841 2.902267e+02
1911.00296088655296 2.902158e+02
1912.00207679922892 2.902054e+02
1913.00157131657738 2.901953e+02
1914.0014659620997 2.901852e+02
1915.00176211387065 2.901743e+02
1916.00241713867035 2.901621e+02
1917.00337970135502 2.901489e+02
1918.00152410672695 2.901356e+02
1919.00295446820815 2.901224e+02
1920.00147821812379 2.901103e+02
1921.00319250787675 2.900993e+02
1922.00190018356329 2.900891e+02
1923.00367667732939 2.900793e+02
1924.00231320394983 2.900705e+02
1925.00085054596752 2.900627e+02
1926.00234658928684 2.900557e+02
1927.00066827513706 2.900491e+02
1928.00197339102033 2.900422e+02
1929.00317185618997 2.900343e+02
1930.00115662418966 2.900246e+02
1931.0020289618908 2.900134e+02
1932.00266997339349 2.900015e+02
1933.00304026816934 2.899894e+02
1934.00312706944919 2.899778e+02
1935.00293311370251 2.899673e+02
1936.00249483846096 2.899581e+02
1937.00187742966887 2.899501e+02
1938.00107481601731 2.899424e+02
1939.00308913791719 2.899340e+02
1940.00173789337691 2.899245e+02
1941.00314031610674 2.899142e+02
1942.00119715363758 2.899045e+02
1943.00207359093361 2.898960e+02
1944.00276290757347 2.898886e+02
1945.00332228851448 2.898828e+02
1946.00069841411573 2.898774e+02
1947.00100086764428 2.898707e+02
1948.00112948035917 2.898624e+02
1949.00105557928305 2.898530e+02
1950.00082971662141 2.898433e+02
1951.00361115546343 2.898337e+02
1952.00337636038716 2.898235e+02
1953.00321626309483 2.898116e+02
1954.00312215679037 2.897983e+02
1955.00307609289462 2.897845e+02
1956.00305144581966 2.897708e+02
1957.00301968329859 2.897574e+02
1958.00297924992606 2.897449e+02
1959.00297882971608 2.897337e+02
1960.00312658187727 2.897243e+02
1961.00358033289103 2.897162e+02
1962.00136260513614 2.897085e+02
1963.00265034820723 2.896998e+02
1964.00129665287682 2.896889e+02
1965.0033080088167 2.896758e+02
1966.00242611211615 2.896625e+02
1967.00166093293751 2.896497e+02
1968.00098542149908 2.896377e+02
1969.003452924155 2.896264e+02
1970.00293097017425 2.896157e+02
1971.00246494421754 2.896057e+02
1972.00199676307739 2.895970e+02
1973.00145048211289 2.895899e+02
1974.00077325672851 2.895837e+02
1975.00299685821983 2.895758e+02
1976.00181342653332 2.895669e+02
1977.00312543315886 2.895573e+02
1978.00365643496116 2.895467e+02
1979.00344036292677 2.895354e+02
1980.0026816542811 2.895243e+02
1981.00158498880023 2.895127e+02
1982.00346116157039 2.895028e+02
1983.002419493557 2.894945e+02
1984.00170847316303 2.894872e+02
1985.00132753220259 2.894803e+02
1986.00126051317852 2.894738e+02
1987.00152162155882 2.894658e+02
1988.00204114705662 2.894549e+02
1989.00275316103739 2.894418e+02
1990.00360847035699 2.894283e+02
1991.00149199161046 2.894168e+02
1992.00253880279774 2.894083e+02
1993.00068093046866 2.894013e+02
1994.00206961461663 2.893947e+02
1995.00364827253907 2.893881e+02
1996.0023038099821 2.893817e+02
1997.00096741491438 2.893744e+02
1998.0024228172017 2.893647e+02
1999.00350276918516 2.893534e+02
2000.00075446259234 2.893422e+02
2001.00296706496329 2.893313e+02
2002.0012220535034 2.893198e+02
2003.00192095665057 2.893071e+02
2004.00176193355696 2.892943e+02
2005.00108269350926 2.892831e+02
2006.00338639999222 2.892721e+02
2007.0027700639771 2.892621e+02
2008.00233465768588 2.892539e+02
2009.00225032238359 2.892479e+02
2010.00273508872078 2.892424e+02
2011.00083002076485 2.892348e+02
2012.00260824764155 2.892241e+02
2013.00191475351971 2.892111e+02
2014.00177235648471 2.891980e+02
2015.00216108675841 2.891862e+02
2016.00306214790498 2.891754e+02
2017.00143718481513 2.891650e+02
2018.00339522475929 2.891553e+02
2019.00281029238272 2.891453e+02
2020.00267571088489 2.891343e+02
2021.00281098375672 2.891223e+02
2022.00296304469157 2.891077e+02
2023.00271257443978 2.890912e+02
2024.00124321984322 2.890761e+02
2025.00122630078977 2.890643e+02
2026.00286915903871 2.890553e+02
2027.00303655528046 2.890470e+02
2028.00179934005905 2.890382e+02
2029.00278567070768 2.890300e+02
2030.00323845515754 2.890231e+02
2031.00350808922417 2.890161e+02
2032.00084460318817 2.890094e+02
2033.0015562340775 2.890033e+02
2034.00281575636041 2.889966e+02
2035.00179230511208 2.889884e+02
2036.0015614141937 2.889785e+02
2037.00202313901968 2.889677e+02
2038.00318164159421 2.889578e+02
2039.00196530910466 2.889489e+02
2040.00143296293118 2.889407e+02
2041.00161664371512 2.889321e+02
2042.00252340873794 2.889237e+02
2043.00111591430982 2.889136e+02
2044.00342272583976 2.889005e+02
2045.00301109498173 2.888843e+02
2046.00267185356074 2.888638e+02
2047.00202035945949 2.888412e+02
2048.00326126993423 2.888215e+02
2049.00286771681613 2.888049e+02
2050.00098288773688 2.887921e+02
2051.00356602766078 2.887822e+02
2052.00170870704915 2.887736e+02
2053.00194536252684 2.887661e+02
2054.00136057740929 2.887611e+02
2055.00356838141215 2.887561e+02
2056.00292317413505 2.887510e+02
2057.00267008224546 2.887460e+02
2058.00304079799389 2.887408e+02
2059.00126023695793 2.887342e+02
2060.00344594271428 2.887259e+02
2061.00341804538948 2.887175e+02
2062.00119629217079 2.887095e+02
2063.0028516889297 2.887023e+02
2064.00222567329592 2.886952e+02
2065.00239829428983 2.886876e+02
2066.00341150416216 2.886790e+02
2067.00219639353782 2.886678e+02
2068.00171200319846 2.886538e+02
2069.0016618419404 2.886353e+02
2070.00171616364332 2.886130e+02
2071.0015048238688 2.885902e+02
2072.00334501653242 2.885691e+02
2073.00342561357093 2.885511e+02
2074.0019323071092 2.885358e+02
2075.00222941611082 2.885230e+02
2076.00096495335811 2.885135e+02
2077.00115350474061 2.885068e+02
2078.00372173416645 2.885013e+02
2079.00288396348196 2.884981e+02
2080.00198859696138 2.884955e+02
2081.00155863485861 2.884914e+02
2082.00185503933471 2.884854e+02
2083.00295785878325 2.884777e+02
2084.00184358332945 2.884696e+02
2085.00162963801267 2.884617e+02
2086.00239181526513 2.884557e+02
2087.00097364334943 2.884511e+02
2088.00332476475933 2.884463e+02
2089.00330772718553 2.884403e+02
2090.0009166415839 2.884325e+02
2091.00225344570572 2.884225e+02
2092.0012445459829 2.884119e+02
2093.0006934425769 2.883944e+02
2094.0032326763012 2.883709e+02
2095.0025080074879 2.883459e+02
2096.00101780323212 2.883225e+02
2097.00124825450257 2.882998e+02
2098.0032595536909 2.882787e+02
2099.00129492441147 2.882608e+02
2100.00075973148159 2.882489e+02
2101.00185287318254 2.882403e+02
2102.00249111287667 2.882337e+02
2103.00240377888713 2.882297e+02
2104.00202410932661 2.882288e+02
2105.00223081911054 2.882289e+02
2106.00310211248643 2.882262e+02
2107.00164171949382 2.882196e+02
2108.00104572009877 2.882108e+02
2109.00142436276656 2.882021e+02
2110.00277566998011 2.881949e+02
2111.00196703177608 2.881893e+02
2112.00191128419783 2.881845e+02
2113.00244528067424 2.881787e+02
2114.003485032551 2.881710e+02
2115.0019373895957 2.881660e+02
2116.00083694385967 2.881591e+02
2117.00311810845051 2.881430e+02
2118.00229165387236 2.881216e+02
2119.0012222957198 2.880978e+02
2120.00269066419878 2.880736e+02
2121.003144314981 2.880492e+02
2122.0024150366994 2.880258e+02
2123.00092105317572 2.880053e+02
2124.00145393584626 2.879893e+02
2125.00094681794053 2.879769e+02
2126.00310919082358 2.879686e+02
2127.00171237041377 2.879635e+02
2128.00296901846423 2.879608e+02
2129.0014414031516 2.879590e+02
2130.00337991044671 2.879561e+02
2131.00294446678481 2.879518e+02
2132.00335781073318 2.879459e+02
2133.00151957377284 2.879398e+02
2134.00361650851119 2.879337e+02
2135.00358297861021 2.879279e+02
2136.00128483326444 2.879226e+02
2137.00275044738373 2.879172e+02
2138.00152180095256 2.879099e+02
2139.00354819323184 2.879013e+02
2140.00265016500089 2.878908e+02
2141.00146836417889 2.878767e+02
2142.00318211652984 2.878591e+02
2143.00171898960298 2.878381e+02
2144.00293483093992 2.878154e+02
2145.00370166064613 2.877922e+02
2146.00083282030437 2.877701e+02
2147.00336573237473 2.877496e+02
2148.00218501494828 2.877323e+02
2149.00370381196899 2.877188e+02
2150.00185310760025 2.877083e+02
2151.00267934925841 2.877000e+02
2152.00352558224495 2.876930e+02
2153.00156079542103 2.876870e+02
2154.00277182069476 2.876821e+02
2155.00126391157755 2.876774e+02
2156.00337579065899 2.876725e+02
2157.00295903740016 2.876675e+02
2158.0031103561796 2.876623e+02
2159.00089488253207 2.876562e+02
2160.00224171053605 2.876492e+02
2161.00088277653049 2.876413e+02
2162.00295674707922 2.876325e+02
2163.0022145830485 2.876229e+02
2164.00151641944831 2.876123e+02
2165.0037007761407 2.875996e+02
2166.0026573043883 2.875844e+02
2167.0046533909699 2.875655e+02
2168.003601550879 2.875451e+02
2169.0024720152578 2.875240e+02
2170.00427070776459 2.875030e+02
2171.00291971750903 2.874831e+02
2172.00451722358275 2.874652e+02
2173.00293606658306 2.874497e+02
2174.00440079226973 2.874363e+02
2175.00287674348783 2.874247e+02
2176.00445491961227 2.874146e+02
2177.00306363457867 2.874057e+02
2178.00493823364604 2.873977e+02
2179.00393298125437 2.873906e+02
2180.00316521739842 2.873840e+02
2181.00270729721115 2.873840e+02
2182.00255340593776 2.874177e+02
2183.0027612512522 2.874585e+02
2184.00343312634368 2.875011e+02
2185.00455711753602 2.875441e+02
2186.00304032911936 2.875868e+02
2187.0050750398068 2.876294e+02
2188.0045447959078 2.876709e+02
2189.00446784087035 2.877115e+02
2190.00478689352713 2.877513e+02
2191.00233478928112 2.877903e+02
2192.00317310535047 2.878285e+02
2193.00414791706407 2.878663e+02
2194.00520597156537 2.879042e+02
2195.00315193152665 2.879424e+02
2196.00401482119923 2.879809e+02
2197.00462871744367 2.880196e+02
2198.00485833761195 2.880590e+02
2199.00465061427531 2.880986e+02
2200.0039397326027 2.881386e+02
2201.00269980830899 2.881789e+02
2202.0039898191972 2.882199e+02
2203.0047052543105 2.882612e+02
