# Region type : patch sidenode2U_2_Outlet_0
#   Faces  : 172
#   Area   : 1.730027e-02
#        Time	areaAverage(T)
     0.999427	2.971500e+02
      2.00049	2.971499e+02
      3.00031	2.971499e+02
      3.99974	2.971500e+02
     4.999852	2.971500e+02
     6.001051	2.971500e+02
     7.000531	2.971500e+02
     8.000508	2.971497e+02
     9.000207	2.971494e+02
   10.0013794	2.971493e+02
   11.0007486	2.971505e+02
   12.0009612	2.971517e+02
   13.0012826	2.971529e+02
   14.0004431	2.971541e+02
 15.000919704	2.971553e+02
 16.001134102	2.971565e+02
 17.000964066	2.971576e+02
 18.001437332	2.971588e+02
 19.000199323	2.971600e+02
20.00002609566	2.971612e+02
21.0005538983	2.971623e+02
22.0001516083	2.971635e+02
23.00171546342	2.971647e+02
24.00158629973	2.971659e+02
24.9992923468791	2.971670e+02
26.0007408332901	2.971682e+02
27.000127321636	2.971695e+02
28.0005920788103	2.971707e+02
29.0017240917936	2.971719e+02
29.9997920938323759	2.971732e+02
31.0002175478398492	2.971745e+02
31.9996891168724211	2.971758e+02
33.0014876982192291	2.971772e+02
34.0001772822966544	2.971785e+02
34.9994365335516946	2.971799e+02
35.9997900444985959	2.971813e+02
37.0015242626866723	2.971827e+02
38.0015591189283697	2.971841e+02
38.9994632840672892	2.971856e+02
40.0007574456951929	2.971870e+02
41.0021224612753414	2.971885e+02
42.0002872525634814	2.971900e+02
43.0012566304121364	2.971915e+02
44.0020467575723373	2.971930e+02
44.9999474219365112	2.971946e+02
46.0013565934288735	2.971962e+02
47.0003167083469933	2.971978e+02
47.9999449913441012	2.971994e+02
49.0004299422109781	2.972010e+02
50.0018024649949737	2.972027e+02
51.0009823404558276	2.972043e+02
52.0009844877071998	2.972060e+02
53.0017643910810605	2.972077e+02
54.0002351206742404	2.972095e+02
54.9993848868174098	2.972112e+02
56.0021814734975152	2.972130e+02
56.9993512698789999	2.972147e+02
57.9999264458105159	2.972165e+02
59.0007923745438418	2.972183e+02
60.0019425234990109	2.972202e+02
61.0003528657921592	2.972220e+02
61.9992021823811967	2.972239e+02
63.0016965212632414	2.972257e+02
64.0018160389436872	2.972276e+02
64.9996150087740006	2.972295e+02
66.0012484215040303	2.972315e+02
67.0005232908566057	2.972334e+02
68.0003944877985589	2.972354e+02
69.0007533914107256	2.972373e+02
70.0015603219173812	2.972394e+02
70.9997684691784627	2.972414e+02
72.0016025253438841	2.972434e+02
73.0009653857906784	2.972455e+02
74.0009923556114444	2.972476e+02
75.0017195732837507	2.972498e+02
75.9999581087556066	2.972519e+02
77.0017104911463264	2.972541e+02
78.0005896543658253	2.972563e+02
78.9993985451516778	2.972586e+02
80.0010209520131355	2.972609e+02
80.9991269425436258	2.972632e+02
81.99974614684497	2.972656e+02
82.9997173174550653	2.972679e+02
84.0020941085013391	2.972704e+02
85.0006823668008735	2.972728e+02
86.0016281094392525	2.972753e+02
87.001834392442106	2.972778e+02
88.0012234801301929	2.972804e+02
88.9998675660702361	2.972829e+02
90.0008787025826535	2.972855e+02
91.0012554686999948	2.972881e+02
92.0011025357617598	2.972908e+02
93.000402258883355	2.972934e+02
93.999363258351579	2.972961e+02
95.0011600540610175	2.972992e+02
95.9997851463064222	2.973019e+02
97.0014259130476262	2.973044e+02
97.999941160804994	2.973071e+02
99.0014269928212656	2.973098e+02
99.9997536230513759	2.973126e+02
101.001031993007544	2.973153e+02
102.002273183616225	2.973181e+02
103.00030896487965	2.973209e+02
104.001240166939084	2.973237e+02
105.001994492542238	2.973265e+02
106.002493253645454	2.973293e+02
106.999679236622228	2.973321e+02
108.00266338555538	2.973349e+02
109.002112539327754	2.973377e+02
110.001000540579781	2.973406e+02
111.002408319914792	2.973434e+02
112.000128955767693	2.973463e+02
113.000219367322458	2.973491e+02
114.00252857400389	2.973520e+02
115.000960042107437	2.973549e+02
116.001504451501489	2.973578e+02
117.001088593146392	2.973607e+02
118.002638565734458	2.973636e+02
118.999993107898078	2.973665e+02
120.002185069780396	2.973694e+02
121.000078758953904	2.973723e+02
122.002653422413488	2.973753e+02
123.000754340607472	2.973782e+02
124.000249782474413	2.973812e+02
125.001208079555653	2.973841e+02
126.000763042848732	2.973871e+02
127.002101925546427	2.973900e+02
128.002452714997276	2.973930e+02
129.002099405373343	2.973960e+02
130.001295117298724	2.973989e+02
131.000335333749604	2.974019e+02
132.002542878069534	2.974048e+02
133.002328883822429	2.974078e+02
134.000075407824681	2.974107e+02
135.002080006486324	2.974136e+02
136.002658325402734	2.974165e+02
137.002219736449121	2.974194e+02
138.001156890232608	2.974223e+02
139.002494820356389	2.974251e+02
139.999771603676663	2.974278e+02
141.002127671732893	2.974305e+02
142.000326828377013	2.974332e+02
143.000354093607029	2.974357e+02
144.002607726763785	2.974382e+02
145.0007989384643	2.974406e+02
146.001058924252675	2.974430e+02
147.000383868891788	2.974452e+02
148.001677150526746	2.974474e+02
149.001583692929302	2.974495e+02
149.999803572063087	2.974516e+02
151.002157085829225	2.974536e+02
152.002368954412987	2.974555e+02
153.000419600010275	2.974574e+02
154.002498633515074	2.974593e+02
155.002367165596809	2.974611e+02
155.999961652498769	2.974630e+02
157.001484117626262	2.974648e+02
158.000771297344329	2.974666e+02
159.001061283777062	2.974684e+02
160.002464068186157	2.974702e+02
161.001787296918621	2.974721e+02
162.001967396205629	2.974739e+02
162.99987013600321	2.974758e+02
164.00169494871875	2.974778e+02
165.001225376364033	2.974797e+02
166.001529530404497	2.974817e+02
167.002578845905987	2.974837e+02
168.001176238471515	2.974856e+02
169.000257904581105	2.974876e+02
170.002691244404929	2.974896e+02
171.001931665802317	2.974916e+02
172.000683988546285	2.974936e+02
173.001764767570933	2.974956e+02
174.001790581428764	2.974975e+02
175.000677962106806	2.974995e+02
176.001649220067776	2.975014e+02
177.001949240672559	2.975033e+02
178.002122222696244	2.975051e+02
179.002687168357028	2.975069e+02
180.000851221809285	2.975087e+02
180.999717822446172	2.975104e+02
182.002107335839327	2.975121e+02
183.001541721738874	2.975138e+02
184.00118027588951	2.975154e+02
185.001003280914091	2.975171e+02
186.000682123100347	2.975187e+02
187.002663329054656	2.975203e+02
188.000129186769328	2.975219e+02
189.002449520229902	2.975235e+02
190.000940841888308	2.975251e+02
191.002657389520721	2.975267e+02
192.00193207052601	2.975282e+02
193.002067741240126	2.975298e+02
194.000021655254614	2.975313e+02
195.002180064267947	2.975329e+02
196.002286473872317	2.975343e+02
197.000051748967081	2.975358e+02
198.001304877255649	2.975372e+02
199.002178816809533	2.975385e+02
200.002215502925168	2.975399e+02
201.001498532132615	2.975411e+02
201.999694163551595	2.975424e+02
203.001846437787179	2.975435e+02
204.000260420414349	2.975447e+02
205.00076131728639	2.975458e+02
206.002090419317909	2.975469e+02
207.000933874151769	2.975480e+02
208.002051103417983	2.975491e+02
208.999656559112651	2.975502e+02
210.002554894086018	2.975513e+02
211.002667236961031	2.975524e+02
212.001596726417318	2.975534e+02
213.001608092022508	2.975544e+02
214.002622446640459	2.975553e+02
215.001874005837209	2.975561e+02
215.999728612705354	2.975569e+02
216.999660290062565	2.975576e+02
218.001954924164266	2.975583e+02
219.000511816629086	2.975589e+02
220.001826431655815	2.975595e+02
221.000639544984523	2.975601e+02
222.002502294171933	2.975606e+02
223.000913212408875	2.975615e+02
224.002046212566881	2.975620e+02
225.003156607808734	2.975624e+02
226.001390350997411	2.975627e+02
227.002497212841774	2.975631e+02
228.002739898910363	2.975633e+02
229.001536327455568	2.975636e+02
230.001647404054182	2.975638e+02
231.00330061146002	2.975640e+02
232.000523516120211	2.975641e+02
233.002842430776326	2.975642e+02
234.001494645122733	2.975642e+02
235.002785069853047	2.975642e+02
236.000926294089766	2.975642e+02
237.002404068492893	2.975641e+02
238.00113538662697	2.975640e+02
239.003268786141433	2.975639e+02
240.002837271213338	2.975638e+02
241.002924640601435	2.975636e+02
242.000538849728684	2.975635e+02
243.001804112537513	2.975633e+02
244.000640700406763	2.975631e+02
245.003319865708534	2.975629e+02
246.000707285940621	2.975627e+02
247.002007858199192	2.975625e+02
248.001056509176266	2.975622e+02
249.000979686864213	2.975620e+02
250.001763504070198	2.975617e+02
251.003303069669386	2.975614e+02
252.002504112295213	2.975611e+02
253.002425917797012	2.975608e+02
254.00272094465015	2.975604e+02
255.000360008183009	2.975600e+02
256.001595315007876	2.975596e+02
257.003362294698888	2.975592e+02
258.00255842102257	2.975587e+02
259.002152677035099	2.975583e+02
260.001981664416917	2.975578e+02
261.001813615033029	2.975573e+02
262.00140485254326	2.975568e+02
263.000594512311977	2.975563e+02
264.002385110868943	2.975557e+02
265.000443256167102	2.975552e+02
266.00098100543147	2.975547e+02
267.000967536314135	2.975541e+02
268.003276483198704	2.975535e+02
269.001523373274665	2.975530e+02
270.001725671010206	2.975524e+02
271.000481539417819	2.975518e+02
272.000714420740564	2.975512e+02
273.00292130020199	2.975505e+02
274.000742213383489	2.975498e+02
275.003225097653171	2.975491e+02
276.002032194746505	2.975484e+02
277.000645892159866	2.975477e+02
278.001942131295436	2.975469e+02
279.002858147299435	2.975461e+02
280.000465239377263	2.975453e+02
281.00097370133733	2.975445e+02
282.001341653260511	2.975437e+02
283.001642410801367	2.975428e+02
284.002016096109742	2.975420e+02
285.002594573110798	2.975411e+02
286.000496967216804	2.975402e+02
287.002085942394046	2.975393e+02
288.001482882226242	2.975384e+02
289.001835081267131	2.975375e+02
290.003171985280858	2.975366e+02
291.002445487420459	2.975357e+02
292.00266059645827	2.975347e+02
293.000613069468443	2.975337e+02
294.002349181339184	2.975328e+02
295.00168572860008	2.975318e+02
296.001605090646819	2.975308e+02
297.002037684732386	2.975299e+02
298.002982875965245	2.975289e+02
299.001348785551954	2.975279e+02
300.003249842926266	2.975270e+02
301.002466047054213	2.975260e+02
302.00202327849081	2.975250e+02
303.001852912322136	2.975241e+02
304.001950072599357	2.975231e+02
305.002289029862141	2.975222e+02
306.002804463364726	2.975212e+02
307.000339936166938	2.975203e+02
308.00112525275722	2.975193e+02
309.002161798808231	2.975184e+02
310.000299732926749	2.975175e+02
311.001753903974702	2.975165e+02
312.003228476479023	2.975156e+02
313.001570746664754	2.975146e+02
314.002891930573128	2.975137e+02
315.001098790657693	2.975128e+02
316.002212737646175	2.975118e+02
317.002753693123339	2.975108e+02
318.002741051715759	2.975099e+02
319.002227453965133	2.975089e+02
320.000977275220748	2.975079e+02
321.001929756773393	2.975069e+02
322.002125388221941	2.975059e+02
323.001535981613699	2.975049e+02
324.003041981572039	2.975038e+02
325.000374037859729	2.975028e+02
326.002912654348165	2.975017e+02
327.001586614448399	2.975006e+02
328.002512909745406	2.974995e+02
329.002543076401537	2.974984e+02
330.001749801562255	2.974972e+02
331.003321449891018	2.974961e+02
332.001214450012128	2.974948e+02
333.001643036346195	2.974936e+02
334.001697745459865	2.974923e+02
335.001516663824475	2.974910e+02
336.001181848031365	2.974897e+02
337.000752428457247	2.974883e+02
338.000308954575644	2.974869e+02
339.002955696242054	2.974855e+02
340.002659874426115	2.974841e+02
341.002600634695796	2.974826e+02
342.002938705057034	2.974812e+02
343.00077039028929	2.974797e+02
344.002322513747629	2.974782e+02
345.001592396976321	2.974767e+02
346.001698609735854	2.974752e+02
347.002663850727458	2.974738e+02
348.001500187671638	2.974723e+02
349.001388311793335	2.974708e+02
350.002414947083139	2.974694e+02
351.001524849529289	2.974679e+02
352.001809729970944	2.974665e+02
353.003257770451626	2.974651e+02
354.002679028832802	2.974638e+02
355.002987136006652	2.974624e+02
356.000911663448676	2.974611e+02
357.002428780017908	2.974598e+02
358.001143590770198	2.974585e+02
359.003187156254512	2.974572e+02
360.002328007981532	2.974560e+02
361.001683939638156	2.974547e+02
362.001359795507994	2.974535e+02
363.001507924815201	2.974523e+02
364.002174605211678	2.974511e+02
365.003082904724977	2.974499e+02
366.000971151079284	2.974487e+02
367.002024801993684	2.974475e+02
368.003029631648076	2.974463e+02
369.000706243231605	2.974450e+02
370.000978286578629	2.974438e+02
371.000341037977933	2.974425e+02
372.001639388103968	2.974413e+02
373.001936067328529	2.974400e+02
374.001098067899704	2.974387e+02
375.001995770755968	2.974374e+02
376.001888708956301	2.974361e+02
377.000697192593861	2.974347e+02
378.000866014206679	2.974334e+02
379.002752522726666	2.974320e+02
380.000575798720831	2.974306e+02
381.003082793718704	2.974292e+02
382.001184982359462	2.974278e+02
383.001246857416106	2.974263e+02
384.000394613058518	2.974248e+02
385.001759695812154	2.974233e+02
386.00240715265619	2.974217e+02
387.002475787051594	2.974201e+02
388.002127551349872	2.974185e+02
389.001458400598608	2.974169e+02
390.000565905005942	2.974152e+02
391.002619073859478	2.974135e+02
392.001663165008722	2.974117e+02
393.000807787559211	2.974100e+02
394.003205212637624	2.974082e+02
395.002903667881753	2.974064e+02
396.003070787040201	2.974046e+02
397.000788944054477	2.974028e+02
398.002261847880902	2.974009e+02
399.00152648097702	2.973991e+02
400.00177377167654	2.973973e+02
401.003123898012916	2.973954e+02
402.002521793520543	2.973936e+02
403.003004667831249	2.973918e+02
404.001507006324118	2.973900e+02
405.001142764898987	2.973882e+02
406.001969983514186	2.973865e+02
407.000910831287001	2.973848e+02
408.001049694494611	2.973831e+02
409.002337982931579	2.973814e+02
410.00156732501398	2.973798e+02
411.001678106944439	2.973782e+02
412.002483731703308	2.973766e+02
413.000720830192734	2.973750e+02
414.002430925371357	2.973735e+02
415.001324339358689	2.973720e+02
416.000503792273548	2.973706e+02
417.003249666369186	2.973691e+02
418.003350729972851	2.973676e+02
419.000725169714599	2.973662e+02
420.001102693622329	2.973647e+02
421.001189561263857	2.973633e+02
422.000968618332536	2.973618e+02
423.000465739541255	2.973604e+02
424.002481090010178	2.973589e+02
425.000454111860961	2.973574e+02
426.000377766803297	2.973559e+02
427.002167768366064	2.973543e+02
428.002663618545625	2.973528e+02
429.001856513206576	2.973512e+02
430.002984116604978	2.973497e+02
431.003192262110645	2.973481e+02
432.002096823281761	2.973465e+02
433.002905520767285	2.973448e+02
434.002743586778649	2.973432e+02
435.001598115112131	2.973415e+02
436.002450546028285	2.973398e+02
437.002274018610649	2.973381e+02
438.00123964214913	2.973363e+02
439.002581082353231	2.973346e+02
440.00034304553094	2.973328e+02
441.000711121537847	2.973310e+02
442.000791936376515	2.973292e+02
443.000763219221597	2.973273e+02
444.000772919074109	2.973254e+02
445.000884165880336	2.973235e+02
446.001029749664042	2.973216e+02
447.001151974869288	2.973197e+02
448.001241680816236	2.973178e+02
449.001268228530193	2.973158e+02
450.001167695159324	2.973138e+02
451.000963059848289	2.973118e+02
452.00077597965776	2.973098e+02
453.000738236156735	2.973078e+02
454.001027357326279	2.973058e+02
455.001852708968784	2.973038e+02
456.000362500163305	2.973018e+02
457.002802758368318	2.972998e+02
458.003196003892697	2.972978e+02
459.001589567564281	2.972958e+02
460.00098547648156	2.972938e+02
461.001317918729342	2.972918e+02
462.002551842731577	2.972899e+02
463.001592478121779	2.972880e+02
464.001455217795467	2.972861e+02
465.002111883247267	2.972842e+02
466.000468289098933	2.972823e+02
467.002609795840613	2.972805e+02
468.002310318274681	2.972787e+02
469.002560530585129	2.972769e+02
470.00329489304346	2.972752e+02
471.001355056605576	2.972734e+02
472.002861665149567	2.972717e+02
473.001561964299583	2.972700e+02
474.000477716033117	2.972683e+02
475.002577107132311	2.972666e+02
476.001650410400828	2.972648e+02
477.000645408034245	2.972631e+02
478.002513955180746	2.972614e+02
479.000964559904673	2.972596e+02
480.002102581843189	2.972579e+02
481.002679955656845	2.972561e+02
482.002597945267041	2.972544e+02
483.001691264800741	2.972526e+02
484.003071616693262	2.972508e+02
485.000336484884144	2.972490e+02
486.002534780768599	2.972472e+02
487.000679987856586	2.972453e+02
488.000926511784712	2.972435e+02
489.003195732206848	2.972416e+02
490.001479003611905	2.972397e+02
491.00212356148603	2.972378e+02
492.002132362470604	2.972358e+02
493.001500802693158	2.972339e+02
494.003297433729529	2.972319e+02
495.001457005393718	2.972299e+02
496.002120008971133	2.972279e+02
497.002342414996406	2.972259e+02
498.002252693521427	2.972238e+02
499.001989458526737	2.972217e+02
500.001708245066993	2.972197e+02
501.001555817569226	2.972176e+02
502.001690502452163	2.972154e+02
503.002238115199248	2.972133e+02
504.003247695359107	2.972112e+02
505.001707145733576	2.972090e+02
506.000673200985545	2.972069e+02
507.003155603728942	2.972047e+02
508.002982725622758	2.972026e+02
509.003130399994632	2.972004e+02
510.000491607245124	2.971983e+02
511.001135291948799	2.971961e+02
512.002000839052812	2.971940e+02
513.003093595891301	2.971919e+02
514.001375092693479	2.971898e+02
515.003006471415006	2.971877e+02
516.001902983398736	2.971856e+02
517.00113814397946	2.971836e+02
518.00075119453777	2.971815e+02
519.000777966113787	2.971795e+02
520.001248976453326	2.971775e+02
521.002200030192284	2.971754e+02
522.000579121023179	2.971734e+02
523.002490070326758	2.971714e+02
524.001753540568302	2.971694e+02
525.001361205130706	2.971674e+02
526.001237747212485	2.971654e+02
527.001309431480308	2.971634e+02
528.001493181315141	2.971614e+02
529.001715178055747	2.971593e+02
530.001904340192596	2.971573e+02
531.00196343448556	2.971553e+02
532.001793707690013	2.971533e+02
533.001327526602267	2.971513e+02
534.000515034029831	2.971493e+02
535.002367044145444	2.971472e+02
536.000711501576916	2.971452e+02
537.001622505152909	2.971431e+02
538.002013323162714	2.971410e+02
539.001869981411801	2.971389e+02
540.001187906447285	2.971368e+02
541.00301284645343	2.971347e+02
542.001225556390295	2.971325e+02
543.001939955503872	2.971304e+02
544.002138172190257	2.971282e+02
545.001861443912048	2.971260e+02
546.001165266284488	2.971238e+02
547.003214520297661	2.971216e+02
548.002042364261229	2.971194e+02
549.000807701796134	2.971171e+02
550.002690842886523	2.971149e+02
551.001696376509585	2.971126e+02
552.00095231417572	2.971103e+02
553.000495569591862	2.971081e+02
554.000326524515344	2.971058e+02
555.000417894257907	2.971035e+02
556.000707039192662	2.971012e+02
557.001146167858792	2.970989e+02
558.001670994217875	2.970967e+02
559.00222091731564	2.970944e+02
560.002760948818832	2.970921e+02
561.003267246031669	2.970898e+02
562.000653783958228	2.970876e+02
563.001006832258781	2.970853e+02
564.001261448977402	2.970830e+02
565.001402261682074	2.970808e+02
566.001416486073595	2.970785e+02
567.001306958242481	2.970763e+02
568.001088612961212	2.970740e+02
569.000803998330184	2.970717e+02
570.000513052084784	2.970694e+02
571.003333279293543	2.970671e+02
572.003240577886913	2.970648e+02
573.003341665373	2.970625e+02
574.000633761695781	2.970602e+02
575.001225046059403	2.970579e+02
576.002067007635901	2.970556e+02
577.003154038258003	2.970533e+02
578.001414355188672	2.970509e+02
579.002919750008573	2.970486e+02
580.001517164221468	2.970463e+02
581.00325516689486	2.970439e+02
582.001964060623095	2.970416e+02
583.00064847655517	2.970393e+02
584.002328360885599	2.970369e+02
585.000854217341839	2.970346e+02
586.002287276351922	2.970323e+02
587.000488461651798	2.970299e+02
588.001527679578999	2.970276e+02
589.002315298506687	2.970252e+02
590.002803789777317	2.970228e+02
591.002957846933668	2.970204e+02
592.002760268551469	2.970181e+02
593.002220829564408	2.970157e+02
594.00137104636849	2.970132e+02
595.003306020155378	2.970108e+02
596.002006081209515	2.970084e+02
597.000594318263893	2.970059e+02
598.002195250785689	2.970035e+02
599.00079741509694	2.970010e+02
600.002570943578235	2.969985e+02
601.00148420696587	2.969960e+02
602.000614201649228	2.969936e+02
603.003028406803764	2.969911e+02
604.002632172737776	2.969886e+02
605.002438767518356	2.969861e+02
606.002393362230237	2.969836e+02
607.002438086213033	2.969811e+02
608.002519571093444	2.969786e+02
609.002594908682113	2.969761e+02
610.002624012444812	2.969736e+02
611.00257420861567	2.969711e+02
612.002421365504119	2.969686e+02
613.00213679326589	2.969661e+02
614.00167615978603	2.969637e+02
615.000986403274055	2.969612e+02
616.003066520229481	2.969586e+02
617.001790236667148	2.969561e+02
618.00323238198996	2.969536e+02
619.001324432529145	2.969511e+02
620.002189394859329	2.969485e+02
621.002841920595415	2.969459e+02
622.000329405845036	2.969434e+02
623.000828114200885	2.969408e+02
624.001363126197475	2.969382e+02
625.001999212751571	2.969356e+02
626.002811455402934	2.969330e+02
627.000812807797047	2.969304e+02
628.002120941783573	2.969278e+02
629.000660379468286	2.969252e+02
630.002496732039731	2.969225e+02
631.001485728012653	2.969199e+02
632.000611254987575	2.969173e+02
633.002879142806592	2.969147e+02
634.00215452979478	2.969121e+02
635.00144985084296	2.969095e+02
636.000729316717752	2.969069e+02
637.002992101190671	2.969043e+02
638.002096774484016	2.969016e+02
639.001040900436237	2.968990e+02
640.002816029723363	2.968964e+02
641.001286643090339	2.968937e+02
642.002508342155238	2.968911e+02
643.000387183283465	2.968884e+02
644.001019476991473	2.968858e+02
645.00138119775545	2.968831e+02
646.001511582870648	2.968804e+02
647.001470443425319	2.968777e+02
648.001320644557836	2.968750e+02
649.001152611644329	2.968723e+02
650.001058184863382	2.968696e+02
651.001112879885341	2.968668e+02
652.001376941501121	2.968641e+02
653.001882713741111	2.968614e+02
654.002639028376279	2.968586e+02
655.00059653067774	2.968559e+02
656.001825748615715	2.968532e+02
657.003255943966565	2.968505e+02
658.001796689725779	2.968477e+02
659.000451662621686	2.968450e+02
660.002214183532942	2.968423e+02
661.000941201797673	2.968395e+02
662.002657544463204	2.968368e+02
663.001209661177768	2.968340e+02
664.002624651474321	2.968313e+02
665.000754650585918	2.968285e+02
666.001630353567066	2.968258e+02
667.00217972459177	2.968230e+02
668.002406226015978	2.968202e+02
669.00232372110429	2.968174e+02
670.001980157356343	2.968146e+02
671.001439456151957	2.968118e+02
672.000774660785623	2.968089e+02
673.003090923646823	2.968061e+02
674.002378215482736	2.968033e+02
675.001740249950558	2.968004e+02
676.001241613566549	2.967976e+02
677.000934726724608	2.967947e+02
678.000859463897541	2.967919e+02
679.001038105607904	2.967890e+02
680.00148267492159	2.967862e+02
681.002190454100742	2.967833e+02
682.003140702194059	2.967805e+02
683.001252286197769	2.967776e+02
684.002552392043071	2.967748e+02
685.000889837356112	2.967719e+02
686.002270350528647	2.967691e+02
687.000491698132919	2.967662e+02
688.001513345133162	2.967633e+02
689.002174269811803	2.967605e+02
690.002381651788937	2.967576e+02
691.002074014340792	2.967547e+02
692.001223957157663	2.967518e+02
693.002865130120426	2.967489e+02
694.000960627566087	2.967459e+02
695.001641077637828	2.967430e+02
696.001947278799548	2.967401e+02
697.001954438943358	2.967371e+02
698.001751859282081	2.967341e+02
699.001424990838018	2.967312e+02
700.001060126672769	2.967282e+02
701.000735808054174	2.967253e+02
702.00051589429836	2.967223e+02
703.000443078107537	2.967193e+02
704.000530691453378	2.967163e+02
705.000820281969936	2.967134e+02
706.001314351650421	2.967104e+02
707.001979354264677	2.967074e+02
708.002786229473259	2.967044e+02
709.000689110405574	2.967014e+02
710.001746107919075	2.966985e+02
711.002888678424597	2.966955e+02
712.001051259757901	2.966925e+02
713.002303063747149	2.966895e+02
714.000617153685766	2.966866e+02
715.002128360187953	2.966836e+02
716.000866102343707	2.966806e+02
717.003025773334343	2.966777e+02
718.002650824618286	2.966747e+02
719.00291538587669	2.966718e+02
720.000908626739829	2.966689e+02
721.002845785912655	2.966659e+02
722.002732400403715	2.966630e+02
723.000632937977798	2.966602e+02
724.002720299904695	2.966573e+02
725.002870152834248	2.966544e+02
726.001015277557372	2.966516e+02
727.003246004096241	2.966489e+02
728.000336739341947	2.966461e+02
729.001471837233339	2.966434e+02
730.000508654512942	2.966407e+02
731.000465613191523	2.966380e+02
732.001246264715974	2.966354e+02
733.002730962938244	2.966328e+02
734.00174534823293	2.966302e+02
735.001300929002468	2.966277e+02
736.001333152989332	2.966252e+02
737.001800958035346	2.966227e+02
738.002640424345486	2.966202e+02
739.000686758884513	2.966178e+02
740.002065286095785	2.966154e+02
741.000539876149787	2.966130e+02
742.002223058589834	2.966107e+02
743.000869168341183	2.966084e+02
744.002620836175197	2.966061e+02
745.001276077878742	2.966038e+02
746.002998977686957	2.966016e+02
747.001565474570953	2.965994e+02
748.00308865028444	2.965972e+02
749.001316310788638	2.965950e+02
750.002377542097747	2.965929e+02
751.003147564523601	2.965908e+02
752.000600879765443	2.965887e+02
753.000998043582513	2.965866e+02
754.001200174667588	2.965846e+02
755.001352950524165	2.965826e+02
756.001519259219776	2.965806e+02
757.00172760349335	2.965786e+02
758.002069777718816	2.965767e+02
759.002597394304416	2.965747e+02
760.00332598021032	2.965728e+02
761.001128165737668	2.965709e+02
762.00211738048813	2.965690e+02
763.003184695211871	2.965672e+02
764.00122567358676	2.965653e+02
765.002339892151554	2.965635e+02
766.003341425051531	2.965617e+02
767.00113330953161	2.965599e+02
768.001963746901197	2.965582e+02
769.002814879129232	2.965565e+02
770.000695695723266	2.965548e+02
771.001908310314093	2.965531e+02
772.000451383534937	2.965514e+02
773.002701190260268	2.965498e+02
774.002642122073894	2.965482e+02
775.000355659727234	2.965467e+02
776.002046585157245	2.965451e+02
777.001522955016981	2.965436e+02
778.00180349698212	2.965421e+02
779.002771984601395	2.965406e+02
780.001185110501751	2.965391e+02
781.00319743229079	2.965376e+02
782.002232213636148	2.965362e+02
783.001188886448972	2.965348e+02
784.003255546205992	2.965335e+02
785.002219793728614	2.965322e+02
786.001158568383971	2.965309e+02
787.003316917500229	2.965297e+02
788.002704594378315	2.965285e+02
789.00271448426497	2.965273e+02
790.000500667548181	2.965262e+02
791.002500263538991	2.965250e+02
792.002725685865471	2.965240e+02
793.00105867474349	2.965229e+02
794.003231696071794	2.965219e+02
795.00217995913124	2.965209e+02
796.00084706608186	2.965199e+02
797.002306898335519	2.965189e+02
798.002927238574671	2.965179e+02
799.002243828781616	2.965170e+02
800.003054315067516	2.965161e+02
801.002460660682232	2.965153e+02
802.000892962395938	2.965145e+02
803.001934847738767	2.965137e+02
804.003169944647311	2.965130e+02
805.002388934436453	2.965123e+02
806.003234727337826	2.965116e+02
807.002545599438463	2.965109e+02
808.003073222708849	2.965103e+02
809.000874104377317	2.965097e+02
810.001438329710822	2.965090e+02
811.000724192746475	2.965084e+02
812.001811350291405	2.965078e+02
813.001584911601981	2.965073e+02
814.002908985482577	2.965068e+02
815.002191484871446	2.965063e+02
816.002314479856636	2.965058e+02
817.00332833277696	2.965054e+02
818.002529831151037	2.965050e+02
819.001131780883725	2.965047e+02
820.000523859089185	2.965043e+02
821.001869303840294	2.965041e+02
822.002868431506272	2.965038e+02
823.000411490107126	2.965036e+02
824.0028538801796	2.965034e+02
825.002461246023586	2.965032e+02
826.001435673517904	2.965031e+02
827.002208727034031	2.965030e+02
828.001445324308861	2.965030e+02
829.002390080048144	2.965030e+02
830.002148734814114	2.965032e+02
831.000826182495416	2.965032e+02
832.001537229391602	2.965035e+02
833.001216019813	2.965039e+02
834.003190917930056	2.965043e+02
835.001989395335613	2.965048e+02
836.001743286915143	2.965053e+02
837.003373107716243	2.965058e+02
838.001002093433044	2.965064e+02
839.003459987333031	2.965070e+02
840.003430713911143	2.965075e+02
841.002418159342483	2.965081e+02
842.002211870593328	2.965087e+02
843.002180008750088	2.965093e+02
844.002438068635001	2.965099e+02
845.000793011167275	2.965106e+02
846.001309028500827	2.965113e+02
847.001631061249782	2.965121e+02
848.002215147460333	2.965129e+02
849.003267428542358	2.965138e+02
850.001817454202637	2.965147e+02
851.001087014212658	2.965156e+02
852.001262110688685	2.965166e+02
853.002413633490278	2.965176e+02
854.001328301809053	2.965187e+02
855.000761102739261	2.965197e+02
856.003344428627656	2.965208e+02
857.002309889664502	2.965219e+02
858.003216664270326	2.965231e+02
859.002624830092486	2.965242e+02
860.003605980601151	2.965254e+02
861.003401344148756	2.965266e+02
862.002563094513675	2.965279e+02
863.001530872641638	2.965292e+02
864.000700317348105	2.965305e+02
865.003313293546512	2.965319e+02
866.003356767872106	2.965333e+02
867.001023012084943	2.965348e+02
868.002636928759898	2.965363e+02
869.002242569296186	2.965378e+02
870.003085279427523	2.965394e+02
871.002109939725756	2.965410e+02
872.002160178441727	2.965427e+02
873.003025472852869	2.965444e+02
874.001489297933631	2.965462e+02
875.000624780896374	2.965480e+02
876.003448335902476	2.965498e+02
877.000696348402357	2.965517e+02
878.001714670755291	2.965536e+02
879.003434283216393	2.965555e+02
880.002683283840497	2.965575e+02
881.002490690940817	2.965595e+02
882.002786256044601	2.965616e+02
883.003502278200585	2.965637e+02
884.001434395993442	2.965658e+02
885.002711487432975	2.965680e+02
886.001032033246247	2.965702e+02
887.002544366582015	2.965725e+02
888.000944684132151	2.965748e+02
889.002396342678708	2.965771e+02
890.000618753914978	2.965794e+02
891.001783740825772	2.965819e+02
892.002770345493445	2.965843e+02
893.003675833668353	2.965868e+02
894.001387629840451	2.965893e+02
895.002060431334485	2.965919e+02
896.002626559788951	2.965946e+02
897.003166886834492	2.965973e+02
898.000697706219171	2.966001e+02
899.001597351107762	2.966030e+02
900.002855969314737	2.966060e+02
901.001417901727336	2.966091e+02
902.003387976814906	2.966122e+02
903.002316322866591	2.966154e+02
904.001083601684854	2.966186e+02
905.002646265454587	2.966218e+02
906.000680212167936	2.966250e+02
907.001284912299752	2.966282e+02
908.001389247912471	2.966314e+02
909.001035666576286	2.966346e+02
910.00327538986312	2.966377e+02
911.001875765191471	2.966408e+02
912.003106307705366	2.966439e+02
913.000856243580415	2.966471e+02
914.001473897186202	2.966502e+02
915.00197038977285	2.966533e+02
916.002480088463585	2.966564e+02
917.003175418013939	2.966596e+02
918.001154978512773	2.966627e+02
919.002780890790973	2.966659e+02
920.001970839005253	2.966691e+02
921.001792662861931	2.966724e+02
922.002242431891887	2.966756e+02
923.003325705800194	2.966790e+02
924.001889872689617	2.966823e+02
925.001010606068576	2.966857e+02
926.000614798014226	2.966892e+02
927.000610025928495	2.966926e+02
928.000912361917699	2.966962e+02
929.001423428644671	2.966997e+02
930.002075741685417	2.967033e+02
931.002801925375252	2.967070e+02
932.003559277147474	2.967107e+02
933.001189073474279	2.967144e+02
934.001916790502491	2.967181e+02
935.002605100673236	2.967219e+02
936.003245199902494	2.967257e+02
937.00073060252646	2.967295e+02
938.001305644134959	2.967333e+02
939.001860198591544	2.967372e+02
940.00239790379112	2.967411e+02
941.003049203138858	2.967450e+02
942.000721987728298	2.967489e+02
943.001717169443396	2.967529e+02
944.002980690410936	2.967568e+02
945.001446472388579	2.967608e+02
946.003373417922489	2.967649e+02
947.002540953530684	2.967689e+02
948.002102592354845	2.967729e+02
949.002085356271095	2.967770e+02
950.002506467018065	2.967810e+02
951.003348779662474	2.967851e+02
952.001454481089013	2.967891e+02
953.003035563060052	2.967932e+02
954.001730198534233	2.967973e+02
955.003686949937446	2.968013e+02
956.002527129743498	2.968054e+02
957.001277627833247	2.968094e+02
958.003006250370163	2.968134e+02
959.001414720833282	2.968174e+02
960.002803195521778	2.968214e+02
961.001021846665139	2.968254e+02
962.002396634821707	2.968294e+02
963.00066032161385	2.968334e+02
964.00202709809605	2.968373e+02
965.003277973423337	2.968413e+02
966.001226084614359	2.968452e+02
967.002191498685875	2.968491e+02
968.00304776235032	2.968530e+02
969.000721119208606	2.968569e+02
970.001393141118115	2.968608e+02
971.001882935806634	2.968646e+02
972.002177684074468	2.968684e+02
973.002301748764921	2.968722e+02
974.002370078503645	2.968759e+02
975.002394930143168	2.968796e+02
976.002339167009836	2.968833e+02
977.002162507659023	2.968869e+02
978.001813482118337	2.968905e+02
979.001134422533028	2.968941e+02
980.002919554395476	2.968976e+02
981.000606961811854	2.969011e+02
982.003505913686126	2.969046e+02
983.00181791128216	2.969081e+02
984.001349058570895	2.969115e+02
985.001602347983066	2.969150e+02
986.002470564833857	2.969184e+02
987.000854537495456	2.969218e+02
988.003032825013292	2.969252e+02
989.003063535239562	2.969285e+02
990.001434922612702	2.969319e+02
991.002391267030021	2.969353e+02
992.001546036526861	2.969386e+02
993.003297990259057	2.969419e+02
994.00201125158344	2.969452e+02
995.000691297246362	2.969484e+02
996.001783873725685	2.969517e+02
997.00140547548267	2.969548e+02
998.002432190761056	2.969580e+02
999.001687154285605	2.969610e+02
1000.00191621844351	2.969641e+02
1001.00283189907373	2.969670e+02
1002.00060388718168	2.969699e+02
1003.00081186425382	2.969728e+02
1004.00252417798117	2.969757e+02
1005.00197307532119	2.969784e+02
1006.00075950683595	2.969812e+02
1007.00257699695862	2.969839e+02
1008.00208667019081	2.969866e+02
1009.00251180237444	2.969893e+02
1010.00209634665237	2.969919e+02
1011.0012146989867	2.969946e+02
1012.00295841949662	2.969972e+02
1013.00319330624734	2.969998e+02
1014.00212498686972	2.970023e+02
1015.00296820055405	2.970049e+02
1016.00117863217952	2.970073e+02
1017.00253498261316	2.970098e+02
1018.0023968299779	2.970122e+02
1019.00277463253872	2.970146e+02
1020.00328151949839	2.970169e+02
1021.00359621137147	2.970191e+02
1022.00065885893866	2.970213e+02
1023.00065962189831	2.970234e+02
1024.00337906745654	2.970255e+02
1025.00245098171422	2.970275e+02
1026.00099754655275	2.970295e+02
1027.00240880945535	2.970315e+02
1028.00093163717361	2.970334e+02
1029.0029782870879	2.970354e+02
1030.00199114087263	2.970373e+02
1031.00065986500931	2.970392e+02
1032.00167760391946	2.970410e+02
1033.00174998570446	2.970429e+02
1034.00084892145287	2.970447e+02
1035.00166781321877	2.970466e+02
1036.00061858511458	2.970484e+02
1037.00066365714815	2.970502e+02
1038.00180786644819	2.970519e+02
1039.00088449431564	2.970536e+02
1040.00190462194496	2.970553e+02
1041.00265596289796	2.970570e+02
1042.00276474491579	2.970586e+02
1043.00286109343847	2.970602e+02
1044.00324138574661	2.970618e+02
1045.00083097906645	2.970633e+02
1046.00168551085881	2.970648e+02
1047.00277533897156	2.970662e+02
1048.00114866976378	2.970676e+02
1049.00306622568951	2.970690e+02
1050.00261191299478	2.970703e+02
1051.00302679643278	2.970717e+02
1052.00144633879745	2.970730e+02
1053.00104129627948	2.970743e+02
1054.00193152559746	2.970755e+02
1055.00125293848373	2.970768e+02
1056.00224356380886	2.970780e+02
1057.00187428441404	2.970793e+02
1058.0032167981733	2.970805e+02
1059.00314326797388	2.970817e+02
1060.00148889931256	2.970829e+02
1061.00115079236502	2.970841e+02
1062.00203217138846	2.970854e+02
1063.00087622301794	2.970866e+02
1064.00060583232221	2.970878e+02
1065.00093279664611	2.970890e+02
1066.00144327211069	2.970902e+02
1067.00218413223001	2.970914e+02
1068.00321772613734	2.970926e+02
1069.00187367949184	2.970938e+02
1070.00136163854336	2.970950e+02
1071.00160695590216	2.970962e+02
1072.00222106736942	2.970974e+02
1073.0030740719958	2.970985e+02
1074.00081942805468	2.970996e+02
1075.00137749029136	2.971007e+02
1076.00123372679377	2.971018e+02
1077.00287537065196	2.971029e+02
1078.00280081775941	2.971039e+02
1079.00093008910721	2.971049e+02
1080.00359652320731	2.971058e+02
1081.00199965798129	2.971068e+02
1082.00262678815807	2.971077e+02
1083.00197015411413	2.971086e+02
1084.00292111491922	2.971095e+02
1085.00251687526088	2.971104e+02
1086.00365577125194	2.971112e+02
1087.00276381062008	2.971120e+02
1088.00317467786635	2.971128e+02
1089.00217315374175	2.971136e+02
1090.00254347695818	2.971143e+02
1091.00146032995144	2.971150e+02
1092.00248189416448	2.971157e+02
1093.00270323251561	2.971164e+02
1094.00217950696606	2.971171e+02
1095.00108542190901	2.971177e+02
1096.00277240942069	2.971183e+02
1097.00149399889119	2.971188e+02
1098.00353891054647	2.971193e+02
1099.00302191591936	2.971198e+02
1100.0031924190971	2.971203e+02
1101.00109745446525	2.971207e+02
1102.00286802815162	2.971210e+02
1103.00248288825378	2.971214e+02
1104.00305595550117	2.971217e+02
1105.00167125263692	2.971220e+02
1106.00152244537389	2.971223e+02
1107.00266469433018	2.971226e+02
1108.00198836199661	2.971229e+02
1109.00259152205967	2.971232e+02
1110.00153548380604	2.971235e+02
1111.00199315118766	2.971238e+02
1112.00095412280803	2.971241e+02
1113.00144647627758	2.971245e+02
1114.00321738316802	2.971249e+02
1115.00281805293412	2.971253e+02
1116.0030004020764	2.971257e+02
1117.00355126839895	2.971262e+02
1118.00124104842143	2.971267e+02
1119.00226512305744	2.971272e+02
1120.00353760410917	2.971277e+02
1121.00201785298987	2.971283e+02
1122.0011085931576	2.971289e+02
1123.00117707106097	2.971295e+02
1124.0023207125937	2.971301e+02
1125.00122336093455	2.971308e+02
1126.0010339667167	2.971314e+02
1127.00119409088825	2.971320e+02
1128.00128602517543	2.971325e+02
1129.00097606657323	2.971331e+02
1130.00296087266065	2.971336e+02
1131.00068469384269	2.971342e+02
1132.00353442203345	2.971347e+02
1133.00230264653305	2.971352e+02
1134.0032191951218	2.971357e+02
1135.00292357143826	2.971362e+02
1136.00091115487339	2.971366e+02
1137.00315468552481	2.971370e+02
1138.00368047654115	2.971374e+02
1139.00235212617667	2.971378e+02
1140.00174708524287	2.971382e+02
1141.00222323411344	2.971385e+02
1142.00108465925746	2.971387e+02
1143.00108849110256	2.971390e+02
1144.00231917779547	2.971392e+02
1145.00253810075151	2.971394e+02
1146.00212111376413	2.971395e+02
1147.0010639804284	2.971396e+02
1148.00248395979088	2.971397e+02
1149.003542847061	2.971398e+02
1150.00139747334129	2.971399e+02
1151.00227599465074	2.971399e+02
1152.00332508641986	2.971399e+02
1153.00168243054554	2.971399e+02
1154.00362871657353	2.971398e+02
1155.00332027127797	2.971397e+02
1156.00107327869637	2.971396e+02
1157.0032678751752	2.971395e+02
1158.00095697716938	2.971393e+02
1159.00335660156429	2.971392e+02
1160.00128274393228	2.971390e+02
1161.00078793375565	2.971388e+02
1162.00177389930991	2.971387e+02
1163.00098567039231	2.971385e+02
1164.00137695473927	2.971384e+02
1165.00286944905429	2.971383e+02
1166.00224419822075	2.971382e+02
1167.00241918760707	2.971381e+02
1168.00323785585783	2.971381e+02
1169.00142172365622	2.971381e+02
1170.00296257835225	2.971381e+02
1171.001606486735	2.971382e+02
1172.00357566451453	2.971383e+02
1173.00270083673126	2.971384e+02
1174.00217272518557	2.971385e+02
1175.00205894705596	2.971387e+02
1176.00233346166169	2.971389e+02
1177.00299861621215	2.971391e+02
1178.0009561678703	2.971393e+02
1179.00201861725213	2.971395e+02
1180.00288363106847	2.971397e+02
1181.00359969509759	2.971399e+02
1182.00103020561369	2.971401e+02
1183.0010916865524	2.971402e+02
1184.00352355331461	2.971404e+02
1185.00212691140177	2.971405e+02
1186.00300845853417	2.971407e+02
1187.00295711337139	2.971408e+02
1188.00187670941614	2.971409e+02
1189.00258311722541	2.971410e+02
1190.00196181417209	2.971411e+02
1191.00311147502998	2.971411e+02
1192.00261066275289	2.971412e+02
1193.00064068766937	2.971411e+02
1194.00351959772865	2.971411e+02
1195.00200390774626	2.971410e+02
1196.00243809158633	2.971409e+02
1197.00195970407276	2.971408e+02
1198.00063957228076	2.971406e+02
1199.00160518941925	2.971404e+02
1200.0019123340328	2.971401e+02
1201.00168806618035	2.971398e+02
1202.00106546407892	2.971395e+02
1203.00326046632472	2.971392e+02
1204.00237618102801	2.971388e+02
1205.00162912116275	2.971384e+02
1206.00117266224788	2.971380e+02
1207.00117448764058	2.971375e+02
1208.00177592148657	2.971371e+02
1209.00314783225804	2.971366e+02
1210.00239711768268	2.971361e+02
1211.00265215883019	2.971356e+02
1212.00091579651962	2.971350e+02
1213.00331445207576	2.971345e+02
1214.00063827818849	2.971340e+02
1215.00200968644117	2.971334e+02
1216.00126139443796	2.971329e+02
1217.00139976545302	2.971324e+02
1218.00241695211139	2.971319e+02
1219.00120945597178	2.971315e+02
1220.0007974415762	2.971310e+02
1221.00112059544654	2.971306e+02
1222.00213990125189	2.971303e+02
1223.00069109094329	2.971299e+02
1224.00290525209334	2.971296e+02
1225.00255491272264	2.971293e+02
1226.00265594700386	2.971291e+02
1227.00309989418633	2.971288e+02
1228.0007109800124	2.971286e+02
1229.00160011516573	2.971284e+02
1230.00263467724221	2.971282e+02
1231.00064014976124	2.971280e+02
1232.00175246546769	2.971279e+02
1233.00274199274509	2.971277e+02
1234.00333178096707	2.971275e+02
1235.00351195044664	2.971273e+02
1236.00320585967256	2.971271e+02
1237.00207854941004	2.971269e+02
1238.00312423186483	2.971266e+02
1239.00338274042451	2.971264e+02
1240.00267015170539	2.971261e+02
1241.00090016009699	2.971259e+02
1242.00126556276314	2.971256e+02
1243.0006845139676	2.971252e+02
1244.00209321936336	2.971249e+02
1245.00254213314929	2.971245e+02
1246.00217798483459	2.971241e+02
1247.00104666955463	2.971236e+02
1248.00228742789795	2.971232e+02
1249.00288841123574	2.971227e+02
1250.0028967628532	2.971221e+02
1251.00238360077242	2.971216e+02
1252.00143264380563	2.971210e+02
1253.00319440550561	2.971204e+02
1254.00174674463437	2.971198e+02
1255.00333755618612	2.971191e+02
1256.00203002526791	2.971185e+02
1257.00097717459221	2.971178e+02
1258.00329434903028	2.971171e+02
1259.00290305328667	2.971164e+02
1260.00282115730374	2.971156e+02
1261.00301168135275	2.971149e+02
1262.00345319438088	2.971142e+02
1263.00109679267553	2.971134e+02
1264.0020548635232	2.971127e+02
1265.00328468526914	2.971119e+02
1266.00174298433967	2.971112e+02
1267.00354997661884	2.971104e+02
1268.0026355151133	2.971097e+02
1269.00211340494366	2.971089e+02
1270.00204522820786	2.971082e+02
1271.00248721946105	2.971075e+02
1272.00347928389419	2.971068e+02
1273.00197339832357	2.971061e+02
1274.00101360656322	2.971054e+02
1275.00362109004368	2.971047e+02
1276.00359814431863	2.971040e+02
1277.00090129440514	2.971034e+02
1278.00161353703334	2.971027e+02
1279.00260305920915	2.971021e+02
1280.00072735165554	2.971014e+02
1281.0020570931888	2.971008e+02
1282.00344082013567	2.971002e+02
1283.00173757114885	2.970996e+02
1284.00303764594969	2.970990e+02
1285.00115226367916	2.970984e+02
1286.00218653030902	2.970978e+02
1287.0030455113681	2.970971e+02
1288.00062602796197	2.970965e+02
1289.00102555618514	2.970959e+02
1290.00112903866011	2.970952e+02
1291.00088451929514	2.970946e+02
1292.00332108810676	2.970939e+02
1293.00229501269087	2.970932e+02
1294.00087589852023	2.970925e+02
1295.00214567761441	2.970917e+02
1296.0030674836089	2.970910e+02
1297.00366414399173	2.970902e+02
1298.00087852416709	2.970894e+02
1299.00081143756097	2.970886e+02
1300.0034516939636	2.970878e+02
1301.00271239993072	2.970869e+02
1302.00170446709581	2.970861e+02
1303.0035410008536	2.970852e+02
1304.00216599935015	2.970843e+02
1305.00067009892541	2.970834e+02
1306.00212978635614	2.970825e+02
1307.00349722801707	2.970816e+02
1308.00170533044843	2.970806e+02
1309.00284857092697	2.970797e+02
1310.00084533561244	2.970788e+02
1311.00183782284716	2.970778e+02
1312.00279862538105	2.970769e+02
1313.00069894050966	2.970759e+02
1314.00166128152341	2.970750e+02
1315.00264383461899	2.970740e+02
1316.00366131758324	2.970730e+02
1317.00170711419946	2.970721e+02
1318.00295712115008	2.970711e+02
1319.00139233313234	2.970701e+02
1320.00319358407683	2.970691e+02
1321.00230073243006	2.970681e+02
1322.00178526452805	2.970671e+02
1323.00162006283858	2.970661e+02
1324.00174617598395	2.970651e+02
1325.00209588041912	2.970640e+02
1326.00259915964421	2.970630e+02
1327.00319460973765	2.970620e+02
1328.00077167162044	2.970610e+02
1329.00141830739926	2.970600e+02
1330.00204420772502	2.970590e+02
1331.00260995896133	2.970580e+02
1332.00309060385393	2.970570e+02
1333.00347844149155	2.970560e+02
1334.00070045846223	2.970550e+02
1335.00085703453851	2.970539e+02
1336.00086354673817	2.970529e+02
1337.00070474386848	2.970519e+02
1338.00343152683786	2.970509e+02
1339.00292604516267	2.970498e+02
1340.00225510558948	2.970488e+02
1341.00143836314805	2.970477e+02
1342.00357123624349	2.970466e+02
1343.00258707247099	2.970455e+02
1344.00158008778976	2.970444e+02
1345.00363817476978	2.970433e+02
1346.0026819673767	2.970421e+02
1347.00180644403531	2.970410e+02
1348.00102857184424	2.970398e+02
1349.0033742662531	2.970387e+02
1350.00267565558079	2.970375e+02
1351.00193084410193	2.970363e+02
1352.00110401353822	2.970351e+02
1353.00322724564353	2.970339e+02
1354.00218551070725	2.970327e+02
1355.00103612062799	2.970315e+02
1356.00282631254231	2.970303e+02
1357.00142712828733	2.970290e+02
1358.00291292236511	2.970278e+02
1359.00113990459568	2.970266e+02
1360.0021808246197	2.970254e+02
1361.00294978367424	2.970241e+02
1362.00342600397312	2.970229e+02
1363.0036045651143	2.970216e+02
1364.00350849888059	2.970204e+02
1365.00317808824957	2.970191e+02
1366.00266619151557	2.970178e+02
1367.00205399018932	2.970165e+02
1368.00143727348313	2.970152e+02
1369.00093168259605	2.970138e+02
1370.00063786166652	2.970125e+02
1371.00064660017574	2.970111e+02
1372.00100430709335	2.970098e+02
1373.00171642747978	2.970084e+02
1374.00274184821615	2.970070e+02
1375.00094998827603	2.970057e+02
1376.00235937718708	2.970043e+02
1377.00080708132191	2.970029e+02
1378.0023728861479	2.970015e+02
1379.00090899188513	2.970001e+02
1380.00247872082537	2.969988e+02
1381.00093660058883	2.969974e+02
1382.00234978134222	2.969960e+02
1383.00362867410945	2.969946e+02
1384.00167909357242	2.969932e+02
1385.0025561302873	2.969918e+02
1386.00315765439154	2.969905e+02
1387.00343849746673	2.969890e+02
1388.00338931892452	2.969876e+02
1389.00302618658293	2.969862e+02
1390.00237815881269	2.969848e+02
1391.00149667386108	2.969833e+02
1392.00350421821963	2.969818e+02
1393.00242356000808	2.969804e+02
1394.00141165073865	2.969789e+02
1395.00360389250545	2.969773e+02
1396.0030104186294	2.969758e+02
1397.00272444664233	2.969743e+02
1398.00275549932553	2.969728e+02
1399.0030576059803	2.969712e+02
1400.00356804190551	2.969697e+02
1401.00119184759842	2.969682e+02
1402.00199200620114	2.969666e+02
1403.00286905098119	2.969651e+02
1404.0007248466884	2.969635e+02
1405.00163300228064	2.969620e+02
1406.00251314985144	2.969604e+02
1407.00331111525043	2.969589e+02
1408.00089432518439	2.969573e+02
1409.00128693362558	2.969558e+02
1410.00137202566589	2.969542e+02
1411.00110867674016	2.969526e+02
1412.00350878135782	2.969510e+02
1413.00245283602317	2.969494e+02
1414.00099298750865	2.969478e+02
1415.00220001174694	2.969462e+02
1416.00309005621421	2.969445e+02
1417.00071316300159	2.969429e+02
1418.00124818849804	2.969412e+02
1419.0017872711901	2.969395e+02
1420.00247184709769	2.969378e+02
1421.00341410397618	2.969361e+02
1422.00163579234891	2.969344e+02
1423.0032479400204	2.969327e+02
1424.00215307778058	2.969310e+02
1425.00137970816127	2.969293e+02
1426.00089530811442	2.969276e+02
1427.00064991867043	2.969259e+02
1428.00365981219284	2.969241e+02
1429.00074519010877	2.969224e+02
1430.00099643469116	2.969207e+02
1431.00127381732796	2.969190e+02
1432.00146880544798	2.969173e+02
1433.00149077475885	2.969155e+02
1434.00125314283105	2.969138e+02
1435.00068860437	2.969121e+02
1436.00278678220388	2.969103e+02
1437.00141213202573	2.969085e+02
1438.00263375981967	2.969068e+02
1439.00343054000655	2.969050e+02
1440.00080488475442	2.969032e+02
1441.00089392872019	2.969014e+02
1442.00077379568984	2.968995e+02
1443.00360757870385	2.968977e+02
1444.00344065363515	2.968958e+02
1445.00342619655476	2.968940e+02
1446.00363846117762	2.968921e+02
1447.00109390545231	2.968902e+02
1448.00191401715415	2.968884e+02
1449.00307917558325	2.968865e+02
1450.00155471456719	2.968846e+02
1451.00343791299292	2.968828e+02
1452.00261787581371	2.968809e+02
1453.00209784716662	2.968790e+02
1454.00180624566656	2.968771e+02
1455.00163550735965	2.968752e+02
1456.00147613445006	2.968734e+02
1457.00122286215469	2.968715e+02
1458.00076963074184	2.968696e+02
1459.00304483395394	2.968677e+02
1460.00185885875794	2.968658e+02
1461.00324891293303	2.968638e+02
1462.00110493872512	2.968619e+02
1463.0015413844701	2.968599e+02
1464.00158639062693	2.968580e+02
1465.00134185743264	2.968560e+02
1466.00090990078661	2.968540e+02
1467.00343581382072	2.968520e+02
1468.00296741374495	2.968500e+02
1469.00265284729312	2.968480e+02
1470.00257467218307	2.968459e+02
1471.00280367721393	2.968439e+02
1472.00339836944954	2.968419e+02
1473.00136392558784	2.968399e+02
1474.00281384657092	2.968379e+02
1475.00164391338626	2.968358e+02
1476.00087252008325	2.968338e+02
1477.00350732529773	2.968318e+02
1478.0033772732445	2.968298e+02
1479.00345240542651	2.968277e+02
1480.00361523244828	2.968257e+02
1481.0006711607225	2.968237e+02
1482.00360639764881	2.968216e+02
1483.00314984313013	2.968196e+02
1484.00222287391557	2.968175e+02
1485.00363745553295	2.968154e+02
1486.00122717275303	2.968133e+02
1487.00112365043037	2.968112e+02
1488.00356804256126	2.968091e+02
1489.00274221563905	2.968069e+02
1490.00181184958319	2.968048e+02
1491.0010149743996	2.968026e+02
1492.00348766740217	2.968005e+02
1493.00323522623967	2.967983e+02
1494.0033571272063	2.967961e+02
1495.0008592632505	2.967939e+02
1496.00185638584139	2.967917e+02
1497.00334171162581	2.967896e+02
1498.00229149826055	2.967874e+02
1499.00174715104299	2.967852e+02
1500.00166522032123	2.967830e+02
1501.00199420837816	2.967808e+02
1502.0026867350723	2.967787e+02
1503.00364695537041	2.967765e+02
1504.00177401667042	2.967743e+02
1505.00305731152707	2.967721e+02
1506.00116140201408	2.967700e+02
1507.00181787812926	2.967678e+02
1508.00182088515544	2.967655e+02
1509.00120139123533	2.967633e+02
1510.00295682042201	2.967611e+02
1511.00090190988612	2.967588e+02
1512.00144533981188	2.967565e+02
1513.00169961610504	2.967542e+02
1514.00184442329078	2.967519e+02
1515.00217203386751	2.967496e+02
1516.00283876818389	2.967473e+02
1517.0009337450474	2.967449e+02
1518.00275536922641	2.967426e+02
1519.00219913728961	2.967402e+02
1520.00215539635496	2.967379e+02
1521.0026336415167	2.967355e+02
1522.000646345733	2.967332e+02
1523.00242420307745	2.967308e+02
1524.00185530697945	2.967285e+02
1525.00173138095556	2.967261e+02
1526.00191836386875	2.967238e+02
1527.00243471291992	2.967214e+02
1528.00297362864239	2.967191e+02
1529.00330083529411	2.967167e+02
1530.00342087490503	2.967144e+02
1531.0034259547142	2.967120e+02
1532.00322022526166	2.967096e+02
1533.00274839256576	2.967073e+02
1534.00203966983509	2.967049e+02
1535.00103996325265	2.967025e+02
1536.00291842571664	2.967000e+02
1537.00177892778242	2.966976e+02
1538.00072730914803	2.966951e+02
1539.00285440731363	2.966926e+02
1540.00224901025945	2.966901e+02
1541.00215774338949	2.966876e+02
1542.00258653157152	2.966851e+02
1543.00355791091579	2.966826e+02
1544.00209963221664	2.966801e+02
1545.00130387957211	2.966775e+02
1546.0011515456531	2.966750e+02
1547.00159667572439	2.966725e+02
1548.0025481711275	2.966699e+02
1549.00091706657599	2.966674e+02
1550.00291196631406	2.966649e+02
1551.00234016247055	2.966623e+02
1552.00208698386723	2.966598e+02
1553.00205936346856	2.966573e+02
1554.00219262175415	2.966547e+02
1555.00237713282036	2.966522e+02
1556.00251538357293	2.966496e+02
1557.00250595693774	2.966471e+02
1558.00225915078454	2.966445e+02
1559.00170665422456	2.966420e+02
1560.00082163290335	2.966394e+02
1561.00263421750606	2.966368e+02
1562.0008923382909	2.966342e+02
1563.00172484606446	2.966316e+02
1564.0020521210954	2.966290e+02
1565.00185953810228	2.966264e+02
1566.00114200794587	2.966237e+02
1567.00296547361745	2.966211e+02
1568.00121382075986	2.966185e+02
1569.00206302013748	2.966159e+02
1570.00246431923733	2.966132e+02
1571.00250210289505	2.966106e+02
1572.00225702264993	2.966080e+02
1573.0018010775259	2.966053e+02
1574.00119828306015	2.966027e+02
1575.00356505411833	2.965998e+02
1576.00281768640889	2.965972e+02
1577.00198042827992	2.965946e+02
1578.0009952948119	2.965919e+02
1579.00293389023659	2.965893e+02
1580.00170651380608	2.965866e+02
1581.00322876968607	2.965840e+02
1582.0013346988892	2.965813e+02
1583.00222220974592	2.965787e+02
1584.00282434830228	2.965760e+02
1585.00302888436408	2.965734e+02
1586.00277386154789	2.965708e+02
1587.00206203999414	2.965681e+02
1588.00394498484548	2.965655e+02
1589.0024127783181	2.965629e+02
1590.00365377975504	2.965603e+02
1591.0015967088666	2.965576e+02
1592.00228020421105	2.965550e+02
1593.00264353590092	2.965524e+02
1594.00269172294952	2.965498e+02
1595.00242390175799	2.965472e+02
1596.00184248690766	2.965446e+02
1597.00398228362519	2.965419e+02
1598.00276443827534	2.965393e+02
1599.00122129079546	2.965368e+02
1600.00237763441646	2.965342e+02
1601.00319821667131	2.965316e+02
1602.00370571700819	2.965290e+02
1603.00390245248127	2.965264e+02
1604.00376521223802	2.965239e+02
1605.00329206165566	2.965213e+02
1606.0025159845834	2.965188e+02
1607.00148172239324	2.965163e+02
1608.00327332476832	2.965138e+02
1609.00191758397523	2.965113e+02
1610.00354424381044	2.965088e+02
1611.00218322110459	2.965064e+02
1612.00397723646097	2.965040e+02
1613.00296800290789	2.965016e+02
1614.00228060299787	2.964992e+02
1615.00204185197776	2.964968e+02
1616.00238411944338	2.964945e+02
1617.00348408325544	2.964922e+02
1618.00256218014829	2.964899e+02
1619.00297204431899	2.964876e+02
1620.00195847478562	2.964854e+02
1621.00284668586892	2.964832e+02
1622.00292210598741	2.964811e+02
1623.00249223689821	2.964790e+02
1624.00162792642141	2.964769e+02
1625.00331795595275	2.964749e+02
1626.00101595508772	2.964730e+02
1627.00373509303722	2.964711e+02
1628.00217502124588	2.964693e+02
1629.00238940534973	2.964675e+02
1630.00111946785728	2.964658e+02
1631.00118910473589	2.964642e+02
1632.00215569341935	2.964626e+02
1633.00384722930471	2.964610e+02
1634.00236622895659	2.964596e+02
1635.00294861513839	2.964581e+02
1636.00203598802341	2.964567e+02
1637.00342781247582	2.964553e+02
1638.00210091305712	2.964540e+02
1639.00135665298194	2.964527e+02
1640.00099522822552	2.964514e+02
1641.00387698027021	2.964502e+02
1642.00097826438855	2.964489e+02
1643.00195755298591	2.964477e+02
1644.00395274828406	2.964465e+02
1645.00398819461816	2.964453e+02
1646.00106092622764	2.964441e+02
1647.00309248095118	2.964430e+02
1648.00255703067205	2.964418e+02
1649.00166774862464	2.964408e+02
1650.00360828671614	2.964398e+02
1651.00331065691239	2.964388e+02
1652.00215795380905	2.964379e+02
1653.0039233001005	2.964370e+02
1654.00234101480578	2.964362e+02
1655.00395164799966	2.964354e+02
1656.0035423930683	2.964347e+02
1657.00203373062118	2.964339e+02
1658.00347566025425	2.964332e+02
1659.00216409111704	2.964325e+02
1660.00377600459842	2.964318e+02
1661.00361077856314	2.964311e+02
1662.0026077001155	2.964305e+02
1663.00276534592967	2.964298e+02
1664.00383138604229	2.964293e+02
1665.00272686986568	2.964287e+02
1666.00264821346968	2.964282e+02
1667.0035509231202	2.964278e+02
1668.0029224684265	2.964274e+02
1669.00189978269486	2.964271e+02
1670.00194063693607	2.964268e+02
1671.00150594967954	2.964266e+02
1672.00180495243126	2.964264e+02
1673.00320326782412	2.964263e+02
1674.00208398469454	2.964261e+02
1675.00098817245271	2.964260e+02
1676.00268078651015	2.964259e+02
1677.00250748766894	2.964258e+02
1678.00181110628773	2.964257e+02
1679.00150702979181	2.964255e+02
1680.00173058618043	2.964254e+02
1681.00294975292104	2.964253e+02
1682.00206581566113	2.964253e+02
1683.00165939570638	2.964252e+02
1684.00107164544443	2.964253e+02
1685.00323089769927	2.964253e+02
1686.00305104409495	2.964254e+02
1687.00280335939669	2.964256e+02
1688.0020253592661	2.964257e+02
1689.00248021049606	2.964259e+02
1690.00131293622144	2.964261e+02
1691.00093711928207	2.964263e+02
1692.00326207874468	2.964265e+02
1693.00387138486099	2.964266e+02
1694.00146745727125	2.964267e+02
1695.00103530651518	2.964268e+02
1696.0017959438635	2.964269e+02
1697.00362051483353	2.964271e+02
1698.00378261443166	2.964273e+02
1699.00279691420747	2.964276e+02
1700.00395983445355	2.964280e+02
1701.00094743687714	2.964285e+02
1702.00282607096915	2.964291e+02
1703.00394802378582	2.964298e+02
1704.00196145786344	2.964305e+02
1705.00384705698298	2.964313e+02
1706.00120037687657	2.964322e+02
1707.00102988355616	2.964330e+02
1708.00358956172022	2.964338e+02
1709.00175125395162	2.964346e+02
1710.0029627590759	2.964354e+02
1711.0026149797975	2.964362e+02
1712.00313614542006	2.964369e+02
1713.00134747958168	2.964377e+02
1714.0009521674956	2.964385e+02
1715.00300195752834	2.964394e+02
1716.00215066209216	2.964404e+02
1717.00164083140453	2.964415e+02
1718.00122929522195	2.964427e+02
1719.00362040185246	2.964439e+02
1720.0024427131666	2.964452e+02
1721.00106723497288	2.964465e+02
1722.00316771049916	2.964477e+02
1723.00311457179919	2.964490e+02
1724.00133124472291	2.964504e+02
1725.00360524914959	2.964517e+02
1726.00262616063242	2.964530e+02
1727.00339183874917	2.964544e+02
1728.00167962688238	2.964557e+02
1729.00325014239434	2.964571e+02
1730.00238102850494	2.964585e+02
1731.00322372087589	2.964599e+02
1732.00357240501557	2.964615e+02
1733.00397528446388	2.964631e+02
1734.00160148254758	2.964648e+02
1735.00266568417055	2.964666e+02
1736.00092990606868	2.964683e+02
1737.00255662228983	2.964701e+02
1738.00135813073985	2.964719e+02
1739.00330961132886	2.964737e+02
1740.00213573366318	2.964756e+02
1741.00393132496197	2.964775e+02
1742.00224565305552	2.964794e+02
1743.00278091001474	2.964813e+02
1744.00191947325538	2.964833e+02
1745.00256469348733	2.964853e+02
1746.00200246150257	2.964874e+02
1747.00110060013708	2.964895e+02
1748.00398376306407	2.964917e+02
1749.00224075175265	2.964939e+02
1750.00236926942694	2.964961e+02
1751.00125299661659	2.964984e+02
1752.00163890799945	2.965007e+02
1753.00308159247174	2.965031e+02
1754.0020822749284	2.965055e+02
1755.00163324996993	2.965080e+02
1756.00145719116267	2.965105e+02
1757.0013168273374	2.965131e+02
1758.00118034637808	2.965157e+02
1759.0011848074123	2.965184e+02
1760.00162657825649	2.965212e+02
1761.00275137187759	2.965240e+02
1762.00145583864605	2.965269e+02
1763.00377454418845	2.965298e+02
1764.00322356058541	2.965327e+02
1765.0027003538919	2.965356e+02
1766.00212995682978	2.965385e+02
1767.00148181787426	2.965415e+02
1768.00390098883418	2.965445e+02
1769.00320986309202	2.965475e+02
1770.00250939572993	2.965506e+02
1771.00176887888119	2.965537e+02
1772.00098030828531	2.965568e+02
1773.00322394082013	2.965601e+02
1774.00228420785152	2.965633e+02
1775.00127752960725	2.965666e+02
1776.00334197788516	2.965699e+02
1777.00238122788596	2.965733e+02
1778.00156277654605	2.965767e+02
1779.00093989739753	2.965801e+02
1780.00364069873763	2.965835e+02
1781.00347709780931	2.965870e+02
1782.00356123323172	2.965905e+02
1783.00389241726384	2.965940e+02
1784.00137161602356	2.965975e+02
1785.00222161281135	2.966011e+02
1786.00333806718436	2.966047e+02
1787.00157487645311	2.966083e+02
1788.00315318587718	2.966120e+02
1789.00179008930741	2.966157e+02
1790.00366513663994	2.966194e+02
1791.00248584951851	2.966232e+02
1792.00131845898954	2.966269e+02
1793.0032404910005	2.966307e+02
1794.00199788860118	2.966345e+02
1795.00381344917082	2.966383e+02
1796.00246218757388	2.966421e+02
1797.00107305072902	2.966460e+02
1798.00277248246721	2.966498e+02
1799.00136762745046	2.966537e+02
1800.00310695060784	2.966576e+02
1801.00182074635541	2.966615e+02
1802.0037889158707	2.966655e+02
1803.00287394699217	2.966694e+02
1804.00224538064253	2.966734e+02
1805.0019677575624	2.966777e+02
1806.00207840668804	2.966817e+02
1807.00261150506913	2.966857e+02
1808.00358667906039	2.966897e+02
1809.00188485499893	2.966937e+02
1810.00374071500801	2.966978e+02
1811.00288338800533	2.967018e+02
1812.0023715852135	2.967058e+02
1813.0021602204265	2.967099e+02
1814.00220382981593	2.967139e+02
1815.00242436449412	2.967180e+02
1816.00278019035613	2.967221e+02
1817.00320220057233	2.967261e+02
1818.00364328695105	2.967302e+02
1819.00408061882013	2.967343e+02
1820.00454697031614	2.967383e+02
1821.00196080233877	2.967423e+02
1822.00265116225296	2.967464e+02
1823.00358575158452	2.967504e+02
1824.0017270273654	2.967544e+02
1825.00336524162162	2.967584e+02
1826.00216892588537	2.967624e+02
1827.00438396493814	2.967663e+02
1828.00359454539193	2.967703e+02
1829.00282475741869	2.967742e+02
1830.00193039516239	2.967781e+02
1831.00393868587912	2.967820e+02
1832.00255084486457	2.967858e+02
1833.00398824509557	2.967897e+02
1834.00194455951009	2.967935e+02
1835.00260963254914	2.967973e+02
1836.00286253025365	2.968010e+02
1837.00267156969926	2.968048e+02
1838.00195695328421	2.968085e+02
1839.00362734034229	2.968122e+02
1840.00425249655609	2.968158e+02
1841.00348596549975	2.968195e+02
1842.00420816935002	2.968231e+02
1843.00327183324089	2.968267e+02
1844.003687940595	2.968303e+02
1845.00222290489273	2.968339e+02
1846.0018427759519	2.968374e+02
1847.00267529382768	2.968410e+02
1848.00187412965261	2.968445e+02
1849.00285286473104	2.968480e+02
1850.00334263826539	2.968515e+02
1851.00452073212637	2.968550e+02
1852.0044344264943	2.968584e+02
1853.0037224414898	2.968618e+02
1854.00235015013573	2.968653e+02
1855.00302848490855	2.968687e+02
1856.00238121821599	2.968720e+02
1857.00332047106963	2.968753e+02
1858.00247468769135	2.968786e+02
1859.00256482382974	2.968819e+02
1860.00328912156647	2.968851e+02
1861.00444491675671	2.968883e+02
1862.0027352241068	2.968914e+02
1863.00393650064666	2.968945e+02
1864.0043805374753	2.968975e+02
1865.00325113163763	2.969005e+02
1866.0028042915817	2.969035e+02
1867.00361886124415	2.969064e+02
1868.00195293622937	2.969092e+02
1869.00351186087914	2.969121e+02
1870.00405586066586	2.969149e+02
1871.00450771577061	2.969177e+02
1872.0024256125464	2.969204e+02
1873.00246998776538	2.969231e+02
1874.0019010168221	2.969258e+02
1875.00237350819179	2.969284e+02
1876.00276025318703	2.969310e+02
1877.00411714831671	2.969336e+02
1878.00321238834977	2.969361e+02
1879.00290457517281	2.969386e+02
1880.00275983993811	2.969411e+02
1881.00208903972066	2.969435e+02
1882.0033437297061	2.969459e+02
1883.00396936558059	2.969482e+02
1884.00157500150567	2.969505e+02
1885.00247460380137	2.969527e+02
1886.00366219516877	2.969549e+02
1887.00179878443646	2.969570e+02
1888.00263284862422	2.969591e+02
1889.0028940611603	2.969612e+02
1890.00243121911149	2.969632e+02
1891.00433630390194	2.969653e+02
1892.00273974271227	2.969673e+02
1893.00364917560887	2.969694e+02
1894.00372086765856	2.969714e+02
1895.00308910829449	2.969734e+02
1896.00173056942435	2.969753e+02
1897.0023411988052	2.969773e+02
1898.00181879669867	2.969792e+02
1899.00336286115407	2.969811e+02
1900.00396318582102	2.969830e+02
1901.0040574421605	2.969848e+02
1902.00407755308902	2.969866e+02
1903.00400766749863	2.969884e+02
1904.00415798860331	2.969901e+02
1905.00165599891238	2.969918e+02
1906.00271551605942	2.969934e+02
1907.00436196124133	2.969950e+02
1908.00353070255414	2.969966e+02
1909.00323906217659	2.969982e+02
1910.00353199449091	2.969997e+02
1911.00446086238935	2.970011e+02
1912.00305147801078	2.970026e+02
1913.00244707756474	2.970040e+02
1914.00275239533335	2.970055e+02
1915.00405408023767	2.970069e+02
1916.00335314426707	2.970083e+02
1917.0037963363086	2.970097e+02
1918.00225830297495	2.970111e+02
1919.00178458419055	2.970125e+02
1920.00234709975257	2.970139e+02
1921.00391288434389	2.970153e+02
1922.00319428666921	2.970166e+02
1923.0030761107887	2.970180e+02
1924.00332029110973	2.970194e+02
1925.00398993784461	2.970208e+02
1926.00225036644269	2.970222e+02
1927.00445475535525	2.970235e+02
1928.00437015983402	2.970249e+02
1929.0018861234762	2.970262e+02
1930.00307137984851	2.970276e+02
1931.00455710961614	2.970289e+02
1932.00298902639793	2.970302e+02
1933.00431690133382	2.970315e+02
1934.00205477570125	2.970328e+02
1935.00212679103947	2.970340e+02
1936.00449771597437	2.970353e+02
1937.00299818711255	2.970365e+02
1938.00375690711053	2.970377e+02
1939.00354710049623	2.970389e+02
1940.00196592715861	2.970401e+02
1941.00463099080662	2.970413e+02
1942.00200739011302	2.970424e+02
1943.00323996451743	2.970435e+02
1944.00248343033809	2.970445e+02
1945.00296465924725	2.970455e+02
1946.0017035364242	2.970464e+02
1947.00249266497531	2.970473e+02
1948.00286575895302	2.970482e+02
1949.0028467826146	2.970490e+02
1950.00234455789814	2.970498e+02
1951.0044587191046	2.970506e+02
1952.00315040825717	2.970513e+02
1953.00451350526373	2.970521e+02
1954.00257411397979	2.970528e+02
1955.00371976740394	2.970535e+02
1956.00224333341203	2.970542e+02
1957.00452424992341	2.970548e+02
1958.00169058164374	2.970554e+02
1959.00308963199018	2.970560e+02
1960.00274541681119	2.970566e+02
1961.00380825907109	2.970572e+02
1962.00320754357881	2.970578e+02
1963.00398668998264	2.970584e+02
1964.00303648737213	2.970589e+02
1965.00332816371383	2.970595e+02
1966.00165244017217	2.970601e+02
1967.00401244637533	2.970607e+02
1968.00405634937101	2.970613e+02
1969.00166583721125	2.970619e+02
1970.00297470661667	2.970625e+02
1971.00173037967124	2.970632e+02
1972.00401757328336	2.970639e+02
1973.00359335633971	2.970646e+02
1974.00347528044495	2.970653e+02
1975.0034723651861	2.970660e+02
1976.00335569005665	2.970668e+02
1977.00311079162589	2.970675e+02
1978.00289387403041	2.970683e+02
1979.00269217143068	2.970691e+02
1980.00249713429957	2.970698e+02
1981.00237000054403	2.970706e+02
1982.00225131264119	2.970714e+02
1983.00218255536197	2.970722e+02
1984.0022910291168	2.970729e+02
1985.00221433673892	2.970737e+02
1986.00164821770659	2.970744e+02
1987.00372639876878	2.970751e+02
1988.00216425490157	2.970758e+02
1989.00294737829881	2.970765e+02
1990.00332288659547	2.970772e+02
1991.00349784698847	2.970778e+02
1992.00326233793453	2.970784e+02
1993.00216797025746	2.970791e+02
1994.00320645938268	2.970797e+02
1995.00330580796685	2.970802e+02
1996.00186048067826	2.970808e+02
1997.00188445299455	2.970813e+02
1998.00368913981492	2.970818e+02
1999.00438699605411	2.970823e+02
2000.00408837307464	2.970827e+02
2001.00292062551307	2.970831e+02
2002.00410173816636	2.970835e+02
2003.00168178945319	2.970838e+02
2004.00186723919637	2.970841e+02
2005.0017074130028	2.970844e+02
2006.00438721023534	2.970847e+02
2007.00391307974905	2.970849e+02
2008.00343518328918	2.970851e+02
2009.00305888123899	2.970852e+02
2010.00293417539797	2.970853e+02
2011.00311370253871	2.970855e+02
2012.00360803832336	2.970856e+02
2013.00453445997346	2.970856e+02
2014.00295894388546	2.970857e+02
2015.00205260658731	2.970857e+02
2016.00194855576683	2.970858e+02
2017.00266987055375	2.970858e+02
2018.00423761640536	2.970858e+02
2019.00364693151528	2.970859e+02
2020.00398907527006	2.970859e+02
2021.00220095872078	2.970859e+02
2022.00443307870478	2.970860e+02
2023.0045543028109	2.970860e+02
2024.00255620635016	2.970861e+02
2025.00457425183572	2.970863e+02
2026.00433587006341	2.970864e+02
2027.0017139765298	2.970866e+02
2028.00282928472893	2.970868e+02
2029.00456924781702	2.970870e+02
2030.00383657854809	2.970873e+02
2031.0036979616882	2.970876e+02
2032.00395930273589	2.970879e+02
2033.00458556907211	2.970883e+02
2034.00244893860759	2.970886e+02
2035.00376922683881	2.970890e+02
2036.00226999116762	2.970894e+02
2037.00379272742839	2.970897e+02
2038.00197667930888	2.970901e+02
2039.00283374336732	2.970904e+02
2040.00310565245445	2.970908e+02
2041.00246702921186	2.970911e+02
2042.00400594404005	2.970914e+02
2043.00458624316093	2.970917e+02
2044.00391751552843	2.970920e+02
2045.00180818728654	2.970923e+02
2046.00449723498605	2.970925e+02
2047.00278852046949	2.970927e+02
2048.00263724057686	2.970929e+02
2049.00403632260304	2.970930e+02
2050.00435440435513	2.970931e+02
2051.00399564529926	2.970932e+02
2052.00307943767802	2.970933e+02
2053.00165291171015	2.970933e+02
2054.0027519712562	2.970932e+02
2055.00334710324751	2.970932e+02
2056.00348601801852	2.970931e+02
2057.00325894060188	2.970930e+02
2058.00275207185632	2.970929e+02
2059.00202320473772	2.970927e+02
2060.0042101880872	2.970926e+02
2061.00343081449728	2.970924e+02
2062.00299422078842	2.970922e+02
2063.00307675064232	2.970920e+02
2064.00379573041482	2.970917e+02
2065.00218469816764	2.970915e+02
2066.00436793143081	2.970912e+02
2067.00414255751912	2.970909e+02
2068.00441078585436	2.970906e+02
2069.00202889936918	2.970904e+02
2070.00308633966097	2.970901e+02
2071.00450120014557	2.970898e+02
2072.00322691155907	2.970895e+02
2073.0023745996732	2.970893e+02
2074.00197149869382	2.970890e+02
2075.00200216106941	2.970888e+02
2076.00248003765864	2.970885e+02
2077.00346145492085	2.970883e+02
2078.00192100838194	2.970881e+02
2079.00408926282671	2.970879e+02
2080.00387799449936	2.970877e+02
2081.00434004878525	2.970875e+02
2082.00230085405428	2.970873e+02
2083.00372108345891	2.970871e+02
2084.00222294022433	2.970870e+02
2085.00377317781522	2.970869e+02
2086.0020907489311	2.970868e+02
2087.00328457062551	2.970866e+02
2088.00425096237313	2.970865e+02
2089.00192937849806	2.970865e+02
2090.00255121764394	2.970864e+02
2091.00311164942559	2.970863e+02
2092.00363676508641	2.970862e+02
2093.00410261071738	2.970861e+02
2094.00445511110456	2.970860e+02
2095.00158583908524	2.970859e+02
2096.00159087243674	2.970858e+02
2097.0043724603529	2.970856e+02
2098.00372230964058	2.970854e+02
2099.00276161945612	2.970853e+02
2100.00451629239205	2.970850e+02
2101.00280193047638	2.970848e+02
2102.00378748605635	2.970846e+02
2103.00437360059914	2.970843e+02
2104.00448710790943	2.970840e+02
2105.00399929333707	2.970837e+02
2106.00283071800004	2.970834e+02
2107.00407856468655	2.970831e+02
2108.00169238417857	2.970827e+02
2109.00191177891747	2.970823e+02
2110.00179636896064	2.970819e+02
2111.00448343307426	2.970814e+02
2112.00388533313844	2.970810e+02
2113.0029998904497	2.970805e+02
2114.00174280135207	2.970800e+02
2115.00317293381886	2.970796e+02
2116.00426001570168	2.970791e+02
2117.00194653782319	2.970786e+02
2118.00237461603001	2.970780e+02
2119.00258586578639	2.970775e+02
2120.00264215417565	2.970770e+02
2121.00259529249342	2.970764e+02
2122.00256830670105	2.970759e+02
2123.0027265497497	2.970753e+02
2124.00324058753404	2.970746e+02
2125.00430743074412	2.970740e+02
2126.00300290499081	2.970734e+02
2127.0024701198231	2.970727e+02
2128.00275908070216	2.970721e+02
2129.00380787318272	2.970714e+02
2130.00238422303164	2.970708e+02
2131.0044470010821	2.970701e+02
2132.00378113734814	2.970695e+02
2133.00337135104655	2.970688e+02
2134.00318125145486	2.970682e+02
2135.00320164766026	2.970676e+02
2136.00339106189995	2.970670e+02
2137.00369957207295	2.970664e+02
2138.00410289164665	2.970659e+02
2139.00460845453517	2.970653e+02
2140.00216716211207	2.970648e+02
2141.00293551649202	2.970643e+02
2142.00386280754128	2.970638e+02
2143.00188556219473	2.970633e+02
2144.00314077422081	2.970627e+02
2145.0045406575241	2.970622e+02
2146.00298114174848	2.970617e+02
2147.00459160774881	2.970611e+02
2148.00319912648183	2.970606e+02
2149.00187012776632	2.970600e+02
2150.00367233066891	2.970594e+02
2151.00244577663489	2.970589e+02
2152.00419646574119	2.970583e+02
2153.00258871997994	2.970577e+02
2154.00358066179251	2.970571e+02
2155.00401201703471	2.970565e+02
2156.00388442743406	2.970558e+02
2157.00330085730229	2.970552e+02
2158.00236216872781	2.970545e+02
2159.00417005876943	2.970538e+02
2160.00254406447038	2.970532e+02
2161.00352128067152	2.970525e+02
2162.00393331215582	2.970517e+02
2163.00368108612429	2.970510e+02
2164.00273752110024	2.970503e+02
2165.00412757645836	2.970495e+02
2166.00173870018716	2.970487e+02
2167.0017722315979	2.970479e+02
2168.00438469785013	2.970471e+02
2169.00359221328426	2.970463e+02
2170.00253634568844	2.970454e+02
2171.00443685624896	2.970445e+02
2172.00339604186729	2.970436e+02
2173.0025900780206	2.970426e+02
2174.00225633066975	2.970417e+02
2175.00257625229324	2.970407e+02
2176.00361026259725	2.970397e+02
2177.00228677414907	2.970388e+02
2178.00459070449097	2.970378e+02
2179.00428632834837	2.970368e+02
2180.00429663544128	2.970358e+02
2181.0045326080708	2.970348e+02
2182.0018808436771	2.970339e+02
2183.00247236328323	2.970329e+02
2184.00322705783265	2.970320e+02
2185.00404352914256	2.970311e+02
2186.00172232379919	2.970302e+02
2187.0022621404114	2.970293e+02
2188.00252700731608	2.970284e+02
2189.00248788458157	2.970275e+02
2190.00210118408495	2.970266e+02
2191.00440766305837	2.970257e+02
2192.003360300444	2.970248e+02
2193.00216305301956	2.970238e+02
2194.00402166062622	2.970229e+02
2195.00295608236183	2.970219e+02
2196.00215718164418	2.970209e+02
2197.00170143279365	2.970199e+02
2198.00167359595571	2.970189e+02
2199.00215185598699	2.970179e+02
2200.00309629085496	2.970169e+02
2201.0043407724088	2.970159e+02
2202.00256325524151	2.970149e+02
2203.0036907879753	2.970138e+02
2204.00463330923458	2.970128e+02
2205.00239251971425	2.970118e+02
2206.0031775972775	2.970107e+02
2207.00397673213502	2.970097e+02
2208.00170384854027	2.970087e+02
2209.00237441679337	2.970076e+02
2210.00277946935057	2.970066e+02
2211.00272273795827	2.970056e+02
2212.00205207386261	2.970045e+02
2213.00369321717881	2.970034e+02
2214.00452244874714	2.970023e+02
2215.0045781451895	2.970012e+02
2216.00395508402971	2.970001e+02
2217.00280755413087	2.969989e+02
2218.00438954354604	2.969978e+02
2219.00284423745143	2.969966e+02
2220.00442394770107	2.969953e+02
2221.00321567804986	2.969941e+02
2222.00247279086398	2.969928e+02
2223.00236369795903	2.969916e+02
2224.00295796383352	2.969903e+02
2225.00419660579928	2.969887e+02
2226.00292817788159	2.969874e+02
2227.00520997976673	2.969862e+02
2228.00480401433197	2.969849e+02
2229.00465817799477	2.969836e+02
2230.0047273748728	2.969824e+02
2231.00500193555399	2.969811e+02
2232.00547215547931	2.969799e+02
2233.00300533767449	2.969787e+02
2234.00352618248462	2.969775e+02
2235.00371788235998	2.969763e+02
2236.00334683766278	2.969751e+02
2237.00530297922887	2.969739e+02
2238.00337946603668	2.969726e+02
2239.00363483045885	2.969714e+02
2240.00303311835296	2.969701e+02
2241.00473039265444	2.969688e+02
2242.00589026127	2.969674e+02
2243.00369599149963	2.969661e+02
2244.00441130682793	2.969647e+02
2245.00523432312775	2.969633e+02
2246.00341420506584	2.969619e+02
2247.0052385494846	2.969605e+02
2248.00471179635724	2.969591e+02
2249.00480886580999	2.969577e+02
2250.00541273131876	2.969562e+02
2251.00338090736204	2.969548e+02
2252.00479061334499	2.969534e+02
2253.00351723724725	2.969520e+02
2254.00564911977881	2.969506e+02
2255.00507654897183	2.969492e+02
2256.00482967160042	2.969478e+02
2257.00479897912783	2.969464e+02
2258.00475589366079	2.969450e+02
2259.00441490884896	2.969436e+02
2260.00347845558372	2.969422e+02
2261.00476123299586	2.969408e+02
2262.00487896409277	2.969394e+02
2263.00349920678354	2.969380e+02
2264.00365358526869	2.969365e+02
2265.00572455227211	2.969350e+02
2266.00418444876095	2.969335e+02
2267.00556920287863	2.969320e+02
2268.00404430092931	2.969304e+02
2269.00583344123106	2.969288e+02
2270.005039483171	2.969272e+02
2271.00491551831101	2.969256e+02
2272.00562515621186	2.969240e+02
2273.0040721713417	2.969224e+02
2274.00320680805362	2.969208e+02
2275.00298038727487	2.969192e+02
2276.00334754694541	2.969176e+02
2277.00423836460732	2.969160e+02
2278.0056773551928	2.969144e+02
2279.00466131403437	2.969128e+02
2280.00417331321933	2.969112e+02
2281.00406121163905	2.969097e+02
2282.00410218871002	2.969081e+02
2283.00401673432407	2.969066e+02
2284.00353103820453	2.969050e+02
2285.0052119543052	2.969035e+02
2286.00549047503682	2.969019e+02
2287.00406935797582	2.969003e+02
2288.00413078863039	2.968987e+02
2289.00292144018431	2.968970e+02
2290.00383449916353	2.968953e+02
2291.00429324407287	2.968936e+02
2292.00483217547844	2.968919e+02
2293.00571767857218	2.968902e+02
2294.00405584932423	2.968884e+02
2295.00304263253702	2.968866e+02
2296.00583934960787	2.968849e+02
2297.00335125727042	2.968831e+02
2298.00466096476248	2.968813e+02
2299.00367470425181	2.968795e+02
2300.00337983635745	2.968778e+02
2301.00372456009927	2.968760e+02
2302.00475237105184	2.968743e+02
2303.00344539800653	2.968726e+02
2304.00583250393311	2.968708e+02
2305.00561247194128	2.968691e+02
2306.00563094710333	2.968674e+02
2307.00572123459733	2.968657e+02
2308.0055051066297	2.968640e+02
2309.00431329608773	2.968623e+02
2310.00463375132449	2.968605e+02
2311.00330435788692	2.968588e+02
2312.00351985298721	2.968570e+02
2313.00542690391057	2.968551e+02
2314.00301292993254	2.968533e+02
2315.00316654763719	2.968515e+02
2316.0033789005588	2.968496e+02
2317.00396577661058	2.968477e+02
2318.00513653751432	2.968458e+02
2319.00397905354612	2.968438e+02
2320.00355835834671	2.968419e+02
2321.00393681689047	2.968400e+02
2322.00517847237325	2.968380e+02
2323.00421168565663	2.968361e+02
2324.00403208474381	2.968342e+02
2325.00461341591244	2.968323e+02
2326.00593210683928	2.968304e+02
2327.0049155335978	2.968285e+02
2328.00455840919221	2.968266e+02
2329.00465880840966	2.968248e+02
2330.00510616701058	2.968229e+02
2331.00573079070182	2.968210e+02
2332.0059180039284	2.968192e+02
2333.00505367951109	2.968173e+02
2334.005872058759	2.968154e+02
2335.0052192543244	2.968135e+02
2336.00322631509835	2.968116e+02
2337.00304637635554	2.968096e+02
2338.00482422594359	2.968076e+02
2339.00303247527336	2.968056e+02
2340.00440189669007	2.968036e+02
2341.00308350227306	2.968015e+02
2342.0052521967641	2.967994e+02
2343.00502148772694	2.967974e+02
2344.00556488352959	2.967953e+02
2345.00389349305624	2.967932e+02
2346.00307136597667	2.967911e+02
2347.00312525445997	2.967890e+02
2348.00403497348589	2.967870e+02
2349.00573906591444	2.967849e+02
2350.00508659575735	2.967828e+02
2351.00503905225014	2.967808e+02
2352.00554408633388	2.967787e+02
2353.00359656550108	2.967767e+02
2354.00499715546539	2.967747e+02
2355.00316516131761	2.967726e+02
2356.00397581984726	2.967706e+02
2357.00411723782918	2.967685e+02
2358.00349564900489	2.967665e+02
2359.00507241039259	2.967644e+02
2360.00577629216104	2.967623e+02
2361.0058593405106	2.967602e+02
2362.00544985170427	2.967580e+02
2363.00470589587985	2.967559e+02
2364.00386271127854	2.967537e+02
2365.0030214402077	2.967515e+02
2366.00551043747464	2.967493e+02
2367.00553809879329	2.967470e+02
2368.00317545579446	2.967448e+02
2369.00468470837086	2.967426e+02
2370.00401547468482	2.967403e+02
2371.00417601705567	2.967381e+02
2372.00517433125196	2.967358e+02
2373.00393850556338	2.967336e+02
2374.00341960376772	2.967313e+02
2375.00359046470749	2.967291e+02
2376.00428175403385	2.967268e+02
2377.00525905881432	2.967246e+02
2378.00344311633626	2.967223e+02
2379.00489002739505	2.967201e+02
2380.00350179186262	2.967178e+02
2381.00555243140116	2.967156e+02
2382.00475889290283	2.967133e+02
2383.00401227854809	2.967110e+02
2384.0032826701613	2.967088e+02
2385.00562048833035	2.967065e+02
2386.00484292080637	2.967042e+02
2387.00406082031168	2.967019e+02
2388.003325439729	2.966996e+02
2389.0058392700621	2.966972e+02
2390.00552670055686	2.966949e+02
2391.00545158879868	2.966926e+02
2392.00573896252445	2.966902e+02
2393.00330315940346	2.966879e+02
2394.00424103788782	2.966855e+02
2395.00553340352553	2.966831e+02
2396.00417458977245	2.966808e+02
2397.00327217477616	2.966784e+02
2398.00592739277999	2.966761e+02
2399.00290345801977	2.966737e+02
2400.0034100097123	2.966714e+02
2401.00433366032212	2.966690e+02
2402.00568241182737	2.966666e+02
2403.00440184864647	2.966643e+02
2404.00351877884532	2.966619e+02
2405.00295787553796	2.966595e+02
2406.00584453607644	2.966571e+02
2407.00287580488839	2.966548e+02
2408.00330702281872	2.966524e+02
2409.00403720289978	2.966499e+02
2410.00504746100796	2.966475e+02
2411.00320149302524	2.966451e+02
2412.00467335287203	2.966426e+02
2413.00322644171638	2.966402e+02
2414.00499421249515	2.966377e+02
2415.00371833709778	2.966353e+02
2416.00553295406462	2.966328e+02
2417.00413466372447	2.966303e+02
2418.00564493302272	2.966279e+02
2419.00380450544799	2.966254e+02
2420.00476570227556	2.966229e+02
2421.00537887064547	2.966204e+02
2422.00559618802936	2.966179e+02
2423.00537649036687	2.966154e+02
2424.00468269976727	2.966129e+02
2425.00347978886384	2.966103e+02
2426.00483110546202	2.966078e+02
2427.00564958512541	2.966053e+02
2428.00587275563748	2.966027e+02
2429.00545292856486	2.966002e+02
2430.00438873110079	2.965977e+02
2431.00562798879082	2.965951e+02
2432.00307362513831	2.965926e+02
2433.00299935091425	2.965900e+02
2434.00515821212957	2.965874e+02
2435.00336891398001	2.965848e+02
2436.00387310823771	2.965823e+02
2437.00360716648765	2.965797e+02
2438.00563855250857	2.965771e+02
2439.00385283640708	2.965745e+02
2440.00442833798616	2.965719e+02
2441.0043713388327	2.965693e+02
2442.00379070406279	2.965667e+02
2443.00581041699979	2.965641e+02
2444.00431153678073	2.965615e+02
2445.00534488058338	2.965589e+02
2446.00292850521919	2.965563e+02
2447.00316455464599	2.965537e+02
2448.00591726962148	2.965511e+02
2449.00522303294792	2.965485e+02
2450.00426651423322	2.965459e+02
2451.00306955997166	2.965433e+02
2452.00463256655848	2.965407e+02
2453.00585934145465	2.965381e+02
2454.00369277951768	2.965355e+02
2455.00421739138346	2.965330e+02
2456.00439379181807	2.965304e+02
2457.00423679143887	2.965278e+02
2458.00376368239768	2.965253e+02
2459.00299019684917	2.965227e+02
2460.00496420549007	2.965202e+02
2461.00362105846671	2.965176e+02
2462.00503848851531	2.965151e+02
2463.00314879904954	2.965126e+02
2464.0040100288752	2.965101e+02
2465.00459920190133	2.965076e+02
2466.00493591528539	2.965051e+02
2467.0050139887353	2.965026e+02
2468.00484196510024	2.965001e+02
2469.00444080822399	2.964977e+02
2470.00383558634485	2.964952e+02
2471.00305962632319	2.964928e+02
2472.00518898565133	2.964904e+02
2473.00423672436909	2.964880e+02
2474.00329726473819	2.964856e+02
2475.0054454942865	2.964832e+02
2476.00467663901873	2.964809e+02
2477.00409025851604	2.964785e+02
2478.00377377973928	2.964762e+02
2479.00384070763766	2.964739e+02
2480.00443741116032	2.964717e+02
2481.00572436035782	2.964694e+02
2482.00489519246094	2.964672e+02
2483.00530102428138	2.964650e+02
2484.00425763376006	2.964629e+02
2485.00510258478653	2.964607e+02
2486.00510326670292	2.964586e+02
2487.00459082435782	2.964566e+02
2488.00372340057902	2.964546e+02
2489.00551918831115	2.964527e+02
2490.00346916402987	2.964508e+02
2491.00338499808004	2.964490e+02
2492.00523767842697	2.964472e+02
2493.00581430764032	2.964455e+02
2494.00496810915047	2.964439e+02
2495.00552824759689	2.964423e+02
2496.00394547957376	2.964408e+02
2497.0031349817591	2.964393e+02
2498.00534597574324	2.964379e+02
2499.00334067680296	2.964365e+02
2500.00301802242075	2.964352e+02
2501.00498248068379	2.964339e+02
2502.00417909629869	2.964326e+02
2503.00411487143037	2.964314e+02
2504.00457990407904	2.964302e+02
2505.0052348578356	2.964291e+02
2506.00326856247193	2.964279e+02
2507.00528397961489	2.964268e+02
2508.00542162150077	2.964257e+02
2509.00349574222082	2.964246e+02
2510.00458979767154	2.964235e+02
2511.00431109472129	2.964224e+02
2512.00439807297744	2.964213e+02
2513.00395066943838	2.964203e+02
2514.00311567955941	2.964194e+02
2515.00303181834079	2.964185e+02
2516.00500973071803	2.964177e+02
2517.00365138726374	2.964169e+02
2518.00519978497323	2.964161e+02
2519.00380698135814	2.964154e+02
2520.00353653420962	2.964148e+02
2521.00532916723023	2.964141e+02
2522.00394179058048	2.964134e+02
2523.00299265127296	2.964128e+02
2524.0050745321123	2.964122e+02
2525.00532504045805	2.964116e+02
2526.00447079200603	2.964110e+02
2527.00474861270641	2.964105e+02
2528.00288030317188	2.964100e+02
2529.00501452648496	2.964096e+02
2530.00498697047578	2.964092e+02
2531.00288929599719	2.964088e+02
2532.00560714785115	2.964085e+02
2533.00501655949756	2.964083e+02
2534.00568840924507	2.964081e+02
2535.00290152039724	2.964079e+02
2536.0038420456226	2.964078e+02
2537.00579523990336	2.964078e+02
2538.00515720012299	2.964077e+02
2539.00431693496421	2.964077e+02
2540.00301371660453	2.964076e+02
2541.00309353407783	2.964076e+02
2542.00548241701154	2.964076e+02
2543.00500934220418	2.964076e+02
2544.0051391588745	2.964075e+02
2545.00311508205368	2.964075e+02
2546.00520452969295	2.964075e+02
2547.00462781784699	2.964076e+02
2548.00384848931799	2.964077e+02
2549.00585065348514	2.964079e+02
2550.00572064848711	2.964080e+02
2551.00584840136935	2.964083e+02
2552.00571232535958	2.964085e+02
2553.00376397992932	2.964088e+02
2554.00325311356073	2.964090e+02
2555.00349538770024	2.964093e+02
2556.00319945055207	2.964095e+02
2557.00409516010131	2.964097e+02
2558.0048117354836	2.964099e+02
2559.00397773294526	2.964101e+02
2560.00420099055964	2.964103e+02
2561.00554845605302	2.964106e+02
2562.00532852892457	2.964109e+02
2563.00407798910373	2.964113e+02
2564.00504302454965	2.964118e+02
2565.00497491346368	2.964124e+02
2566.0036856398392	2.964131e+02
2567.00488544290283	2.964139e+02
2568.00308683506	2.964147e+02
2569.0052731284909	2.964156e+02
2570.00307216015881	2.964165e+02
2571.00340922561691	2.964174e+02
2572.00318159810013	2.964183e+02
2573.00435175268058	2.964192e+02
2574.00494417203026	2.964201e+02
2575.00376233198631	2.964209e+02
2576.00335985104493	2.964218e+02
2577.00384371971631	2.964226e+02
2578.005961281076	2.964236e+02
2579.0046295515167	2.964246e+02
2580.00366845931831	2.964257e+02
2581.00314089227095	2.964269e+02
2582.00590651092762	2.964281e+02
2583.0053737261801	2.964294e+02
2584.00449508346082	2.964308e+02
2585.00351191073605	2.964321e+02
2586.00294001663951	2.964335e+02
2587.00328131519382	2.964348e+02
2588.00463639174541	2.964362e+02
2589.00341031673906	2.964376e+02
2590.00484807571866	2.964390e+02
2591.00461165491561	2.964405e+02
2592.00481054185002	2.964419e+02
2593.00521261747554	2.964433e+02
2594.00333088018442	2.964448e+02
2595.00323492777989	2.964464e+02
2596.00559013573502	2.964480e+02
2597.00469878548529	2.964497e+02
2598.00393344112354	2.964515e+02
2599.00347763497621	2.964533e+02
2600.00348025249241	2.964552e+02
2601.00391688388299	2.964570e+02
2602.00462653508293	2.964589e+02
2603.00543100534424	2.964608e+02
2604.0031397638918	2.964628e+02
2605.00370202567728	2.964647e+02
2606.00368202211848	2.964667e+02
2607.00573665518596	2.964687e+02
2608.00341542573869	2.964708e+02
2609.0029542563484	2.964729e+02
2610.00501528350014	2.964751e+02
2611.00445016761842	2.964773e+02
2612.00523219991874	2.964796e+02
2613.00474081068796	2.964819e+02
2614.00292969484008	2.964843e+02
2615.00570324624778	2.964867e+02
2616.0034743848596	2.964891e+02
2617.0052253156291	2.964916e+02
2618.00468794004564	2.964942e+02
2619.00454069008492	2.964968e+02
2620.00443875207611	2.964995e+02
2621.00439223414787	2.965022e+02
2622.00461046176724	2.965050e+02
2623.00531967470306	2.965078e+02
2624.00347522610446	2.965106e+02
2625.00518088131503	2.965135e+02
2626.00403830485357	2.965164e+02
2627.00299616739585	2.965194e+02
2628.00508216280332	2.965224e+02
2629.00408748958853	2.965253e+02
2630.00313861837549	2.965284e+02
2631.00536434316518	2.965314e+02
2632.00458765117764	2.965345e+02
2633.00392502158911	2.965376e+02
2634.00339158614088	2.965407e+02
2635.00300791528616	2.965439e+02
2636.00590678656908	2.965472e+02
2637.00588525413013	2.965504e+02
2638.00293277677429	2.965537e+02
2639.00323790328412	2.965571e+02
2640.00367881867487	2.965604e+02
2641.00426682057696	2.965639e+02
2642.00500559181046	2.965673e+02
2643.00589743993123	2.965708e+02
2644.00380892930571	2.965742e+02
2645.00496157834186	2.965778e+02
2646.00312303372402	2.965813e+02
2647.00449417896425	2.965849e+02
2648.00597518583618	2.965885e+02
2649.00438689121393	2.965922e+02
2650.00592959315009	2.965958e+02
2651.00432156933311	2.965995e+02
2652.00574948399344	2.966032e+02
2653.00398275755333	2.966069e+02
2654.0052444282428	2.966107e+02
2655.00334764521949	2.966145e+02
2656.00454612604608	2.966183e+02
2657.00578233601209	2.966221e+02
2658.00399315034247	2.966259e+02
2659.00543751393434	2.966297e+02
2660.00391886151328	2.966336e+02
2661.00569325139577	2.966375e+02
2662.00457192484328	2.966414e+02
2663.00370139127153	2.966453e+02
2664.00311896134917	2.966492e+02
2665.00596754739536	2.966532e+02
2666.00291605824395	2.966571e+02
2667.00331240592732	2.966611e+02
2668.0040361405172	2.966651e+02
2669.00506214543475	2.966691e+02
2670.00325638567438	2.966731e+02
2671.00484153608704	2.966771e+02
2672.00357230492091	2.966811e+02
2673.00568446548596	2.966852e+02
2674.00492253554103	2.966892e+02
2675.00436991124934	2.966933e+02
2676.00402607419846	2.966973e+02
2677.00382259966773	2.967014e+02
2678.0037282115386	2.967054e+02
2679.00371900750224	2.967095e+02
2680.00374726342352	2.967136e+02
2681.00382673523745	2.967176e+02
2682.00396529942373	2.967217e+02
2683.00421545420022	2.967258e+02
2684.00461782255525	2.967298e+02
2685.00526818558683	2.967339e+02
2686.00307088902673	2.967379e+02
2687.0042948911746	2.967419e+02
2688.00585693002085	2.967459e+02
2689.00460672838017	2.967499e+02
2690.0035120532234	2.967538e+02
2691.00569073592442	2.967578e+02
2692.00472894810173	2.967617e+02
2693.00359644966375	2.967656e+02
2694.00535368498731	2.967695e+02
2695.00364057753904	2.967733e+02
2696.00468651565961	2.967771e+02
2697.00527381748952	2.967809e+02
2698.00540190192987	2.967847e+02
2699.00497579769581	2.967884e+02
2700.00388010487177	2.967921e+02
2701.00514319320428	2.967958e+02
2702.00547809766022	2.967995e+02
2703.00463747611548	2.968032e+02
2704.00544101041396	2.968068e+02
2705.00471549887152	2.968105e+02
2706.00556610548892	2.968141e+02
2707.00486682625933	2.968177e+02
2708.00571649383255	2.968212e+02
2709.00504992729293	2.968248e+02
2710.00299077878572	2.968283e+02
2711.00297686683825	2.968318e+02
2712.00567176628238	2.968354e+02
2713.00582338344884	2.968388e+02
2714.0044186220648	2.968423e+02
2715.00501563401986	2.968458e+02
2716.00447462576176	2.968492e+02
2717.00563878416187	2.968526e+02
2718.00521652157568	2.968560e+02
2719.00320705446256	2.968593e+02
2720.00566494473424	2.968627e+02
2721.00287166953876	2.968660e+02
2722.00385672492439	2.968692e+02
2723.00536470264524	2.968725e+02
2724.00419573616273	2.968756e+02
2725.00319246395202	2.968788e+02
2726.00500364441086	2.968819e+02
2727.00292373241882	2.968849e+02
2728.00267722431954	2.968882e+02
2729.00332891998642	2.968911e+02
2730.00468737763276	2.968940e+02
2731.00450260031994	2.968969e+02
2732.00468224812494	2.968998e+02
2733.00379001906367	2.969026e+02
2734.00424493364017	2.969053e+02
2735.00448607341514	2.969080e+02
2736.00282498310526	2.969107e+02
2737.00175431663592	2.969134e+02
2738.00198219127105	2.969160e+02
2739.0045087895237	2.969186e+02
2740.00365440956602	2.969212e+02
2741.00268749043335	2.969237e+02
2742.00453637381088	2.969262e+02
2743.00220644104684	2.969286e+02
2744.00461910601098	2.969310e+02
2745.00309530262984	2.969334e+02
2746.00451758463259	2.969357e+02
2747.00296541449234	2.969380e+02
2748.00463418637855	2.969402e+02
2749.00316117591865	2.969423e+02
2750.00446219967262	2.969445e+02
2751.00209059662893	2.969466e+02
2752.00213575161979	2.969486e+02
2753.00167158962768	2.969507e+02
2754.00370862004593	2.969527e+02
2755.0021990440323	2.969548e+02
2756.00354702627146	2.969568e+02
2757.00462840876571	2.969588e+02
2758.00225191160416	2.969608e+02
2759.00268333962504	2.969627e+02
2760.00298694444655	2.969647e+02
2761.00298049801086	2.969666e+02
2762.00257151156893	2.969685e+02
2763.00195130594602	2.969704e+02
2764.00436504291929	2.969722e+02
2765.00383954066729	2.969740e+02
2766.00353509603747	2.969758e+02
2767.00365768327356	2.969775e+02
2768.00440988913761	2.969792e+02
2769.00290045541851	2.969809e+02
2770.00232394414161	2.969825e+02
2771.00268510759042	2.969842e+02
2772.00388943710232	2.969857e+02
2773.00270141047849	2.969873e+02
2774.00211534172195	2.969888e+02
2775.00210665917712	2.969903e+02
2776.00266829587736	2.969918e+02
2777.0038033556657	2.969933e+02
2778.00236964591704	2.969947e+02
2779.00447221479271	2.969962e+02
2780.00385561624626	2.969976e+02
2781.00344547602663	2.969991e+02
2782.00313559245797	2.970005e+02
2783.00299836527074	2.970019e+02
2784.00315872109877	2.970033e+02
2785.00376012766537	2.970048e+02
2786.00174590440611	2.970062e+02
2787.00324963171397	2.970076e+02
2788.00202175776531	2.970089e+02
2789.0041029894669	2.970103e+02
2790.00341473169237	2.970117e+02
2791.00286063143403	2.970130e+02
2792.00218044824896	2.970143e+02
2793.00454115875982	2.970156e+02
2794.00393875315422	2.970169e+02
2795.00336742086529	2.970181e+02
2796.00284947861428	2.970194e+02
2797.0021636679503	2.970207e+02
2798.00411368051346	2.970219e+02
2799.00238684952865	2.970232e+02
2800.00290688149789	2.970244e+02
2801.00229231750927	2.970257e+02
2802.00367845720803	2.970269e+02
2803.00401326841165	2.970281e+02
2804.00313658349205	2.970293e+02
2805.00389455854975	2.970304e+02
2806.0032842197802	2.970315e+02
2807.00457887066341	2.970326e+02
2808.0046635380113	2.970336e+02
2809.00379886035489	2.970346e+02
2810.00259643972868	2.970355e+02
2811.00435147860753	2.970365e+02
2812.00317209263767	2.970373e+02
2813.00243073358024	2.970382e+02
2814.00225405321908	2.970390e+02
2815.00258192735555	2.970398e+02
2816.00324421309688	2.970406e+02
2817.00415047742081	2.970413e+02
2818.00229413851139	2.970421e+02
2819.00389330061853	2.970428e+02
2820.00287175149106	2.970435e+02
2821.00234300793727	2.970442e+02
2822.00237763645509	2.970449e+02
2823.00306685198984	2.970456e+02
2824.004550280903	2.970463e+02
2825.0039020462641	2.970470e+02
2826.00426671334071	2.970476e+02
2827.0026029228984	2.970483e+02
2828.00191878662781	2.970490e+02
2829.00201888741867	2.970497e+02
2830.00276911013088	2.970504e+02
2831.00411175360932	2.970511e+02
2832.00294257939731	2.970519e+02
2833.0023006318952	2.970526e+02
2834.00213185830944	2.970534e+02
2835.00229377892765	2.970543e+02
2836.00252786206329	2.970551e+02
2837.00282025795605	2.970559e+02
2838.00340968963292	2.970568e+02
2839.00449015493859	2.970576e+02
2840.00271436547791	2.970584e+02
2841.00404856395289	2.970593e+02
2842.001954826766	2.970601e+02
2843.00224188905759	2.970609e+02
2844.00173923293642	2.970618e+02
2845.0034941027352	2.970626e+02
2846.00421056402229	2.970634e+02
2847.00379536071114	2.970642e+02
2848.00240522389004	2.970650e+02
2849.00307620137983	2.970657e+02
2850.00250335892088	2.970664e+02
2851.00387480977088	2.970671e+02
2852.00440896016744	2.970677e+02
2853.00420693611068	2.970683e+02
2854.00342992121523	2.970689e+02
2855.00253029578516	2.970695e+02
2856.00174443151627	2.970700e+02
2857.00407818632266	2.970705e+02
2858.00326497603373	2.970709e+02
2859.00227828906009	2.970714e+02
2860.00416165468414	2.970718e+02
2861.002690882347	2.970722e+02
2862.00391250133953	2.970726e+02
2863.00171321110656	2.970730e+02
2864.00239447975127	2.970733e+02
2865.00308919625104	2.970737e+02
2866.00389721596503	2.970740e+02
2867.00182909594878	2.970743e+02
2868.00307714531937	2.970745e+02
2869.00463912123951	2.970748e+02
2870.00353060004863	2.970750e+02
2871.00280968988	2.970753e+02
2872.00248758878161	2.970755e+02
2873.0026416570563	2.970757e+02
2874.00330269690585	2.970759e+02
2875.00442138608332	2.970762e+02
2876.00290499783932	2.970764e+02
2877.00180007960944	2.970767e+02
2878.00413981759266	2.970769e+02
2879.00378969626536	2.970772e+02
2880.00384836070134	2.970775e+02
2881.00434978802241	2.970777e+02
2882.00227603947133	2.970780e+02
2883.00385561459598	2.970783e+02
2884.00290102581994	2.970785e+02
2885.00233245639402	2.970788e+02
2886.00192127046103	2.970791e+02
2887.00452903563792	2.970794e+02
2888.00375006750073	2.970797e+02
2889.00257773598196	2.970800e+02
2890.00415797286814	2.970803e+02
2891.00249877453962	2.970806e+02
2892.00403766621639	2.970809e+02
2893.00284882540063	2.970812e+02
2894.00212260353192	2.970816e+02
2895.0016896348211	2.970819e+02
2896.00438120472336	2.970823e+02
2897.00370193684421	2.970826e+02
2898.00272385892049	2.970829e+02
2899.00168053407742	2.970832e+02
2900.00400086833997	2.970835e+02
2901.00360460337242	2.970838e+02
2902.00355951432039	2.970841e+02
2903.00352180293112	2.970843e+02
2904.00317367100251	2.970846e+02
2905.00255275526342	2.970849e+02
2906.00449664444068	2.970851e+02
2907.00263409741319	2.970853e+02
2908.002945890928	2.970856e+02
2909.0022788022593	2.970858e+02
2910.00370413138853	2.970859e+02
2911.00425004582303	2.970861e+02
2912.00405687686452	2.970862e+02
2913.00329842978408	2.970862e+02
2914.00214202826282	2.970863e+02
2915.00362635789588	2.970863e+02
2916.0045070232959	2.970863e+02
2917.00460347673334	2.970863e+02
2918.0038322929131	2.970862e+02
2919.00228582761702	2.970861e+02
2920.00320681331414	2.970861e+02
2921.00365770539702	2.970860e+02
2922.00386486684556	2.970858e+02
2923.00419688961438	2.970857e+02
2924.00176354393625	2.970855e+02
2925.00270238726307	2.970853e+02
2926.00398283051027	2.970851e+02
2927.00251602054641	2.970848e+02
2928.00453040628372	2.970846e+02
2929.00416009256787	2.970843e+02
2930.00448684537969	2.970840e+02
2931.00235213335463	2.970837e+02
2932.00386069654269	2.970834e+02
2933.00284194254209	2.970831e+02
2934.00229991934339	2.970828e+02
2935.00230367097856	2.970825e+02
2936.00293689930049	2.970822e+02
2937.00421735529335	2.970819e+02
2938.00301847548781	2.970817e+02
2939.00238324267548	2.970815e+02
2940.00235307501589	2.970813e+02
2941.0028996792812	2.970812e+02
2942.00394748280269	2.970810e+02
2943.00239776860826	2.970809e+02
2944.00440269744649	2.970808e+02
2945.0037200348911	2.970807e+02
2946.00336285330695	2.970807e+02
2947.00330138985237	2.970806e+02
2948.00345707312363	2.970805e+02
2949.00369469928319	2.970804e+02
2950.00390481648265	2.970803e+02
2951.00389049977593	2.970803e+02
2952.00359580487884	2.970802e+02
2953.00285917519477	2.970801e+02
2954.00452299091921	2.970800e+02
2955.00225306261655	2.970799e+02
2956.00213505967167	2.970798e+02
2957.00433619621981	2.970796e+02
2958.00293766214691	2.970795e+02
2959.00411600946018	2.970793e+02
2960.00169220061616	2.970791e+02
2961.00173367806974	2.970789e+02
2962.00414395683038	2.970787e+02
2963.00273286564743	2.970784e+02
2964.00357080666163	2.970782e+02
2965.00361467149105	2.970779e+02
2966.00303086602889	2.970775e+02
2967.00203715080943	2.970772e+02
2968.00387795920324	2.970768e+02
2969.00259838936745	2.970764e+02
2970.00434506932243	2.970760e+02
2971.00299577438773	2.970755e+02
2972.00469721059289	2.970750e+02
2973.00336476921575	2.970746e+02
2974.00210783604234	2.970741e+02
2975.00413868584337	2.970735e+02
2976.0035142059678	2.970730e+02
2977.00334754411051	2.970725e+02
2978.00355010610974	2.970719e+02
2979.00401704297929	2.970713e+02
2980.00464728521365	2.970708e+02
2981.00240781331968	2.970702e+02
2982.003459995291	2.970696e+02
2983.00467730118362	2.970691e+02
2984.00290499793709	2.970686e+02
2985.00423576441608	2.970680e+02
2986.00255149658324	2.970676e+02
2987.00393762726981	2.970671e+02
2988.0022008545925	2.970666e+02
2989.00343779861987	2.970661e+02
2990.00462151368583	2.970656e+02
2991.00276427774497	2.970651e+02
2992.00408740396915	2.970646e+02
2993.00256923452662	2.970641e+02
2994.0043984697968	2.970635e+02
2995.00354736675854	2.970630e+02
2996.00317971552977	2.970624e+02
2997.00325434395472	2.970619e+02
2998.00368004228267	2.970613e+02
2999.00430128388825	2.970607e+02
3000.00179019528696	2.970602e+02
3001.0020707608187	2.970596e+02
3002.00195972128768	2.970590e+02
3003.0045487591633	2.970585e+02
3004.00383637497998	2.970579e+02
3005.00297966111521	2.970573e+02
3006.0020011023953	2.970567e+02
3007.0039681256153	2.970562e+02
3008.00277266076137	2.970556e+02
