#   Area   : 2.13000e-01
#   Time   areaAverage(T)
0.999427 3.001476e+02
2.00049 3.001485e+02
3.00031 3.001482e+02
3.99974 3.001474e+02
4.999837 3.001458e+02
6.00101 3.001436e+02
7.000448 3.001406e+02
8.000372 3.001364e+02
9.000012 3.001305e+02
10.0011397 3.001211e+02
11.0005124 3.001048e+02
12.0006243 3.000829e+02
13.001107 3.000632e+02
13.9997402 3.000498e+02
14.99964955 3.000440e+02
15.99955708 3.000429e+02
17.00134405 3.000441e+02
18.00000337 3.000457e+02
19.00006167 3.000481e+02
20.001505108 3.000532e+02
20.999254464 3.000612e+02
22.00150266 3.000699e+02
23.001714829 3.000780e+02
23.999634984 3.000850e+02
25.00095516804 3.000911e+02
25.9996836352 3.000962e+02
26.99932842931 3.001002e+02
28.00029166142 3.001030e+02
28.99937441246 3.001044e+02
30.002134441893 3.001048e+02
31.002014765417 3.001050e+02
32.001552166551 3.001057e+02
33.000560257147 3.001084e+02
33.999249928093 3.001146e+02
35.00108530523362 3.001261e+02
36.00057592118466 3.001423e+02
37.00120630448001 3.001622e+02
38.00022932106895 3.001851e+02
39.00052258115672 3.002092e+02
40.0012943804983152 3.002330e+02
41.0019879837090926 3.002553e+02
41.9992708912271695 3.002757e+02
43.0021545135227328 3.002946e+02
44.0019391598090266 3.003119e+02
44.9992995861729526 3.003279e+02
46.0009844670853099 3.003435e+02
47.0014489491798813 3.003590e+02
48.0008801364990703 3.003751e+02
48.9995304912996801 3.003920e+02
50.0001794237682375 3.004103e+02
50.9993551299025256 3.004301e+02
51.9998205148969248 3.004517e+02
53.0015311001695864 3.004749e+02
54.0013696283965601 3.004994e+02
54.9993238877661597 3.005244e+02
56.0015339065886479 3.005497e+02
57.0018205760141825 3.005748e+02
58.000096433294182 3.005994e+02
58.9991359299691496 3.006236e+02
60.0016627635771727 3.006473e+02
61.0010778941215932 3.006706e+02
62.0000130700834902 3.006852e+02
63.0010986270090001 3.006857e+02
64.0009690790207202 3.006809e+02
64.9994918949116851 3.006733e+02
65.9998560646141783 3.006640e+02
66.9992477683962306 3.006532e+02
68.0009249354785794 3.006415e+02
69.0019475640447695 3.006289e+02
69.9993513960609874 3.006158e+02
70.9993591323269015 3.006021e+02
72.0020465187059102 3.005881e+02
73.0013581031466714 3.005737e+02
74.000423255190384 3.005590e+02
74.9993458644687365 3.005440e+02
76.0013508435945511 3.005288e+02
77.0005510755528491 3.005133e+02
78.0000113736252843 3.004976e+02
78.9992549610128236 3.004815e+02
80.0009720943383229 3.004651e+02
81.0020589541296232 3.004482e+02
81.9992454193614009 3.004307e+02
83.0014611672898184 3.004128e+02
83.9993628440124525 3.003946e+02
85.0020431376517678 3.003760e+02
86.000333987758637 3.003568e+02
87.0003695380874404 3.003368e+02
88.0020658759812022 3.003160e+02
88.9993795452335519 3.002945e+02
90.0015696379174557 3.002720e+02
90.9997903684166971 3.002488e+02
92.0003898830139377 3.002247e+02
93.0006194266289867 3.002004e+02
94.0007057145538596 3.001756e+02
95.0007997335581251 3.001505e+02
96.0009686444809773 3.001251e+02
97.0012373806239623 3.000992e+02
98.0016053172324462 3.000730e+02
99.0020344570527584 3.000462e+02
99.9994552294174497 3.000193e+02
100.999851234731452 2.999917e+02
102.000136850138333 2.999636e+02
103.000241500016131 2.999352e+02
104.000073061910427 2.999066e+02
104.999552930719901 2.998782e+02
106.001633206025147 2.998493e+02
107.000192996165325 2.998199e+02
108.001260471577879 2.997903e+02
109.001819915586253 2.997600e+02
110.001932009313407 2.997304e+02
111.001635624775176 2.997009e+02
112.000980310532839 2.996718e+02
113.000018915714335 2.996430e+02
114.001807672044521 2.996142e+02
115.000361508444968 2.995842e+02
116.001781982353393 2.995528e+02
117.000048097326257 2.995207e+02
118.00122264940498 2.994887e+02
118.999382617868164 2.994569e+02
120.000616562993542 2.994252e+02
121.002007225989203 2.993936e+02
122.000661640430124 2.993621e+02
122.999734831133267 2.993302e+02
123.99952262735836 2.992968e+02
125.000333848736219 2.992621e+02
125.999642959708595 2.992263e+02
127.000956414914896 2.991901e+02
128.001293686371213 2.991538e+02
129.000700621259568 2.991170e+02
130.002135701572797 2.990802e+02
130.999533849213833 2.990441e+02
131.999244240588723 2.990086e+02
133.001101245812436 2.989745e+02
134.0020971077968 2.989409e+02
135.002075643628388 2.989071e+02
136.000848975566782 2.988724e+02
137.001309026256649 2.988366e+02
138.000254544982795 2.987997e+02
139.000649575250975 2.987619e+02
139.999224934568531 2.987234e+02
141.002036637829093 2.986840e+02
141.999654446908238 2.986447e+02
143.001271960468813 2.986052e+02
144.000548532269903 2.985663e+02
145.00044839448563 2.985283e+02
146.000849050599697 2.984915e+02
147.001677167223932 2.984560e+02
147.99975047252525 2.984214e+02
149.001369451029944 2.983864e+02
150.000282434108982 2.983488e+02
150.999551328031998 2.983080e+02
151.999184896249147 2.982645e+02
152.999208185270845 2.982204e+02
153.999585696359787 2.981743e+02
155.00029833082661 2.981267e+02
156.001343237128225 2.980770e+02
156.999457705577299 2.980271e+02
158.000686168546764 2.979776e+02
159.001776087131674 2.979309e+02
159.999561059721657 2.978902e+02
161.000550527382018 2.978564e+02
162.001972559951867 2.978288e+02
163.000888609676053 2.978049e+02
164.000316687785954 2.977805e+02
165.000096140130211 2.977500e+02
166.000088612179667 2.977128e+02
167.000061340522421 2.976682e+02
167.999782828424799 2.976184e+02
168.999172341489157 2.975681e+02
170.001230534148533 2.975209e+02
170.999544804163264 2.974801e+02
172.00045496321485 2.974438e+02
173.000757901779707 2.974115e+02
174.000444045117518 2.973836e+02
174.999760596408947 2.973614e+02
176.002157779350711 2.973454e+02
177.001661582702695 2.973351e+02
178.001628294344187 2.973296e+02
178.999162606507298 2.973271e+02
180.000503473761029 2.973246e+02
180.999207866690625 2.973181e+02
182.001208593017452 2.973045e+02
183.000047488950003 2.972848e+02
184.001808139786192 2.972622e+02
184.999937399233318 2.972389e+02
186.000595667805044 2.972160e+02
187.000530755139152 2.971949e+02
187.999425330199387 2.971772e+02
189.000062339945401 2.971632e+02
189.999357851741564 2.971516e+02
191.001057008974414 2.971390e+02
191.999795576908383 2.971222e+02
193.002046035564831 2.970992e+02
194.001168212745995 2.970699e+02
195.000232847940111 2.970379e+02
195.99953641592225 2.970196e+02
196.999439237675062 2.970101e+02
197.999269378639354 2.970011e+02
199.000650340503455 2.969908e+02
200.000842022656059 2.969782e+02
201.00119110761409 2.969642e+02
202.001134602567248 2.969490e+02
202.999417775043128 2.969342e+02
204.000827370954454 2.969196e+02
205.000559713225243 2.969033e+02
206.000502514791634 2.968890e+02
207.00011763453864 2.968745e+02
207.999195525308778 2.968587e+02
209.000671541921633 2.968424e+02
210.001817201873507 2.968259e+02
211.0002458890323 2.968098e+02
211.999364130299796 2.967940e+02
213.001839980993253 2.967793e+02
214.000870215088923 2.967661e+02
215.002023773923156 2.967525e+02
216.001504856122665 2.967394e+02
217.002189670235424 2.967274e+02
218.001143521538211 2.967168e+02
219.001212277794565 2.967077e+02
219.999323567592427 2.967012e+02
221.002031393932299 2.966972e+02
222.000217558785977 2.966947e+02
222.99997324448853 2.966930e+02
224.001867206834618 2.966920e+02
225.000375206176443 2.966922e+02
226.00200082573221 2.966920e+02
227.000972114187221 2.966914e+02
228.000539892764351 2.966915e+02
229.000893584517286 2.966932e+02
229.999159920018428 2.966965e+02
231.001639840260879 2.967013e+02
231.999283063040082 2.967072e+02
233.00130211069677 2.967141e+02
234.001698960598503 2.967217e+02
235.000597990278322 2.967296e+02
236.001193587127887 2.967370e+02
237.000556169397072 2.967444e+02
238.001863471893813 2.967503e+02
239.002111919382003 2.967533e+02
240.001418570662111 2.967542e+02
240.999928434963607 2.967534e+02
242.000753346005581 2.967514e+02
243.000790839895984 2.967480e+02
244.000120610590187 2.967431e+02
245.0016559814066 2.967351e+02
246.000482859716641 2.967227e+02
246.99990715638009 2.967069e+02
247.999403010268622 2.966887e+02
249.001563930534189 2.966688e+02
249.99991638000995 2.966489e+02
251.00124377511591 2.966325e+02
252.000612908785769 2.966219e+02
253.001586776589619 2.966211e+02
254.001036030762123 2.966329e+02
254.999975551401036 2.966577e+02
256.000901604547437 2.966928e+02
257.000429744924418 2.967351e+02
258.001671223638084 2.967802e+02
259.001589548794925 2.968253e+02
260.000266655218695 2.968664e+02
261.000969535167712 2.969033e+02
262.000494430921947 2.969341e+02
263.002051357954429 2.969572e+02
263.999663054152222 2.969736e+02
264.999816340629877 2.969836e+02
265.999646482167861 2.969884e+02
266.999122460407477 2.969906e+02
268.001488989346399 2.969919e+02
269.000493605175279 2.969955e+02
270.001990224823089 2.970056e+02
270.999337872084311 2.970242e+02
272.001339823267472 2.970486e+02
273.001474013986467 2.970741e+02
273.999720630411105 2.970960e+02
274.999301622459257 2.971106e+02
276.00038858779908 2.971170e+02
277.000037429810845 2.971160e+02
277.99913815271151 2.971080e+02
279.001896234752223 2.970938e+02
279.999861762659407 2.970753e+02
280.999488359605721 2.970527e+02
282.000390167863145 2.970311e+02
283.001987050804189 2.970122e+02
284.000403045574728 2.969970e+02
285.001459538132849 2.969879e+02
286.001911629869539 2.969841e+02
287.001710184502201 2.969834e+02
288.000877315806576 2.969841e+02
288.999535921458005 2.969844e+02
290.000849147452925 2.969829e+02
291.001784583192489 2.969795e+02
291.999470265078116 2.969750e+02
293.000350726228248 2.969695e+02
294.001453998386921 2.969635e+02
294.99966250983897 2.969569e+02
296.001136649546311 2.969495e+02
296.999687551871489 2.969420e+02
298.001247068601629 2.969347e+02
298.999548585051969 2.969283e+02
300.000750059626967 2.969233e+02
301.001680673730334 2.969205e+02
301.999163971664927 2.969203e+02
302.999367282612582 2.969220e+02
303.999165754537898 2.969250e+02
305.001521887055901 2.969290e+02
306.000375119051853 2.969336e+02
307.001951876416115 2.969386e+02
308.000142042528466 2.969446e+02
309.001212895246681 2.969516e+02
309.999178614301854 2.969586e+02
311.000144539620237 2.969647e+02
312.001033491892031 2.969695e+02
313.001930242594824 2.969730e+02
313.999795573081769 2.969755e+02
315.000737111554429 2.969776e+02
316.001795102997278 2.969796e+02
317.00001860641413 2.969816e+02
318.001569055336915 2.969836e+02
319.000370431756608 2.969855e+02
319.999538897728996 2.969869e+02
321.002128177021007 2.969874e+02
322.001976849831294 2.969874e+02
323.002194787671499 2.969871e+02
323.999791101614449 2.969867e+02
325.000926405668565 2.969861e+02
325.999464392117318 2.969855e+02
327.001583740419449 2.969845e+02
328.001120124628414 2.969828e+02
329.001056924662748 2.969804e+02
330.001316807607054 2.969778e+02
331.001922953082271 2.969755e+02
331.999820607277798 2.969736e+02
333.001108668105701 2.969724e+02
333.999592450065279 2.969719e+02
335.001430012474145 2.969721e+02
336.000445902539866 2.969730e+02
336.999658818477883 2.969747e+02
338.002156064041969 2.969778e+02
339.001851563835544 2.969823e+02
340.001899743984723 2.969877e+02
340.999156465230499 2.969940e+02
341.999853923984119 2.970012e+02
343.000704997008711 2.970083e+02
344.001376858938784 2.970152e+02
345.00203887706607 2.970225e+02
345.999955215504826 2.970291e+02
347.000522663162087 2.970350e+02
348.000200029152836 2.970413e+02
349.000522755694988 2.970473e+02
350.001253613143035 2.970536e+02
351.000624273237918 2.970595e+02
351.999435802063715 2.970659e+02
353.002196744729815 2.970719e+02
354.001070048515999 2.970782e+02
355.001641036799754 2.970861e+02
355.999599629701663 2.970938e+02
357.000540487227624 2.970999e+02
358.000075444862205 2.971068e+02
358.999302800154226 2.971144e+02
360.001709987803054 2.971223e+02
361.000074298292702 2.971302e+02
362.000859290272558 2.971381e+02
363.001622746756937 2.971445e+02
364.001832563596452 2.971493e+02
365.001535463384243 2.971528e+02
366.00131467837474 2.971551e+02
367.00110538924082 2.971563e+02
368.000736030787152 2.971564e+02
369.000275218586978 2.971558e+02
369.999824276884169 2.971548e+02
370.999426774194205 2.971540e+02
372.002080612393968 2.971543e+02
373.001588932385062 2.971556e+02
374.001081446833666 2.971578e+02
375.000626116571937 2.971604e+02
376.000218547876443 2.971635e+02
376.999910591726973 2.971664e+02
377.999797780145002 2.971687e+02
378.999906813743962 2.971699e+02
380.000244808336674 2.971701e+02
381.000865619572778 2.971691e+02
382.001806304484546 2.971669e+02
382.999946272056377 2.971636e+02
384.001355606036498 2.971599e+02
384.99985631053687 2.971562e+02
386.0015402976166 2.971530e+02
387.000162701931743 2.971504e+02
388.001801501548812 2.971492e+02
389.000300444038373 2.971496e+02
390.001742707954349 2.971516e+02
390.99990443699852 2.971546e+02
392.000936197689441 2.971580e+02
393.00177492471073 2.971617e+02
393.999328852185783 2.971664e+02
394.999780108992752 2.971713e+02
396.000134804692266 2.971762e+02
397.00042004616688 2.971806e+02
398.000667031307955 2.971847e+02
399.000931769728538 2.971881e+02
400.001227470614424 2.971911e+02
401.001544797640236 2.971936e+02
402.001902596511854 2.971959e+02
402.999246021227464 2.971980e+02
403.999704245461601 2.972002e+02
405.000213976000339 2.972025e+02
406.000785726507388 2.972048e+02
407.001408508531085 2.972071e+02
408.002071314539194 2.972092e+02
408.999708595374841 2.972109e+02
410.000459919667492 2.972124e+02
411.001252828558734 2.972136e+02
412.002098628850092 2.972146e+02
412.999937502784405 2.972154e+02
414.000908309496879 2.972161e+02
415.001942485681127 2.972166e+02
415.999966713914432 2.972171e+02
417.001110452812043 2.972177e+02
417.999223947442431 2.972185e+02
419.000449839982025 2.972196e+02
420.001714127287812 2.972209e+02
420.999943618431587 2.972225e+02
422.001290078822194 2.972245e+02
422.999615985253001 2.972267e+02
424.001060314288623 2.972291e+02
424.999478222599919 2.972317e+02
426.001017745420938 2.972346e+02
426.999530720086625 2.972375e+02
428.001152874177365 2.972405e+02
428.999734515582077 2.972435e+02
430.001408625449528 2.972463e+02
431.000010340225799 2.972491e+02
432.001667839199797 2.972517e+02
433.000221815074497 2.972542e+02
434.001804251808949 2.972567e+02
435.000261415516377 2.972592e+02
436.001731095603191 2.972613e+02
437.000062707295285 2.972634e+02
438.001391866866186 2.972652e+02
438.999570770102707 2.972669e+02
440.000737846380048 2.972686e+02
441.00182111589163 2.972706e+02
441.999771361342766 2.972729e+02
443.000763413799177 2.972757e+02
444.001696459830953 2.972786e+02
444.999500435886944 2.972814e+02
446.00032752414711 2.972842e+02
447.001117645498596 2.972869e+02
448.001883226712721 2.972895e+02
448.999571098762033 2.972920e+02
450.00033578121878 2.972943e+02
451.00111711588346 2.972966e+02
452.001919501336943 2.972986e+02
452.999672442533097 2.973004e+02
454.000509144188925 2.973020e+02
455.001349657630726 2.973034e+02
456.002184940512961 2.973045e+02
456.999938224470498 2.973055e+02
458.000744652436538 2.973064e+02
459.001531729330225 2.973074e+02
459.999229727689283 2.973082e+02
460.999980922561065 2.973090e+02
462.000721221335311 2.973098e+02
463.001457879234579 2.973107e+02
464.002198438059679 2.973118e+02
464.999883907378376 2.973132e+02
466.000675712563577 2.973146e+02
467.001515884230287 2.973160e+02
467.999330505639648 2.973175e+02
469.000266807748972 2.973190e+02
470.001261089356149 2.973205e+02
470.999245163364833 2.973220e+02
472.000360361590424 2.973235e+02
473.001534471459308 2.973251e+02
473.99969086704948 2.973266e+02
475.000964073942441 2.973283e+02
475.999201404603866 2.973299e+02
477.000533716233122 2.973315e+02
478.001873839315238 2.973332e+02
479.000134933457161 2.973349e+02
480.001446950719014 2.973364e+02
480.999654544415421 2.973379e+02
482.00089220139256 2.973393e+02
483.002083364948987 2.973408e+02
484.000154946090731 2.973422e+02
485.001249816296991 2.973438e+02
485.999230737996697 2.973456e+02
487.00024615858581 2.973476e+02
488.001234027089424 2.973497e+02
488.999135972829379 2.973518e+02
490.000107037485407 2.973539e+02
491.001090819159572 2.973560e+02
492.002101665974578 2.973581e+02
493.00008301340813 2.973601e+02
494.001188349803726 2.973620e+02
494.999284798957547 2.973637e+02
496.000521798226259 2.973655e+02
497.001832923759764 2.973670e+02
498.000146640750472 2.973685e+02
499.001605196865512 2.973698e+02
500.000061963698101 2.973712e+02
501.001655800322453 2.973724e+02
502.000234992100616 2.973737e+02
503.001937609868378 2.973749e+02
504.000610741995047 2.973760e+02
504.999319615887543 2.973773e+02
506.001131858100678 2.973785e+02
506.999897443339478 2.973798e+02
508.001760645684897 2.973812e+02
509.00057494393468 2.973825e+02
509.999413898640967 2.973840e+02
511.001351703648083 2.973855e+02
512.000243591651156 2.973871e+02
512.999166595937822 2.973887e+02
514.001198888276008 2.973903e+02
515.000197471901288 2.973919e+02
515.999240191230342 2.973935e+02
517.001404900109492 2.973951e+02
518.000546014341694 2.973967e+02
518.9997392945819 2.973982e+02
520.002060063838258 2.973998e+02
521.001358525883006 2.974013e+02
522.000709177407316 2.974028e+02
523.000105090532884 2.974043e+02
523.999529934207544 2.974059e+02
525.002084781041731 2.974073e+02
526.001622665853461 2.974087e+02
527.001171985616338 2.974103e+02
528.000721685101212 2.974118e+02
529.000262130536157 2.974134e+02
529.999796097172407 2.974150e+02
530.999318975361916 2.974164e+02
532.001899480313568 2.974178e+02
533.001399512774583 2.974193e+02
534.000900020699419 2.974208e+02
535.000404316961408 2.974223e+02
535.999921060856764 2.974237e+02
536.999458418444192 2.974252e+02
538.002103412542056 2.974265e+02
539.001714787084325 2.974278e+02
540.001366371732502 2.974290e+02
541.001061457090373 2.974302e+02
542.000809750296298 2.974314e+02
543.000609536481306 2.974326e+02
544.000457062784562 2.974337e+02
545.000356160035494 2.974348e+02
546.000305324828219 2.974359e+02
547.000296519477502 2.974369e+02
548.00032856348605 2.974379e+02
549.00039992437064 2.974388e+02
550.00050195823269 2.974397e+02
551.000628867013802 2.974406e+02
552.000778619984771 2.974414e+02
553.000945071355659 2.974422e+02
554.001124319738892 2.974431e+02
555.001316586008329 2.974439e+02
556.001519320644888 2.974448e+02
557.001731672484084 2.974456e+02
558.001954675918114 2.974465e+02
559.002190567552361 2.974474e+02
559.999362884992479 2.974483e+02
560.999630826612474 2.974491e+02
561.999920830554856 2.974500e+02
563.000235633839111 2.974509e+02
564.000576550278424 2.974518e+02
565.000944078801922 2.974527e+02
566.001337432372793 2.974535e+02
567.001755222184784 2.974544e+02
568.002196495543558 2.974551e+02
568.999580920182666 2.974559e+02
570.000062861669335 2.974567e+02
571.000563368208532 2.974574e+02
572.001080476734842 2.974581e+02
573.001612390215314 2.974587e+02
574.002157901395321 2.974593e+02
574.999637739490481 2.974598e+02
576.000208103055229 2.974603e+02
577.000790376419445 2.974608e+02
578.00138554894454 2.974613e+02
579.001995962862566 2.974617e+02
579.999544495687815 2.974622e+02
581.000190636220964 2.974626e+02
582.000857445269162 2.974630e+02
583.001547127940512 2.974635e+02
583.999183521675604 2.974639e+02
584.999926948589632 2.974643e+02
586.000700489218843 2.974647e+02
587.001506598911533 2.974651e+02
587.99926799382547 2.974654e+02
589.000145409217112 2.974658e+02
590.001061787678282 2.974661e+02
591.002019298079972 2.974663e+02
591.999939170705602 2.974666e+02
593.000983032244562 2.974668e+02
594.002072942547557 2.974670e+02
595.000129737546672 2.974671e+02
596.001316151765764 2.974673e+02
596.999472665188705 2.974674e+02
598.000761925122447 2.974676e+02
599.002104637616185 2.974677e+02
600.000419838153448 2.974679e+02
601.001870748756801 2.974680e+02
602.000295198039908 2.974683e+02
603.001856482751009 2.974686e+02
604.000391285519527 2.974689e+02
605.002064012870051 2.974693e+02
606.000709777146653 2.974697e+02
606.999409940374107 2.974702e+02
608.001245875481345 2.974706e+02
609.000049676068443 2.974711e+02
610.001977780122729 2.974716e+02
611.000845954300644 2.974722e+02
611.99973879132358 2.974727e+02
613.0017381606973 2.974733e+02
614.000676823116464 2.974738e+02
614.999639012873558 2.974744e+02
616.001711923290941 2.974757e+02
617.000734056203328 2.974772e+02
617.999790448542399 2.974785e+02
619.001965576661064 2.974799e+02
620.001094966328083 2.974812e+02
621.000264110250328 2.974825e+02
621.999473763055789 2.974837e+02
623.001807770423625 2.974849e+02
624.001097977880477 2.974861e+02
625.000428471307941 2.974873e+02
625.99979888765597 2.974884e+02
626.999206816023047 2.974893e+02
628.001734472853627 2.974903e+02
629.001210015546008 2.974911e+02
630.000717516821396 2.974919e+02
631.000256078500001 2.974926e+02
631.999825123270284 2.974933e+02
632.999426658020411 2.974940e+02
634.00214914754838 2.974946e+02
635.00182383606159 2.974952e+02
636.00153826904284 2.974958e+02
637.001295668469538 2.974964e+02
638.001098441052591 2.974970e+02
639.000949078242797 2.974975e+02
640.000852172062196 2.974980e+02
641.000811977679632 2.974985e+02
642.000826046606221 2.974989e+02
643.00088421093858 2.974993e+02
644.000987198982557 2.974997e+02
645.001135073950991 2.975001e+02
646.001327198662466 2.975003e+02
647.001564001378711 2.975005e+02
648.001846248315132 2.975007e+02
649.002175559720968 2.975009e+02
649.999466234982947 2.975010e+02
650.999894350096497 2.975011e+02
652.000373217148535 2.975012e+02
653.000902076524198 2.975012e+02
654.00147562295092 2.975012e+02
655.002088305455345 2.975011e+02
655.999648575967171 2.975010e+02
657.000332758057425 2.975009e+02
658.0010501714155 2.975007e+02
659.001800652544148 2.975005e+02
659.99949457924231 2.975003e+02
661.00031023942654 2.975001e+02
662.001159454296953 2.974999e+02
663.002044136727022 2.974997e+02
663.999875970023027 2.974996e+02
665.000834738074445 2.974995e+02
666.001832272214756 2.974994e+02
666.999780480688059 2.974994e+02
668.00086067640018 2.974993e+02
669.0019849067927 2.974992e+02
670.000066609870373 2.974990e+02
671.001289291633157 2.974987e+02
671.999475757621894 2.974983e+02
673.000807624938147 2.974977e+02
674.00218933117651 2.974970e+02
675.000530347012273 2.974962e+02
676.00201286504398 2.974954e+02
677.000455554626456 2.974946e+02
678.00203940307631 2.974937e+02
679.000578665894523 2.974930e+02
679.999162369956139 2.974922e+02
681.000880745148152 2.974916e+02
681.99954849522635 2.974909e+02
683.001348837939759 2.974904e+02
684.000098695633596 2.974898e+02
685.001982198614996 2.974892e+02
686.000816954055722 2.974887e+02
686.999697858463037 2.974880e+02
688.00171817598391 2.974872e+02
689.000696449352063 2.974864e+02
689.999727806012288 2.974855e+02
691.001907207350882 2.974846e+02
692.001049376099786 2.974837e+02
693.000249775258794 2.974828e+02
693.999509619646233 2.974820e+02
695.001924732240695 2.974812e+02
696.001309593331143 2.974805e+02
697.000760008039492 2.974798e+02
698.000278654198837 2.974792e+02
698.999867765049999 2.974784e+02
699.999528647373381 2.974777e+02
700.999261851223423 2.974770e+02
702.002166662328364 2.974762e+02
703.002048461605796 2.974752e+02
704.002016020040287 2.974742e+02
705.002067926577752 2.974731e+02
706.00220676286699 2.974720e+02
706.999339558774523 2.974708e+02
707.999660490636643 2.974696e+02
709.000074117678878 2.974684e+02
710.000580381524742 2.974672e+02
711.001179537292728 2.974660e+02
712.001873981621088 2.974649e+02
712.999567203269407 2.974638e+02
714.00045794582627 2.974628e+02
715.001450105897447 2.974618e+02
715.999448579511522 2.974609e+02
717.000655854154957 2.974598e+02
718.0019742138428 2.974588e+02
719.000305392174141 2.974576e+02
720.001852983587924 2.974565e+02
721.000416218402506 2.974553e+02
722.002200570993409 2.974542e+02
723.001008981241284 2.974531e+02
723.999950655311068 2.974520e+02
725.002133639869839 2.974510e+02
726.001353102790858 2.974500e+02
727.00071608947178 2.974491e+02
728.00022038558518 2.974483e+02
728.999871265919523 2.974474e+02
729.999674178006103 2.974466e+02
730.999624470423214 2.974458e+02
731.999723814716162 2.974450e+02
732.999981920546702 2.974442e+02
734.000399350975727 2.974432e+02
735.000982023089364 2.974422e+02
736.001751885511112 2.974412e+02
736.999619236443891 2.974401e+02
738.000802725583412 2.974390e+02
739.002187912777913 2.974378e+02
740.000664238488525 2.974366e+02
740.999335135875413 2.974354e+02
742.001306272409806 2.974343e+02
743.00035018367214 2.974332e+02
743.99957864434225 2.974322e+02
745.00209378730176 2.974312e+02
746.001656578055645 2.974303e+02
747.001380774958648 2.974293e+02
748.00126859852594 2.974283e+02
749.001303812227547 2.974272e+02
750.001478226125414 2.974261e+02
751.001804049645898 2.974248e+02
751.999170492685494 2.974235e+02
752.999809978551639 2.974222e+02
754.000617256708324 2.974209e+02
755.00160456231481 2.974196e+02
755.9996414509244 2.974186e+02
757.000951254417714 2.974176e+02
757.999294888358463 2.974168e+02
759.000917716026038 2.974163e+02
759.999566380384408 2.974159e+02
761.001471295675515 2.974156e+02
762.000398866962996 2.974153e+02
762.999480786557797 2.974149e+02
764.001828470308624 2.974144e+02
765.001191457607433 2.974138e+02
766.000702680357449 2.974130e+02
767.000354804227186 2.974122e+02
768.000129205270241 2.974114e+02
769.000031120643371 2.974107e+02
770.000070989382039 2.974100e+02
771.000232985301295 2.974093e+02
772.000507517313849 2.974088e+02
773.00091097560221 2.974082e+02
774.001447959901384 2.974076e+02
774.998969051475342 2.974069e+02
775.999733179126224 2.974063e+02
777.000628535097917 2.974056e+02
777.998511779941055 2.974049e+02
778.999625465291729 2.974041e+02
780.000852992181535 2.974033e+02
780.999067502251023 2.974025e+02
782.000501651750483 2.974015e+02
782.998890402950906 2.974006e+02
784.000510709332616 2.973995e+02
784.999095951145591 2.973983e+02
786.000885146906739 2.973970e+02
786.999626701129273 2.973957e+02
788.001601758150173 2.973944e+02
789.000530123687213 2.973930e+02
789.999530848230279 2.973917e+02
790.99862715721315 2.973904e+02
792.000951261299747 2.973892e+02
793.000211673519857 2.973880e+02
793.999551064803086 2.973871e+02
794.998993047389376 2.973861e+02
795.998539242270454 2.973853e+02
797.00121385970408 2.973844e+02
798.00083212691186 2.973837e+02
799.000522314330169 2.973831e+02
800.000250605756605 2.973824e+02
801.000017169912667 2.973818e+02
801.999842073571358 2.973812e+02
802.999706484609419 2.973806e+02
803.999582733291618 2.973800e+02
804.999482047756146 2.973796e+02
805.999415658781686 2.973791e+02
806.999351759117303 2.973785e+02
807.999274949151413 2.973781e+02
808.999208724711366 2.973778e+02
809.99914808867095 2.973775e+02
810.999056193766251 2.973771e+02
811.998932488494233 2.973768e+02
812.998803996338438 2.973767e+02
813.998654002002354 2.973764e+02
815.001579920991389 2.973761e+02
816.00133257523828 2.973759e+02
817.001074908216992 2.973757e+02
818.000771926080461 2.973754e+02
819.000393426636151 2.973751e+02
819.999981202322829 2.973749e+02
820.999550655257735 2.973746e+02
821.99903903299446 2.973743e+02
823.001566279714211 2.973742e+02
824.000924564271259 2.973736e+02
825.000221582081508 2.973732e+02
825.999382328954994 2.973731e+02
827.001587692406019 2.973726e+02
828.000627895948355 2.973719e+02
828.999551449502519 2.973717e+02
830.001467451544841 2.973714e+02
831.00021531107916 2.973707e+02
831.998895971035608 2.973701e+02
833.00053533753794 2.973697e+02
833.998955071971295 2.973693e+02
835.00047699596098 2.973684e+02
835.998715522652674 2.973679e+02
836.999930671296283 2.973675e+02
838.001123477570104 2.973668e+02
838.999081881752318 2.973661e+02
839.999970080385197 2.973656e+02
841.000794857779169 2.973651e+02
842.001560905365864 2.973644e+02
842.999001408825166 2.973638e+02
843.999452529910513 2.973633e+02
844.999872326116702 2.973624e+02
846.00012386627759 2.973620e+02
847.000222763155534 2.973614e+02
848.000292433634058 2.973607e+02
849.000242785677756 2.973600e+02
850.00002896157423 2.973592e+02
850.999761643604757 2.973584e+02
851.999393702273892 2.973576e+02
852.998859638489989 2.973564e+02
854.001360649677281 2.973552e+02
855.000657095778593 2.973540e+02
855.999813643532775 2.973526e+02
856.998873063266615 2.973511e+02
858.000986364875075 2.973497e+02
858.999868720381755 2.973480e+02
859.998649532608965 2.973465e+02
861.000471721768236 2.973448e+02
861.999066316743551 2.973431e+02
863.00067494956329 2.973414e+02
863.999087793853846 2.973395e+02
865.000544472149613 2.973376e+02
865.998803714020937 2.973355e+02
867.000122603809928 2.973333e+02
868.001384262134707 2.973310e+02
868.999472388112508 2.973286e+02
870.000643261292907 2.973262e+02
870.998667684868224 2.973238e+02
871.999782446837344 2.973213e+02
873.000874958462532 2.973189e+02
873.998827776105145 2.973166e+02
874.999872922336863 2.973142e+02
876.000892789683121 2.973118e+02
876.998770256755165 2.973095e+02
877.999739486612611 2.973071e+02
879.000683825170086 2.973047e+02
880.001608363271998 2.973023e+02
880.999396520939513 2.973000e+02
882.000287412664647 2.972976e+02
883.001169270520791 2.972952e+02
883.998928084996123 2.972929e+02
884.999805708670237 2.972904e+02
886.000690875077112 2.972880e+02
887.001587333905491 2.972857e+02
887.999378046442303 2.972834e+02
889.000298849841215 2.972812e+02
890.001227169192589 2.972791e+02
890.999038491454712 2.972771e+02
891.999963323031352 2.972752e+02
893.000877356106457 2.972734e+02
893.998656425749232 2.972717e+02
894.999532193965592 2.972701e+02
896.00038300383892 2.972686e+02
897.001206450445807 2.972672e+02
897.998883302916397 2.972659e+02
898.999649348573598 2.972645e+02
900.000386891797802 2.972632e+02
901.001097298132891 2.972620e+02
901.998664901937559 2.972607e+02
902.999325858317889 2.972595e+02
903.999963408500321 2.972582e+02
905.00057879198755 2.972569e+02
906.001172663939997 2.972556e+02
906.998627661731803 2.972542e+02
907.999177637872663 2.972527e+02
908.999704328773987 2.972511e+02
910.000205979892371 2.972496e+02
911.000680661403294 2.972479e+02
912.001126076367655 2.972463e+02
913.0015389069398 2.972445e+02
913.998800052091042 2.972427e+02
914.999140677978858 2.972409e+02
915.999443047825253 2.972389e+02
916.999706709535417 2.972369e+02
917.9999324325413 2.972348e+02
919.000120945214121 2.972326e+02
920.000274033838991 2.972304e+02
921.000394375183646 2.972280e+02
922.000485300970581 2.972256e+02
923.000549587474893 2.972231e+02
924.000590745406612 2.972206e+02
925.000611420237874 2.972180e+02
926.000613609053062 2.972154e+02
927.000599446097908 2.972127e+02
928.000569194498098 2.972100e+02
929.000522922412983 2.972072e+02
930.00045981055996 2.972044e+02
931.000378734565288 2.972017e+02
932.000279030365391 2.971990e+02
933.000160171714697 2.971962e+02
934.000022525270765 2.971933e+02
934.999867901941911 2.971905e+02
935.999698896975019 2.971877e+02
936.999519162073966 2.971849e+02
937.999332095546947 2.971822e+02
938.999141000032296 2.971795e+02
939.998949079595945 2.971767e+02
940.998758037671109 2.971740e+02
941.998568508800759 2.971714e+02
943.001495012791338 2.971688e+02
944.001307348309638 2.971664e+02
945.001117308138419 2.971639e+02
946.000922549333836 2.971615e+02
947.000718497132311 2.971592e+02
948.000501810637275 2.971569e+02
949.000268707143277 2.971547e+02
950.000015691923181 2.971525e+02
950.999740415221709 2.971504e+02
951.999440668327338 2.971484e+02
952.999114517718226 2.971464e+02
953.998760791102313 2.971444e+02
955.001492963863257 2.971424e+02
956.001082963674321 2.971404e+02
957.000645038631092 2.971385e+02
958.000178803099629 2.971365e+02
958.999682979672343 2.971346e+02
959.99915611341271 2.971326e+02
960.998596297893869 2.971307e+02
962.001114210052492 2.971287e+02
963.000481022976601 2.971268e+02
963.999807458572491 2.971249e+02
964.999090907294772 2.971229e+02
966.001442156829967 2.971210e+02
967.00063385017711 2.971190e+02
967.999778394348027 2.971170e+02
968.998876222372701 2.971149e+02
970.001041290887429 2.971128e+02
971.00005162988009 2.971106e+02
971.99902222709477 2.971083e+02
973.001068265900244 2.971059e+02
973.999968298627778 2.971035e+02
974.998835801962286 2.971010e+02
976.000783794113772 2.970984e+02
976.999589948280573 2.970958e+02
978.001478315908685 2.970930e+02
979.000227384655773 2.970902e+02
979.998950053329395 2.970874e+02
981.000759147816893 2.970844e+02
981.999433860136037 2.970815e+02
983.001198919287617 2.970785e+02
983.999833765523476 2.970754e+02
985.001562066623023 2.970723e+02
986.000163562993293 2.970692e+02
986.998750851895807 2.970660e+02
988.000436835688788 2.970629e+02
988.999001766113224 2.970597e+02
990.000669566239139 2.970565e+02
990.999220801870592 2.970533e+02
992.000879034973195 2.970501e+02
992.999424557068551 2.970469e+02
994.001079242855212 2.970437e+02
994.999621495325073 2.970406e+02
996.001272379075544 2.970375e+02
996.999808992381304 2.970345e+02
998.00145173852161 2.970315e+02
998.999978241237272 2.970285e+02
1000.00160959835716 2.970255e+02
1001.0001236260174 2.970226e+02
1001.99863129237235 2.970197e+02
1003.00024257300242 2.970168e+02
1003.99873512430747 2.970141e+02
1005.00032852015397 2.970113e+02
1005.99879928425139 2.970085e+02
1007.00036695508913 2.970058e+02
1007.99880919247039 2.970032e+02
1009.00034613438197 2.970006e+02
1009.99875574490147 2.969979e+02
1011.00025693841337 2.969953e+02
1011.99862805223597 2.969928e+02
1013.00008661249171 2.969903e+02
1014.00152002830805 2.969878e+02
1014.99981539430576 2.969854e+02
1016.00118991158695 2.969829e+02
1016.99942133770173 2.969806e+02
1018.00072743686451 2.969782e+02
1018.99888733657883 2.969757e+02
1020.0001194479787 2.969732e+02
1021.0013144051718 2.969707e+02
1021.99936417932599 2.969682e+02
1023.00048793499343 2.969657e+02
1024.00157635031769 2.969631e+02
1024.99951923650224 2.969605e+02
1026.00053376456799 2.969578e+02
1026.99840141366099 2.969552e+02
1027.99934028847269 2.969524e+02
1029.00024373670999 2.969497e+02
1029.99800516408482 2.969469e+02
1030.99884221824027 2.969441e+02
1031.99964671941939 2.969399e+02
1033.00041802231635 2.969358e+02
1033.99804952709655 2.969319e+02
1034.99875870898768 2.969279e+02
1035.99944064779402 2.969240e+02
1037.00009994695847 2.969200e+02
1038.00074205531064 2.969160e+02
1038.99826386522864 2.969119e+02
1039.99888329008604 2.969078e+02
1040.99949323576243 2.969037e+02
1042.00009334319179 2.968995e+02
1043.00068206451465 2.968953e+02
1043.99814967603993 2.968910e+02
1044.99870863692104 2.968867e+02
1045.99924781729806 2.968824e+02
1046.99976355174067 2.968780e+02
1048.00025367515536 2.968737e+02
1049.00071861765264 2.968694e+02
1049.99805381919327 2.968651e+02
1050.99847620815876 2.968608e+02
1051.99888214853831 2.968565e+02
1052.99927355657019 2.968523e+02
1053.9996523324719 2.968480e+02
1055.00002043905374 2.968438e+02
1056.00037971354323 2.968396e+02
1057.00073245915132 2.968355e+02
1057.99797295655617 2.968314e+02
1058.99831543682899 2.968274e+02
1059.99865196832684 2.968233e+02
1060.99898010463107 2.968192e+02
1061.99929558142412 2.968153e+02
1062.99959473043623 2.968113e+02
1063.99987413955296 2.968074e+02
1065.00013162082382 2.968035e+02
1066.0003666061491 2.968006e+02
1067.00058056368607 2.967980e+02
1068.00077596735809 2.967952e+02
1069.00095477978175 2.967923e+02
1069.99801178201983 2.967893e+02
1070.99815862411697 2.967864e+02
1071.99828564748941 2.967835e+02
1072.99838778802427 2.967806e+02
1073.99845913444005 2.967778e+02
1074.9984943237796 2.967750e+02
1075.99848998123457 2.967722e+02
1076.99844496008745 2.967694e+02
1077.99835962096631 2.967666e+02
1078.99823550914539 2.967638e+02
1079.99804283451908 2.967604e+02
1080.99777406137309 2.967575e+02
1081.99757889515672 2.967546e+02
1082.99736940244225 2.967518e+02
1083.997131230901 2.967489e+02
1084.99997233226168 2.967459e+02
1085.99968519321806 2.967430e+02
1086.99937344953241 2.967400e+02
1087.99903579596662 2.967370e+02
1088.99867164629632 2.967339e+02
1089.99828016497986 2.967308e+02
1090.99786207309512 2.967276e+02
1091.99741979769374 2.967243e+02
1092.99695453449795 2.967210e+02
1093.99957109156776 2.967175e+02
1094.99906341952942 2.967141e+02
1095.99853767852869 2.967105e+02
1096.99799652755314 2.967069e+02
1097.99744266236758 2.967031e+02
1098.99998253767399 2.966994e+02
1099.99941124372504 2.966953e+02
1100.99883557991279 2.966897e+02
1101.99825767902257 2.966845e+02
1102.99768014663232 2.966794e+02
1103.99710595075726 2.966743e+02
1104.99964161450657 2.966692e+02
1105.99908297351203 2.966641e+02
1106.99853713760399 2.966591e+02
1107.99800585816433 2.966539e+02
1108.9974892800883 2.966488e+02
1109.99698550838366 2.966436e+02
1110.9995967161592 2.966384e+02
1111.99911250392847 2.966333e+02
1112.99863366098452 2.966281e+02
1113.99815714160036 2.966231e+02
1114.99768068710409 2.966179e+02
1115.9972029713133 2.966130e+02
1116.99982721927131 2.966080e+02
1117.99934466068339 2.966031e+02
1118.99885918591713 2.965983e+02
1119.99837112821047 2.965936e+02
1120.99788002591595 2.965889e+02
1121.9973852182859 2.965843e+02
1122.99999101212848 2.965797e+02
1123.99948905605766 2.965752e+02
1124.99898330748624 2.965708e+02
1125.99847339668077 2.965665e+02
1126.99795813229139 2.965622e+02
1127.99743513206772 2.965580e+02
1129.00000566831295 2.965538e+02
1129.99945815789215 2.965497e+02
1130.99889325602135 2.965457e+02
1131.99830841874882 2.965442e+02
1133.00080490487903 2.965413e+02
1134.00017295241537 2.965383e+02
1134.99951269206895 2.965353e+02
1135.99882001690776 2.965323e+02
1136.9980899825764 2.965294e+02
1138.00042121801789 2.965265e+02
1138.99960350566766 2.965235e+02
1139.99873758961189 2.965205e+02
1141.00092542982816 2.965175e+02
1141.99996276609818 2.965146e+02
1142.99895494689849 2.965116e+02
1144.00100640711162 2.965085e+02
1144.99991575993818 2.965055e+02
1145.99878880975484 2.965024e+02
1147.0007313388096 2.964992e+02
1147.99954265645124 2.964960e+02
1148.99832711965564 2.964928e+02
1150.000187799591 2.964895e+02
1150.99892189105094 2.964852e+02
1152.00073346352883 2.964806e+02
1152.99942172058309 2.964760e+02
1153.99809208171928 2.964714e+02
1154.99985105495193 2.964667e+02
1155.99850184254683 2.964620e+02
1157.00025319591782 2.964571e+02
1157.99890694103397 2.964521e+02
1159.00066832192624 2.964470e+02
1159.99933451059292 2.964418e+02
1160.99800622983889 2.964365e+02
1161.9997834014282 2.964311e+02
1162.99846151705219 2.964257e+02
1164.00024126092603 2.964202e+02
1164.99891712956332 2.964146e+02
1166.00068994524736 2.964090e+02
1166.99935646339691 2.964034e+02
1167.9980188936504 2.963977e+02
1168.99978069425833 2.963920e+02
1169.9984467029667 2.963863e+02
1171.00022526371276 2.963806e+02
1171.99892255418968 2.963748e+02
1173.00074953688045 2.963690e+02
1173.99949361987819 2.963633e+02
1174.99825013742043 2.963574e+02
1176.00013710691951 2.963517e+02
1176.99895466628141 2.963459e+02
1178.00090672586907 2.963402e+02
1178.99978597725067 2.963347e+02
1179.99868844415846 2.963291e+02
1181.0007103556602 2.963238e+02
1181.99964151327413 2.963184e+02
1182.99858001971097 2.963133e+02
1184.00062515109835 2.963082e+02
1184.99957067028504 2.963032e+02
1185.99851899484156 2.962983e+02
1187.00057351632518 2.962935e+02
1187.99953059631616 2.962887e+02
1188.99849362446412 2.962840e+02
1190.00056565881141 2.962794e+02
1190.99954199423428 2.962748e+02
1191.99852380361835 2.962703e+02
1193.0006089512633 2.962659e+02
1193.99958603475943 2.962616e+02
1194.99855016271181 2.962574e+02
1196.00059544823239 2.962534e+02
1196.99950960317574 2.962494e+02
1197.99838901838962 2.962455e+02
1199.00033048155274 2.962418e+02
1199.99912615566609 2.962381e+02
1201.00097866831493 2.962344e+02
1201.99968382255634 2.962314e+02
1202.99834003880733 2.962287e+02
1204.000048194486 2.962258e+02
1204.99862036699483 2.962228e+02
1206.00026296274086 2.962198e+02
1206.99877532803589 2.962167e+02
1208.00035765685629 2.962136e+02
1208.99880374529289 2.962105e+02
1210.00030765006909 2.962073e+02
1210.99866048260742 2.962029e+02
1212.00005521470644 2.961985e+02
1212.99828645891466 2.961941e+02
1213.99955647530646 2.961908e+02
1215.00077473615215 2.961872e+02
1215.99885572998278 2.961834e+02
1217.00001534245234 2.961793e+02
1217.99807015916804 2.961751e+02
1218.99923182491011 2.961707e+02
1220.00040784604539 2.961661e+02
1220.99850238459476 2.961609e+02
1221.99971680765952 2.961545e+02
1223.0009526615288 2.961482e+02
1223.99911018558737 2.961419e+02
1225.00038901855055 2.961357e+02
1225.99859035402733 2.961295e+02
1226.99991543423243 2.961232e+02
1227.9981656946045 2.961170e+02
1228.9995445570305 2.961107e+02
1230.0009559124162 2.961042e+02
1230.99930306384226 2.960977e+02
1232.00079096131367 2.960912e+02
1232.99922256000877 2.960846e+02
1234.00080150474764 2.960780e+02
1234.99932704594016 2.960715e+02
1236.00100135483262 2.960649e+02
1236.99962158512949 2.960585e+02
1237.99828767946792 2.960521e+02
1239.00009935828234 2.960459e+02
1239.99885077281624 2.960397e+02
1241.00074088707311 2.960337e+02
1241.99955992815626 2.960279e+02
1242.99840375107306 2.960222e+02
1244.00036954211714 2.960166e+02
1244.99924899340976 2.960111e+02
1245.99814252710053 2.960057e+02
1247.00015233778663 2.960004e+02
1247.99907446850011 2.959952e+02
1248.99801245657409 2.959901e+02
1250.00006949212343 2.959850e+02
1250.99903874465963 2.959801e+02
1251.9980171517559 2.959753e+02
1253.00009871743578 2.959706e+02
1253.99906924520496 2.959661e+02
1254.99802171148099 2.959617e+02
1256.00004890617402 2.959575e+02
1256.99893735115597 2.959535e+02
1258.00088512359002 2.959495e+02
1258.99968529377657 2.959457e+02
1259.99843966837557 2.959419e+02
1261.00025147559381 2.959381e+02
1261.99892107124424 2.959343e+02
1263.00065423065553 2.959305e+02
1263.99925049751687 2.959267e+02
1265.0009135610826 2.959228e+02
1265.99944161575922 2.959189e+02
1266.99793565363575 2.959149e+02
1267.99949549814323 2.959109e+02
1268.99791731754135 2.959070e+02
1269.9993999202743 2.959032e+02
1271.00083948422684 2.958993e+02
1271.99913290560312 2.958952e+02
1273.00047962419103 2.958910e+02
1273.99868037886404 2.958876e+02
1274.99993909200953 2.958841e+02
1275.99806137866858 2.958803e+02
1276.99925376117221 2.958764e+02
1278.00042350549757 2.958723e+02
1278.99847846206808 2.958680e+02
1279.9996250331501 2.958635e+02
1281.00076718556329 2.958575e+02
1281.99880365085437 2.958516e+02
1282.99993413125026 2.958456e+02
1283.99796679431188 2.958397e+02
1284.99911057220856 2.958337e+02
1286.00027752006417 2.958277e+02
1286.99837975066725 2.958217e+02
1287.99962550355622 2.958156e+02
1289.0009215487255 2.958094e+02
1289.99917414749689 2.958030e+02
1291.00058816401247 2.957964e+02
1291.99896510465373 2.957897e+02
1293.00051009187996 2.957830e+02
1293.9990221543444 2.957763e+02
1295.0006992244821 2.957695e+02
1295.99933696642756 2.957627e+02
1296.99803311771893 2.957559e+02
1297.99988504428347 2.957492e+02
1298.99868789046354 2.957425e+02
1300.00064337446429 2.957358e+02
1300.99954346376671 2.957293e+02
1301.99848729543987 2.957228e+02
1303.00057421883002 2.957164e+02
1303.99959571877844 2.957100e+02
1304.99865258077125 2.957038e+02
1306.00084756155638 2.956976e+02
1306.99997568614435 2.956915e+02
1307.99914038046791 2.956855e+02
1308.99834180037737 2.956795e+02
1310.00068060740341 2.956737e+02
1310.99994679110318 2.956679e+02
1311.99923955881809 2.956623e+02
1312.99855416577725 2.956567e+02
1314.00098871274236 2.956512e+02
1315.00033118233068 2.956459e+02
1315.99968035228039 2.956407e+02
1316.99903062470958 2.956356e+02
1317.99837596639827 2.956307e+02
1319.00081431395529 2.956258e+02
1320.00013219435982 2.956210e+02
1320.99942818310433 2.956163e+02
1321.99869978614174 2.956117e+02
1322.99794457855933 2.956072e+02
1324.00026133372853 2.956028e+02
1324.99944066448029 2.955985e+02
1325.9985875870309 2.955941e+02
1327.00080828060459 2.955899e+02
1327.99989652433896 2.955857e+02
1328.99895469004514 2.955814e+02
1329.99798759769919 2.955771e+02
1331.00009817108776 2.955729e+02
1331.99907272872133 2.955686e+02
1332.9980161248659 2.955643e+02
1334.00004250575012 2.955601e+02
1334.99894359480732 2.955557e+02
1336.00092217373071 2.955512e+02
1336.99978862095145 2.955466e+02
1337.99864279015287 2.955419e+02
1339.00057781168721 2.955370e+02
1339.99939990603571 2.955320e+02
1340.99821403393571 2.955268e+02
1342.00011797293246 2.955215e+02
1342.99891625323062 2.955162e+02
1344.00081712779388 2.955107e+02
1344.99961532945053 2.955050e+02
1345.99841945113303 2.954992e+02
1347.00033626975369 2.954933e+02
1347.9991612664146 2.954871e+02
1348.99800061232236 2.954810e+02
1349.99995843046486 2.954746e+02
1350.99882884485237 2.954681e+02
1352.00081784367558 2.954615e+02
1352.99972466956524 2.954548e+02
1353.99865292872482 2.954479e+02
1355.00070862963616 2.954409e+02
1355.99969133071227 2.954338e+02
1356.99870541472819 2.954266e+02
1358.00085484322972 2.954193e+02
1358.99993565592968 2.954120e+02
1359.99904835064194 2.954046e+02
1360.99819117085349 2.953972e+02
1362.00046895444302 2.953898e+02
1362.9996744606367 2.953823e+02
1363.99890983446517 2.953750e+02
1364.99817625000514 2.953676e+02
1366.00057675993003 2.953603e+02
1366.99990367562941 2.953529e+02
1367.9992590363438 2.953456e+02
1368.99864066007058 2.953384e+02
1369.99804663080772 2.953313e+02
1371.00057959637684 2.953243e+02
1372.00002990975213 2.953174e+02
1372.9995002470821 2.953105e+02
1373.99899004972622 2.953038e+02
1374.99849884930177 2.952972e+02
1375.99802611657037 2.952907e+02
1377.0006751514743 2.952843e+02
1378.00023421828473 2.952781e+02
1378.99980186620587 2.952720e+02
1379.99937287725652 2.952661e+02
1380.99894108755052 2.952604e+02
1381.99850130410346 2.952548e+02
1382.99804987963262 2.952494e+02
1384.00068734541537 2.952441e+02
1385.0002043187983 2.952390e+02
1385.99970579036994 2.952341e+02
1386.99919015351657 2.952292e+02
1387.9986536510246 2.952246e+02
1388.99809272032599 2.952200e+02
1390.00060974385337 2.952155e+02
1390.99999660132357 2.952111e+02
1391.99935726255489 2.952069e+02
1392.99869173706816 2.952027e+02
1393.9979991575558 2.951986e+02
1395.00037999900633 2.951945e+02
1395.99962390962583 2.951903e+02
1396.99883211560154 2.951860e+02
1397.99800414250876 2.951817e+02
1399.00024344831309 2.951773e+02
1399.99934490739838 2.951727e+02
1400.9984116419314 2.951681e+02
1402.00054648821447 2.951634e+02
1402.99954453430087 2.951584e+02
1403.99850834173913 2.951533e+02
1405.00053967198528 2.951481e+02
1405.99943391035413 2.951426e+02
1406.99829450752236 2.951370e+02
1408.00022814772478 2.951312e+02
1408.99903329382164 2.951252e+02
1410.00091412937172 2.951190e+02
1410.99966626340984 2.951127e+02
1411.9983906948205 2.951062e+02
1413.00019518133809 2.950996e+02
1413.99888386547832 2.950929e+02
1415.00066595208682 2.950859e+02
1415.99934766114984 2.950790e+02
1416.9980370354624 2.950718e+02
1417.99983869231846 2.950646e+02
1418.99855226288651 2.950572e+02
1420.00038617582095 2.950496e+02
1420.99914001706429 2.950419e+02
1421.99792000870934 2.950342e+02
1422.99982909249775 2.950262e+02
1423.99866679425713 2.950183e+02
1425.00064067122162 2.950103e+02
1425.99955111646295 2.950023e+02
1426.99850618558708 2.949942e+02
1428.00061483366107 2.949860e+02
1428.99967494484235 2.949779e+02
1429.99878924253017 2.949696e+02
1430.99795362734608 2.949615e+02
1432.00026670837451 2.949534e+02
1432.99951741945915 2.949454e+02
1433.99880633259363 2.949376e+02
1434.99813322529735 2.949299e+02
1436.00060118761689 2.949222e+02
1437.00000441811471 2.949147e+02
1437.99944825605439 2.949073e+02
1438.99893273974135 2.948999e+02
1439.99845539545322 2.948927e+02
1440.99801166552561 2.948857e+02
1442.00069993741477 2.948787e+02
1443.00030417449284 2.948720e+02
1443.99992098048074 2.948655e+02
1444.99954376078949 2.948591e+02
1445.99916897508547 2.948528e+02
1446.99879542122426 2.948468e+02
1447.99842022787266 2.948411e+02
1448.99803658171481 2.948355e+02
1450.00074251822184 2.948300e+02
1451.00032547006595 2.948247e+02
1451.99989047009171 2.948195e+02
1452.99943915289964 2.948145e+02
1453.99897263919183 2.948096e+02
1454.99849251259775 2.948048e+02
1455.99799841150116 2.948002e+02
1457.00059184705924 2.947956e+02
1458.00006146936698 2.947911e+02
1458.99950821755465 2.947865e+02
1459.99892970872861 2.947820e+02
1460.99832273732682 2.947776e+02
1462.00078713971266 2.947730e+02
1463.00011302539178 2.947684e+02
1463.99940313452635 2.947638e+02
1464.99865863753894 2.947590e+02
1466.00098595879172 2.947540e+02
1467.00018237721974 2.947488e+02
1467.99935405881047 2.947435e+02
1468.99850226643298 2.947379e+02
1470.00072925667791 2.947320e+02
1470.99982757685984 2.947261e+02
1471.9988974616665 2.947200e+02
1472.99793641740439 2.947138e+02
1474.00004542403713 2.947075e+02
1474.99902393116145 2.947010e+02
1475.99798331380998 2.946945e+02
1477.00003275532003 2.946879e+02
1477.99896764514278 2.946811e+02
1479.00098971328089 2.946742e+02
1479.99989016698669 2.946673e+02
1480.9987717291865 2.946604e+02
1482.00074561971337 2.946533e+02
1482.99962385314484 2.946462e+02
1483.99852982484094 2.946391e+02
1485.00058344117451 2.946317e+02
1485.99959041304328 2.946242e+02
1486.99865669960923 2.946163e+02
1488.00088243404866 2.946082e+02
1489.00005568623578 2.946000e+02
1489.99927060181244 2.945918e+02
1490.99852111164478 2.945836e+02
1492.00090713276791 2.945754e+02
1493.00022362862455 2.945672e+02
1493.99958070080538 2.945590e+02
1494.99898601783889 2.945506e+02
1495.99844407874298 2.945422e+02
1496.99795267212198 2.945338e+02
1498.00061017970302 2.945253e+02
1499.00020024652781 2.945165e+02
1499.99982124123744 2.945075e+02
1500.9994711555787 2.944985e+02
1501.99915476841147 2.944897e+02
1502.99888210405743 2.944808e+02
1503.99866218352054 2.944720e+02
1504.99850046269671 2.944631e+02
1505.99839741814117 2.944543e+02
1506.99834498102905 2.944455e+02
1507.99832982226803 2.944368e+02
1508.99834377057755 2.944282e+02
1509.9983812867863 2.944197e+02
1510.99843940311575 2.944111e+02
1511.99851754542328 2.944026e+02
1512.99862037456728 2.943941e+02
1513.99875680543801 2.943855e+02
1514.99893992752845 2.943766e+02
1515.99916719891712 2.943676e+02
1516.99943167005972 2.943598e+02
1517.99971705804433 2.943531e+02
1519.00000507093364 2.943471e+02
1520.00028064636444 2.943413e+02
1521.00054344655064 2.943359e+02
1522.00080604227378 2.943309e+02
1522.99797203784647 2.943261e+02
1523.9982617297137 2.943213e+02
1524.99857104828561 2.943164e+02
1525.99889287421797 2.943114e+02
1526.99920744121346 2.943065e+02
1527.99949332756796 2.943016e+02
1528.99972890828735 2.942969e+02
1529.99989843304297 2.942924e+02
1530.99999660623575 2.942880e+02
1532.00002834752672 2.942837e+02
1533.0000056497388 2.942793e+02
1533.99994379792724 2.942748e+02
1534.99985489382766 2.942701e+02
1535.99974107227354 2.942653e+02
1536.99959318218407 2.942604e+02
1537.9993945457486 2.942553e+02
1538.99912737611771 2.942503e+02
1539.99878050831308 2.942452e+02
1540.99835962920133 2.942402e+02
1542.0009963747616 2.942351e+02
1543.00051612376092 2.942299e+02
1544.00004650489836 2.942248e+02
1544.99959031082108 2.942195e+02
1545.99913767881571 2.942139e+02
1546.99866683407481 2.942080e+02
1547.99815230633658 2.942020e+02
1549.00068285709017 2.941959e+02
1550.00005989398483 2.941896e+02
1550.99940805667757 2.941840e+02
1551.99875115231362 2.941774e+02
1552.99810340256977 2.941693e+02
1554.00057779378039 2.941604e+02
1554.99996085500288 2.941510e+02
1555.99934013623056 2.941415e+02
1556.99870004641639 2.941318e+02
1557.99802508664197 2.941220e+02
1559.00040351372286 2.941125e+02
1559.99962961638175 2.941030e+02
1560.99883185458475 2.940935e+02
1561.99804665354827 2.940841e+02
1563.00040512244777 2.940744e+02
1563.99971697969067 2.940646e+02
1564.99910425874737 2.940544e+02
1565.99856707239883 2.940442e+02
1566.99807599091628 2.940341e+02
1568.00070774537676 2.940242e+02
1569.00026169563853 2.940145e+02
1569.99985397141518 2.940050e+02
1570.99947455884217 2.939958e+02
1571.99913249478072 2.939865e+02
1572.99887431463685 2.939770e+02
1573.99872674321773 2.939672e+02
1574.99867493132228 2.939576e+02
1575.99869628956208 2.939478e+02
1576.99876896870296 2.939378e+02
1577.99887053899829 2.939280e+02
1578.99898700611743 2.939184e+02
1579.99911920877094 2.939089e+02
1580.99929604950307 2.938998e+02
1581.99954333203823 2.938906e+02
1582.99986456861598 2.938810e+02
1584.00026526690181 2.938715e+02
1585.00074982126171 2.938618e+02
1585.99819811651037 2.938517e+02
1586.99880664137254 2.938416e+02
1587.99945226420368 2.938322e+02
1589.0001050525093 2.938242e+02
1590.0007417046229 2.938176e+02
1590.99824813146188 2.938117e+02
1591.99884023885124 2.938060e+02
1592.99942972519125 2.938007e+02
1594.00002958172672 2.937957e+02
1595.00064829070243 2.937906e+02
1595.99818229142693 2.937856e+02
1596.99883056767135 2.937806e+02
1597.99946764110496 2.937756e+02
1599.00008495377551 2.937708e+02
1600.00067270199793 2.937662e+02
1600.99811693056563 2.937617e+02
1601.99863573761127 2.937575e+02
1602.99912012433379 2.937535e+02
1603.99955882001245 2.937496e+02
1604.99994378683573 2.937455e+02
1606.00026089057701 2.937413e+02
1607.00048996083433 2.937370e+02
1608.00061823184706 2.937326e+02
1609.00063726449798 2.937283e+02
1610.0005459719514 2.937240e+02
1611.00035693762493 2.937197e+02
1612.00008533486721 2.937154e+02
1612.99974030925409 2.937112e+02
1613.99933008162088 2.937072e+02
1614.99885544376457 2.937031e+02
1615.99829926410507 2.936987e+02
1617.00074608381328 2.936940e+02
1617.99999151333782 2.936888e+02
1618.99916022374327 2.936842e+02
1619.99827274183122 2.936782e+02
1621.00046467299944 2.936701e+02
1621.99955921158471 2.936609e+02
1622.99868939079943 2.936510e+02
1624.00096420526552 2.936405e+02
1625.0001752008875 2.936297e+02
1625.99941093398934 2.936187e+02
1626.99864202277604 2.936077e+02
1628.00095094900098 2.935968e+02
1629.00012708075269 2.935861e+02
1629.99926862994425 2.935756e+02
1630.99839600341625 2.935650e+02
1632.00064545422356 2.935542e+02
1632.999830789101 2.935431e+02
1633.99906500187512 2.935318e+02
1634.99834936202728 2.935203e+02
1636.00077795229117 2.935088e+02
1637.00013341642921 2.934974e+02
1637.99951203272235 2.934863e+02
1638.99891425364126 2.934755e+02
1639.99835136539605 2.934649e+02
1641.00094891576464 2.934544e+02
1642.00052419316467 2.934439e+02
1643.00020450171905 2.934333e+02
1643.99999952621715 2.934224e+02
1644.99990031811558 2.934115e+02
1645.9998853409802 2.934007e+02
1646.99992774030056 2.933901e+02
1648.00000741580061 2.933795e+02
1649.00012525584066 2.933690e+02
1650.0003044318978 2.933585e+02
1651.00057667982696 2.933482e+02
1652.00097306798943 2.933378e+02
1652.9984012384748 2.933272e+02
1653.99906609368327 2.933161e+02
1654.9998186113578 2.933048e+02
1656.00059973348289 2.932934e+02
1656.99825718648094 2.932820e+02
1657.99898360932161 2.932709e+02
1658.99966849767975 2.932615e+02
1660.00032889122303 2.932534e+02
1661.00098436380154 2.932463e+02
1661.99854619226448 2.932395e+02
1662.99925115638712 2.932328e+02
1664.00001017106456 2.932263e+02
1665.00081724871029 2.932202e+02
1665.99854239466185 2.932145e+02
1666.99936593392567 2.932092e+02
1668.00013978533343 2.932044e+02
1669.00085085916248 2.931998e+02
1669.99840096049707 2.931956e+02
1670.99901862720822 2.931915e+02
1671.9996011514902 2.931876e+02
1673.00014282323718 2.931836e+02
1674.00062690990535 2.931798e+02
1674.99793006669779 2.931761e+02
1675.99825913159702 2.931723e+02
1676.9985159332075 2.931687e+02
1677.99873305586266 2.931652e+02
1678.99894984492721 2.931616e+02
1679.9991844537949 2.931580e+02
1680.99942100389649 2.931543e+02
1681.99961178412059 2.931502e+02
1682.99969481212179 2.931457e+02
1683.99961417643317 2.931412e+02
1684.99933732720092 2.931368e+02
1685.99886835550888 2.931326e+02
1686.99826333853071 2.931282e+02
1688.00070195106059 2.931236e+02
1689.00002689868484 2.931189e+02
1689.99935696480293 2.931136e+02
1690.99869182296447 2.931057e+02
1691.99802643554904 2.930964e+02
1693.00044817745015 2.930866e+02
1693.9997459726842 2.930769e+02
1694.99903910307034 2.930674e+02
1695.99833840348583 2.930576e+02
1697.00075316265634 2.930474e+02
1698.00007672925381 2.930366e+02
1698.99939518658698 2.930252e+02
1699.99868049662655 2.930131e+02
1700.99791381765954 2.930007e+02
1702.00018950024923 2.929881e+02
1702.99931216928599 2.929756e+02
1703.99841821405221 2.929631e+02
1705.00066237152009 2.929508e+02
1705.99989378959776 2.929388e+02
1706.99925281337846 2.929271e+02
1707.99875871085374 2.929155e+02
1708.9984074327424 2.929040e+02
1709.99817324317451 2.928925e+02
1710.99800487291645 2.928813e+02
1712.00095314679879 2.928702e+02
1713.00077544386886 2.928591e+02
1714.00057550727479 2.928479e+02
1715.00038130945882 2.928366e+02
1716.00023802081137 2.928251e+02
1717.00019297839776 2.928133e+02
1718.00027819476122 2.928015e+02
1719.00050654086658 2.927896e+02
1720.00087646197721 2.927777e+02
1720.99825701122109 2.927661e+02
1721.99882484980481 2.927545e+02
1722.99944642589753 2.927430e+02
1724.00010876766851 2.927315e+02
1725.0007972407634 2.927203e+02
1725.99838250384119 2.927092e+02
1726.99907796378784 2.926978e+02
1727.99979450504793 2.926864e+02
1729.00054098330065 2.926759e+02
1729.99817993578563 2.926662e+02
1730.9988351227255 2.926571e+02
1731.99930843447328 2.926487e+02
1732.99960140813437 2.926408e+02
1733.99981711714031 2.926338e+02
1735.00010576322961 2.926277e+02
1736.00061319661063 2.926223e+02
1736.99831962602411 2.926170e+02
1737.99942471794657 2.926116e+02
1739.00069142894085 2.926058e+02
1739.99879142569853 2.926000e+02
1740.99972082434397 2.925946e+02
1742.0002595753615 2.925900e+02
1743.00042499239476 2.925866e+02
1744.00033711463016 2.925839e+02
1745.00020420483202 2.925811e+02
1746.00020305081262 2.925776e+02
1747.00044924191297 2.925723e+02
1748.00098229104992 2.925653e+02
1748.99862559907751 2.925583e+02
1749.99937443698445 2.925521e+02
1750.99993341300956 2.925475e+02
1752.00020452842364 2.925445e+02
1753.00018539774965 2.925424e+02
1753.99995722605786 2.925405e+02
1754.99965172305224 2.925386e+02
1755.99937420901142 2.925358e+02
1756.99918398843283 2.925318e+02
1757.99905727546616 2.925265e+02
1758.99890197778745 2.925207e+02
1759.99861603758336 2.925148e+02
1760.99815084045258 2.925074e+02
1762.00064772574046 2.924996e+02
1763.00000454708311 2.924922e+02
1763.99944313344577 2.924851e+02
1764.99905837673236 2.924777e+02
1765.99888355959615 2.924693e+02
1766.99884729628457 2.924595e+02
1767.99883162080027 2.924485e+02
1768.99871689796737 2.924369e+02
1769.99837543997342 2.924250e+02
1771.00083206083377 2.924127e+02
1771.99993232871066 2.924003e+02
1772.99891571185594 2.923875e+02
1773.9979439962824 2.923741e+02
1775.00028853091226 2.923598e+02
1775.99985701588776 2.923449e+02
1776.9997644951352 2.923295e+02
1777.99990352173882 2.923142e+02
1779.00007262439976 2.922998e+02
1780.00005311805398 2.922868e+02
1780.99972359915159 2.922752e+02
1781.99911606461114 2.922649e+02
1782.99838244358966 2.922554e+02
1784.000824727397 2.922456e+02
1785.00041188977411 2.922347e+02
1786.00031015063769 2.922226e+02
1787.00047433238024 2.922093e+02
1788.00079576195844 2.921957e+02
1788.99804110645005 2.921827e+02
1789.99833056785428 2.921705e+02
1790.99854521824045 2.921594e+02
1791.99875201646159 2.921494e+02
1792.99905301074273 2.921401e+02
1793.99956153303106 2.921310e+02
1795.00037569769552 2.921214e+02
1795.99842001382149 2.921112e+02
1796.99984002621409 2.921001e+02
1797.99821822073977 2.920887e+02
1798.99947944337873 2.920772e+02
1800.00027864572485 2.920662e+02
1801.00056012321079 2.920565e+02
1802.00048960482559 2.920476e+02
1803.00033879808689 2.920388e+02
1804.00034899565208 2.920300e+02
1805.00070417638608 2.920198e+02
1805.99834349052003 2.920089e+02
1806.99936069278101 2.919977e+02
1808.0004092353056 2.919882e+02
1808.99812186720555 2.919807e+02
1809.99854570925777 2.919748e+02
1810.99856121576249 2.919705e+02
1811.99830226419863 2.919668e+02
1812.99798186818407 2.919632e+02
1814.00089884028694 2.919588e+02
1815.00095200638179 2.919534e+02
1815.99812846920872 2.919474e+02
1816.9985271850544 2.919411e+02
1817.99889735535976 2.919350e+02
1818.99913309599242 2.919297e+02
1819.99921614260279 2.919257e+02
1820.99922274400001 2.919229e+02
1821.9992828819145 2.919210e+02
1822.9994983329093 2.919189e+02
1823.99987717613885 2.919164e+02
1825.00031684566693 2.919134e+02
1826.00063631033709 2.919100e+02
1827.00065115859502 2.919062e+02
1828.0002588480736 2.919031e+02
1828.999521290345 2.919003e+02
1829.9986634692209 2.918955e+02
1830.99798581434948 2.918899e+02
1832.00082425095457 2.918828e+02
1832.99794337922572 2.918745e+02
1833.99852546420016 2.918647e+02
1834.99916815684355 2.918536e+02
1835.99950287222032 2.918420e+02
1836.99926197810851 2.918305e+02
1837.99845557101821 2.918201e+02
1839.0004610645974 2.918091e+02
1839.99946844884767 2.917983e+02
1840.99889490637406 2.917862e+02
1841.99882978537903 2.917719e+02
1842.99915568361689 2.917561e+02
1843.99962394086606 2.917396e+02
1844.9999339175306 2.917236e+02
1845.99984691075065 2.917083e+02
1846.99937196937162 2.916953e+02
1847.99875222213336 2.916837e+02
1848.9983355002023 2.916727e+02
1849.99841663746088 2.916605e+02
1850.99907064851641 2.916479e+02
1852.00023379756112 2.916354e+02
1852.99850626381544 2.916216e+02
1853.99957871549464 2.916074e+02
1855.00004137674819 2.915966e+02
1855.99993206196245 2.915947e+02
1856.99962127416029 2.915975e+02
1857.99947772035603 2.916027e+02
1858.99983540032395 2.916083e+02
1860.00087601343103 2.916126e+02
1860.99940074094002 2.916158e+02
1861.99821972287737 2.916187e+02
1862.99985620170742 2.916213e+02
1864.00073654599191 2.916240e+02
1865.00079823534224 2.916272e+02
1866.00023590001365 2.916318e+02
1866.99936799980014 2.916390e+02
1867.99851343587943 2.916478e+02
1869.0009532396025 2.916565e+02
1870.00041894692572 2.916640e+02
1870.99976274147139 2.916712e+02
1871.9987072297788 2.916792e+02
1873.00016324044873 2.916888e+02
1874.00096078780825 2.917004e+02
1874.99814290175391 2.917138e+02
1875.99817497179083 2.917286e+02
1876.99826133029728 2.917442e+02
1877.99858335500471 2.917596e+02
1878.99911000948509 2.917738e+02
1879.99959120604399 2.917868e+02
1880.99966701720768 2.917994e+02
1881.99906092747733 2.918125e+02
1883.00082289671991 2.918266e+02
1883.99895188739174 2.918448e+02
1884.99999827907118 2.918638e+02
1885.9982135368839 2.918820e+02
1887.00003193897987 2.919021e+02
1887.99923803263118 2.919209e+02
1888.9986619013298 2.919375e+02
1890.0009782374259 2.919528e+02
1890.9996120218068 2.919681e+02
1892.00060902208838 2.919859e+02
1892.99796475072867 2.920065e+02
1893.99834801076008 2.920273e+02
1894.99921205038618 2.920472e+02
1896.00078212942276 2.920640e+02
1896.99985531762559 2.920782e+02
1897.99922337217936 2.920887e+02
1898.998514202754 2.920977e+02
1900.00049934267236 2.921077e+02
1900.99893317374926 2.921213e+02
1902.00019646337023 2.921382e+02
1902.99848172231191 2.921563e+02
1904.00035835896188 2.921739e+02
1904.99983568619928 2.921877e+02
1905.99992277003275 2.922009e+02
1907.00032134021694 2.922122e+02
1908.0008322899414 2.922228e+02
1909.00093160232086 2.922336e+02
1910.00030599308934 2.922463e+02
1910.99915416881481 2.922624e+02
1912.00096180215701 2.922799e+02
1912.99985416341951 2.922974e+02
1913.99916159502141 2.923127e+02
1915.00183493017198 2.923263e+02
1915.99884508729065 2.923391e+02
1916.99943377915861 2.923505e+02
1918.00014863020897 2.923614e+02
1919.00056764200008 2.923743e+02
1920.00045193746428 2.923903e+02
1920.999817220767 2.924105e+02
1921.99885407788929 2.924322e+02
1923.00093528869252 2.924535e+02
1924.00015154858534 2.924706e+02
1924.9996942356795 2.924846e+02
1925.99951501246892 2.924960e+02
1926.9994556337756 2.925061e+02
1927.99924453677409 2.925167e+02
1929.00169876828068 2.925299e+02
1930.00053873376396 2.925475e+02
1930.99901672645274 2.925671e+02
1932.00052548632129 2.925871e+02
1932.99922801006664 2.926059e+02
1934.0015359973911 2.926219e+02
1935.00131940371921 2.926350e+02
1936.00158843669146 2.926479e+02
1936.99896437524126 2.926628e+02
1937.99915532118575 2.926802e+02
1939.00169088058715 2.927017e+02
1940.00026699132422 2.927264e+02
1941.00131005967296 2.927521e+02
1941.99907159494342 2.927766e+02
1943.00016854220166 2.927988e+02
1943.99876931042331 2.928177e+02
1945.0013154265514 2.928330e+02
1946.00145902451573 2.928485e+02
1947.00184707857534 2.928651e+02
1947.99894027443679 2.928843e+02
1949.00159173641941 2.929093e+02
1950.0005148195396 2.929378e+02
1950.99915708621666 2.929679e+02
1952.00121105374001 2.929968e+02
1953.00099918931824 2.930226e+02
1954.00175856958867 2.930447e+02
1955.00025833826953 2.930624e+02
1955.99891357040747 2.930794e+02
1956.99998347217434 2.930967e+02
1957.99995687250339 2.931181e+02
1958.99898139444576 2.931422e+02
1960.00060367275319 2.931680e+02
1960.99908875227379 2.931936e+02
1962.00098840628698 2.932173e+02
1963.00035636391385 2.932378e+02
1964.00013511165548 2.932549e+02
1964.99958884015041 2.932707e+02
1966.00117777936748 2.932872e+02
1967.00166040344834 2.933056e+02
1968.00103332507774 2.933292e+02
1968.99926208336751 2.933564e+02
1969.99984270938785 2.933843e+02
1971.00066921584312 2.934112e+02
1972.00156233056987 2.934354e+02
1973.00163917092277 2.934548e+02
1974.00116417228719 2.934710e+02
1975.00054692965341 2.934850e+02
1976.00169083237279 2.934986e+02
1977.00122177684921 2.935148e+02
1978.00073247297109 2.935332e+02
1979.00099174790853 2.935516e+02
1980.00060676208864 2.935699e+02
1980.9999655791205 2.935881e+02
1982.00038738718672 2.936040e+02
1982.99987281407948 2.936186e+02
1984.00023924400102 2.936349e+02
1985.00078188989801 2.936557e+02
1986.00130190178152 2.936808e+02
1987.00082094559184 2.937086e+02
1988.00124635556813 2.937371e+02
1989.00020087422172 2.937632e+02
1989.999123837252 2.937850e+02
1991.00087133326883 2.938014e+02
1991.99942744573468 2.938152e+02
1992.99978404438912 2.938317e+02
1993.99925602162261 2.938590e+02
1994.999169630285 2.938978e+02
1995.99991512042811 2.939389e+02
1997.00115585923368 2.939757e+02
1997.99970297082518 2.940049e+02
1999.00140827003497 2.940258e+02
1999.99864306339714 2.940427e+02
2001.00049341427098 2.940625e+02
2001.99871974126404 2.940924e+02
2002.99998310215051 2.941323e+02
2003.99892672382498 2.941750e+02
2004.99910086211912 2.942143e+02
2005.99975132704435 2.942454e+02
2006.99968559747913 2.942669e+02
2007.99838059500075 2.942834e+02
2008.99946407483458 2.943009e+02
2010.00017958868057 2.943268e+02
2010.99811436887239 2.943617e+02
2012.00009799786471 2.944006e+02
2013.00007377642805 2.944379e+02
2014.00024334006048 2.944693e+02
2014.99984687250253 2.944941e+02
2015.99872423445186 2.945146e+02
2017.00039146966742 2.945372e+02
2017.99944762206155 2.945668e+02
2018.99902973931535 2.946014e+02
2019.99926510331693 2.946364e+02
2021.00041439558163 2.946682e+02
2021.99893569980145 2.946957e+02
2023.00014567225253 2.947194e+02
2023.99799465514093 2.947386e+02
2024.99925690021951 2.947587e+02
2025.9981258396333 2.947836e+02
2026.99802969827783 2.948144e+02
2027.99863002482357 2.948474e+02
2028.99912882977151 2.948793e+02
2029.99940003971801 2.949092e+02
2030.99961806678425 2.949362e+02
2031.99984647913698 2.949617e+02
2033.00038005481906 2.949902e+02
2033.99871361746636 2.950237e+02
2035.0005466491109 2.950597e+02
2035.99886036417092 2.950952e+02
2036.99988564581076 2.951289e+02
2037.9982610211141 2.951599e+02
2039.00006026532355 2.951903e+02
2039.99878396542613 2.952222e+02
2040.99772480244224 2.952547e+02
2042.00012038723753 2.952867e+02
2042.99966677357202 2.953183e+02
2043.99909102798074 2.953497e+02
2044.99866566660921 2.953782e+02
2045.99868470683373 2.954048e+02
2046.99904399035381 2.954311e+02
2047.99968019166795 2.954573e+02
2049.00057878516054 2.954850e+02
2049.9985104174707 2.955162e+02
2050.99974557565474 2.955485e+02
2051.99827445028086 2.955804e+02
2053.00040170725606 2.956130e+02
2053.99975117620988 2.956460e+02
2054.99917963931011 2.956805e+02
2055.99906816382008 2.957153e+02
2057.00010239177618 2.957475e+02
2057.99957034940689 2.957760e+02
2059.00033855696984 2.958014e+02
2059.99877427408364 2.958242e+02
2061.00068028990472 2.958462e+02
2061.99967126352203 2.958684e+02
2062.9986247787715 2.958885e+02
2064.0005915181905 2.959076e+02
2064.99889326900075 2.959255e+02
2065.99960981869208 2.959457e+02
2066.99975605732197 2.959712e+02
2067.99950374386253 2.960061e+02
2068.99903816909227 2.960519e+02
2069.99854899783304 2.961027e+02
2070.99835310048456 2.961508e+02
2071.99848359109592 2.961887e+02
2072.99844596715275 2.962187e+02
2073.99778702077265 2.962469e+02
2074.99967222318037 2.962762e+02
2075.99810136242013 2.963064e+02
2076.99934962724456 2.963371e+02
2078.00007264182295 2.963645e+02
2078.9997303476639 2.963839e+02
2079.99798609703339 2.963938e+02
2080.99795342414836 2.964004e+02
2081.99986423388145 2.964131e+02
2082.99768968741637 2.964362e+02
2083.99737290915937 2.964690e+02
2084.99894619512907 2.965090e+02
2085.99976832878156 2.965506e+02
2087.00031337056316 2.965891e+02
2087.99766901176326 2.966221e+02
2088.99789846065732 2.966512e+02
2089.99794567799563 2.966807e+02
2090.99800346861957 2.967103e+02
2091.99812405934608 2.967412e+02
2092.99840201409143 2.967723e+02
2093.99876380594333 2.968043e+02
2094.99869089617778 2.968373e+02
2095.9978550317137 2.968626e+02
2096.9991733022307 2.968804e+02
2097.99977647816695 2.968983e+02
2098.99987393665151 2.969194e+02
2099.99979300803352 2.969466e+02
2101.00010186090003 2.969777e+02
2101.99846402574758 2.970073e+02
2102.99866839115339 2.970312e+02
2103.99813623537784 2.970256e+02
2104.99996692578725 2.970061e+02
2105.99816976857392 2.969831e+02
2106.99866919346414 2.969600e+02
2107.99782810185116 2.969357e+02
2108.9981657680155 2.969076e+02
2109.99908141417063 2.968757e+02
2111.00014270524571 2.968457e+02
2111.99784360021431 2.968252e+02
2112.9980692155591 2.968139e+02
2113.99772421590706 2.968070e+02
2115.00025172177084 2.967996e+02
2115.99995989037507 2.967901e+02
2116.99743479911331 2.967781e+02
2117.99936725192401 2.967642e+02
2118.99971794856356 2.967496e+02
2119.99836479931173 2.967353e+02
2120.99811993371668 2.967214e+02
2121.99882706652033 2.967078e+02
2122.9973407326479 2.966937e+02
2123.9997887224763 2.966783e+02
2124.99981503044955 2.966609e+02
2125.99746819986694 2.966396e+02
2126.99908667016416 2.966166e+02
2127.9985176557293 2.965889e+02
2128.99886088528137 2.965579e+02
2129.9999912036451 2.965258e+02
2130.99865504492345 2.964932e+02
2131.99786809570242 2.964618e+02
2132.99751634167706 2.964315e+02
2133.99753946215287 2.964013e+02
2134.99786540615605 2.963712e+02
2135.99851037891131 2.963427e+02
2136.9995630294261 2.963154e+02
2137.99793694486607 2.962901e+02
2138.99984749607711 2.962657e+02
2139.99877445712855 2.962431e+02
2140.99753084719578 2.962219e+02
2141.99917903327423 2.962067e+02
2142.99749645313159 2.962073e+02
2143.99886796876945 2.962167e+02
2144.99993714993252 2.962333e+02
2145.99733484778471 2.962588e+02
2147.00039487450886 2.962854e+02
2147.99976503022026 2.963116e+02
2148.99875176522892 2.963360e+02
2149.99746583337583 2.963602e+02
2150.99907529154007 2.963840e+02
2152.00030219342352 2.964017e+02
2152.99785677024329 2.964180e+02
2153.99733257606476 2.964357e+02
2154.99748501575414 2.964544e+02
2156.000377352143 2.964726e+02
2156.99863758590345 2.964898e+02
2157.99919717638477 2.965055e+02
2158.99807518371426 2.965195e+02
2159.9998077229543 2.965318e+02
2161.00031085701812 2.965426e+02
2162.00036355467819 2.965525e+02
2162.99924782493918 2.965603e+02
2163.99943658260054 2.965657e+02
2165.00044714256319 2.965690e+02
2165.99874920609682 2.965712e+02
2167.00033799808352 2.965721e+02
2167.99877640363593 2.965710e+02
2169.00023517328327 2.965704e+02
2169.99850800146805 2.965733e+02
2170.99994296293926 2.965744e+02
2171.99863989052164 2.965707e+02
2172.99750202157702 2.965634e+02
2173.9992223670597 2.965546e+02
2174.99740299741461 2.965468e+02
2175.99833749423806 2.965418e+02
2176.99911416738041 2.965393e+02
2177.99978870693667 2.965374e+02
2179.00033647576856 2.965344e+02
2179.9976957639301 2.965323e+02
2180.99803515688518 2.965321e+02
2181.99820458052909 2.965344e+02
2182.99845473769528 2.965372e+02
2183.99895209592114 2.965389e+02
2184.99950017484889 2.965405e+02
2186.00019397418373 2.965415e+02
2186.99787029970958 2.965434e+02
2187.99826391316947 2.965467e+02
2188.99771439201459 2.965504e+02
2189.99907864252827 2.965544e+02
2190.99935342400659 2.965598e+02
2191.99883265925837 2.965694e+02
2192.99795951929855 2.965845e+02
2193.99983017743807 2.966053e+02
2194.99780033080879 2.966301e+02
2195.99755666840838 2.966587e+02
2196.99925646415886 2.966878e+02
2197.99984148038402 2.967136e+02
2198.99928127135126 2.967340e+02
2199.99808676481643 2.967481e+02
2200.99998098248716 2.967554e+02
2201.99918517415335 2.967575e+02
2202.99908315789162 2.967558e+02
2203.9995327011743 2.967515e+02
2205.00010956640926 2.967451e+02
2205.9974725342804 2.967349e+02
2206.9976090697246 2.967249e+02
2208.0003674833938 2.967179e+02
2208.99940244910567 2.967153e+02
2209.99771086723058 2.967190e+02
2210.9985298354004 2.967294e+02
2211.99910742249858 2.967444e+02
2212.99971696180592 2.967608e+02
2213.99752000513672 2.967767e+02
2214.99894471088874 2.967902e+02
2215.9981775852375 2.968000e+02
2216.99840338094509 2.968059e+02
2217.99954605298126 2.968085e+02
2218.99848923973559 2.968075e+02
2219.99827675633151 2.968025e+02
2220.99872301500773 2.967943e+02
2221.99962852024055 2.967847e+02
2222.99777183598962 2.967746e+02
2223.99902753071365 2.967659e+02
2224.99982873955014 2.967598e+02
2225.9998707552727 2.967575e+02
2226.99913600122863 2.967606e+02
2227.99759010323805 2.967702e+02
2228.99846232958998 2.967869e+02
2229.99897909293577 2.968092e+02
2230.9996306599669 2.968346e+02
2232.00039433140728 2.968600e+02
2232.99787400434116 2.968849e+02
2233.99871370510118 2.969071e+02
2234.9999537612639 2.969231e+02
2235.99848415860879 2.969318e+02
2236.9976012285706 2.969336e+02
2237.9974617870439 2.969293e+02
2238.99784214628562 2.969186e+02
2239.99891322069834 2.969030e+02
2240.99789000996088 2.968874e+02
2242.00030983782108 2.968739e+02
2242.99914185837042 2.968651e+02
2243.99743710862595 2.968630e+02
2244.9984691276054 2.968698e+02
2245.9992081517712 2.968848e+02
2246.99974073588555 2.969074e+02
2248.00018196718929 2.969372e+02
2248.99762751118942 2.969701e+02
2249.99801405747576 2.970022e+02
2250.99809761508232 2.970318e+02
2251.99820086085674 2.970546e+02
2252.99882295924635 2.970666e+02
2254.00006169661992 2.970671e+02
2254.99875315346162 2.970574e+02
2255.99810970797625 2.970408e+02
2256.99824355901546 2.970168e+02
2257.99905473568333 2.969889e+02
2259.00019969251434 2.969615e+02
2259.9981875817798 2.969422e+02
2260.99919128155943 2.969334e+02
2262.00032459015301 2.969349e+02
2262.99873406835104 2.969473e+02
2264.0002081860398 2.969716e+02
2264.99863667349973 2.970063e+02
2266.00027632655883 2.970478e+02
2266.9985431275627 2.970923e+02
2267.99951118267973 2.971336e+02
2269.00016699129947 2.971649e+02
2269.99758185133123 2.971817e+02
2270.99786821735279 2.971823e+02
2271.99790892851388 2.971697e+02
2272.99816742215307 2.971473e+02
2273.99930044262283 2.971151e+02
2274.99835017376199 2.970742e+02
2275.99842348579068 2.970316e+02
2276.99740792660987 2.970000e+02
2277.99822741756543 2.969860e+02
2278.99984385249445 2.969873e+02
2279.99807266022026 2.969995e+02
2280.99875640573237 2.970195e+02
2281.99830753409651 2.970501e+02
2282.99894213778862 2.970965e+02
2283.99766376034813 2.971528e+02
2284.998243751882 2.972075e+02
2285.9982282519054 2.972501e+02
2286.99869785351211 2.972736e+02
2288.00041530655244 2.972770e+02
2288.99951252740084 2.972626e+02
2289.99786921335908 2.972353e+02
2290.99812690473073 2.972006e+02
2291.9977693247115 2.971539e+02
2292.99805242413095 2.971038e+02
2293.99830070155258 2.970594e+02
2294.9988735932684 2.970325e+02
2295.99737680840144 2.970297e+02
2296.997362918004 2.970447e+02
2297.99835026838127 2.970659e+02
2298.99810139530109 2.970910e+02
2299.99896535442485 2.971241e+02
2301.00015453566448 2.971666e+02
2301.99949696415069 2.972127e+02
2302.99774808424536 2.972546e+02
2303.99907972232177 2.972843e+02
2304.99849876808003 2.972943e+02
2305.99941864096763 2.972863e+02
2306.99814169517276 2.972658e+02
2307.99912113494747 2.972359e+02
2308.99866296727805 2.972021e+02
2309.99740859131316 2.971600e+02
2310.99987246703085 2.971194e+02
2311.99820423129177 2.970892e+02
2312.99859138255442 2.970767e+02
2313.9994256144837 2.970824e+02
2314.99908323351883 2.970967e+02
2316.00008394815541 2.971135e+02
2316.99989285751553 2.971304e+02
2317.99884932061877 2.971494e+02
2319.00006736875866 2.971720e+02
2319.99787336056079 2.971965e+02
2320.99868770266175 2.972178e+02
2322.00010910638866 2.972319e+02
2323.00034540120851 2.972357e+02
2323.99997020282581 2.972301e+02
2324.99781788980272 2.972132e+02
2325.99819909263806 2.971857e+02
2327.00007667975842 2.971518e+02
2328.00027143664965 2.971183e+02
2328.99961233529211 2.970947e+02
2329.999652867431 2.970850e+02
2330.99835263534351 2.970877e+02
2331.99841108730061 2.970984e+02
2332.99840211696892 2.971124e+02
2333.99763965347938 2.971273e+02
2334.99957929431184 2.971446e+02
2335.99803029698614 2.971671e+02
2336.99890683774356 2.971944e+02
2337.99955209680638 2.972244e+02
2339.00034084638401 2.972501e+02
2339.99829559317095 2.972662e+02
2340.99967267216425 2.972715e+02
2341.99800723161434 2.972653e+02
2342.99890011629896 2.972474e+02
2343.99892908347601 2.972207e+02
2344.99827801677657 2.971871e+02
2345.997805155278 2.971561e+02
2346.99903193915088 2.971363e+02
2347.99961710966136 2.971309e+02
2348.99858992739382 2.971375e+02
2350.00041670362452 2.971509e+02
2350.99831128024289 2.971665e+02
2351.99882692585015 2.971851e+02
2352.9983404695754 2.972082e+02
2353.99964050988183 2.972339e+02
2355.00015843287702 2.972618e+02
2356.00035204070218 2.972883e+02
2356.99748193251799 2.973077e+02
2357.99790440889547 2.973160e+02
2358.99840253773255 2.973134e+02
2359.99880880956607 2.972996e+02
2360.99891648527046 2.972752e+02
2361.99861574990382 2.972456e+02
2362.99863355898651 2.972134e+02
2364.00024669444701 2.971865e+02
2364.99810022804013 2.971723e+02
2365.99763788779637 2.971717e+02
2367.00011005986244 2.971806e+02
2367.99796373717663 2.971940e+02
2369.00042317796442 2.972081e+02
2369.99883797816256 2.972224e+02
2370.99953219971803 2.972360e+02
2371.99945387799426 2.972497e+02
2372.99897667841287 2.972638e+02
2373.99849069003858 2.972761e+02
2374.99828936273707 2.972844e+02
2375.99834002907892 2.972876e+02
2376.9986668221236 2.972837e+02
2377.99903901132166 2.972717e+02
2378.99908183994557 2.972531e+02
2379.9985360598921 2.972296e+02
2380.99748482587938 2.972069e+02
2381.99960393491756 2.971920e+02
2382.9995179112866 2.971865e+02
2383.99737201020798 2.971891e+02
2384.9987046308911 2.971976e+02
2385.99952367580681 2.972089e+02
2386.99957175900454 2.972204e+02
2387.99895135302222 2.972317e+02
2388.99773264053056 2.972437e+02
2389.99934795109812 2.972547e+02
2390.99794611844391 2.972638e+02
2392.000071067514 2.972706e+02
2392.99986942474106 2.972751e+02
2393.99735909048286 2.972770e+02
2394.99861755764323 2.972759e+02
2396.00038049822797 2.972710e+02
2396.999280046271 2.972625e+02
2397.9980206531327 2.972514e+02
2398.99936990546212 2.972398e+02
2400.00009661273771 2.972316e+02
2401.00022862171454 2.972285e+02
2401.99975452106037 2.972302e+02
2402.99857882436754 2.972358e+02
2403.99987990839827 2.972435e+02
2404.99771436263154 2.972519e+02
2405.99850742203034 2.972594e+02
2406.99943760110773 2.972660e+02
2407.99773064108285 2.972717e+02
2408.99994245487642 2.972754e+02
2410.00033731595931 2.972766e+02
2410.99895595835778 2.972757e+02
2411.99883692786898 2.972730e+02
2412.99975301639915 2.972708e+02
2413.99843709958805 2.972681e+02
2414.99756668073724 2.972646e+02
2415.99978622502795 2.972607e+02
2416.99856364521656 2.972584e+02
2418.00001604584122 2.972580e+02
2418.99799271498659 2.972594e+02
2419.9987927418324 2.972620e+02
2420.99938329038832 2.972656e+02
2421.99982983369091 2.972692e+02
2423.00018911715779 2.972728e+02
2423.99751364332587 2.972760e+02
2424.9981777602884 2.972778e+02
2425.99912214524238 2.972773e+02
2427.00019506984881 2.972752e+02
2427.9981607959844 2.972727e+02
2428.99928472065631 2.972699e+02
2429.99736154411175 2.972661e+02
2430.99842009405165 2.972611e+02
2431.99921838544333 2.972561e+02
2432.99973280321046 2.972537e+02
2433.99988832222334 2.972533e+02
2434.99956375596548 2.972540e+02
2435.99865888192835 2.972546e+02
2437.0001885427655 2.972544e+02
2437.99804783782565 2.972528e+02
2438.99856199650139 2.972498e+02
2439.9987412791188 2.972454e+02
2440.99863100579387 2.972395e+02
2441.99828404650953 2.972335e+02
2442.99768514480547 2.972280e+02
2443.99988470843846 2.972230e+02
2444.9987306353064 2.972185e+02
2445.99742126215824 2.972148e+02
2446.99919619922366 2.972132e+02
2447.99800719339055 2.972143e+02
2449.00008267641579 2.972175e+02
2449.99927919990387 2.972224e+02
2450.99861444218186 2.972294e+02
2451.99791152140278 2.972380e+02
2453.00013688460331 2.972471e+02
2453.99914594800839 2.972563e+02
2454.9979210174979 2.972646e+02
2455.99960560640875 2.972701e+02
2456.99819897199541 2.972720e+02
2457.99999726007673 2.972695e+02
2458.99811008820507 2.972627e+02
2459.99801173524884 2.972522e+02
2460.9973812106341 2.972389e+02
2461.999602100218 2.972232e+02
2462.99849580337514 2.972072e+02
2463.99949130303048 2.971921e+02
2464.99894132724648 2.971784e+02
2465.99884914598897 2.971643e+02
2466.99910480596418 2.971515e+02
2467.99937686812382 2.971413e+02
2468.99798518704938 2.971339e+02
2469.99991054773227 2.971290e+02
2470.99856156170927 2.971261e+02
2472.00010733379759 2.971246e+02
2472.99822254590345 2.971241e+02
2473.99863329917798 2.971234e+02
2474.99815405534582 2.971197e+02
2476.00005594850836 2.971134e+02
2476.99817209166258 2.971060e+02
2477.99865629239775 2.970972e+02
2478.99836041636036 2.970886e+02
2480.00023966126992 2.970818e+02
2480.99803662861541 2.970767e+02
2482.00039712141552 2.970734e+02
2482.9982461498239 2.970709e+02
2483.99807190137017 2.970696e+02
2484.99958241501281 2.970694e+02
2486.00013007160533 2.970698e+02
2487.00024099135953 2.970706e+02
2487.9997162465761 2.970722e+02
2488.99883911418601 2.970750e+02
2489.99813519589907 2.970786e+02
2490.99772194033585 2.970821e+02
2491.99765629056583 2.970856e+02
2492.9980162916745 2.970894e+02
2493.99889117297562 2.970934e+02
2495.00034273794836 2.970976e+02
2495.99936673973116 2.971017e+02
2496.99905960229626 2.971058e+02
2497.9994557521095 2.971095e+02
2498.99753238008907 2.971125e+02
2499.99947729902715 2.971150e+02
2500.99919630359909 2.971169e+02
2501.99967339764999 2.971184e+02
2503.00079409065529 2.971199e+02
2503.99938634722639 2.971228e+02
2504.99840853773048 2.971278e+02
2506.00086927230268 2.971351e+02
2507.0005589385014 2.971448e+02
2508.0005466460957 2.971517e+02
2509.00073594086234 2.971625e+02
2509.99805346357516 2.971749e+02
2510.99871320600323 2.971884e+02
2511.99973411103974 2.972017e+02
2512.99809854275554 2.972138e+02
2513.99994797670161 2.972254e+02
2514.99907669717004 2.972365e+02
2515.9987003076576 2.972475e+02
2516.99887012493264 2.972590e+02
2517.99960778680634 2.972713e+02
2519.00092831216534 2.972849e+02
2519.99953051158673 2.973001e+02
2520.99836085585366 2.973162e+02
2522.00036118810021 2.973330e+02
2522.99945027961076 2.973501e+02
2523.99842825720361 2.973665e+02
2525.00015672435393 2.973813e+02
2525.99848770081462 2.973939e+02
2526.99958009738111 2.974029e+02
2528.00036314507406 2.974075e+02
2529.00074844603978 2.974086e+02
2530.00064158086252 2.974074e+02
2531.00023862287844 2.974052e+02
2531.99958838139719 2.974026e+02
2532.99853022830484 2.974006e+02
2534.00025830022696 2.973993e+02
2534.99884392441436 2.973987e+02
2536.00048399108164 2.973983e+02
2536.99905064259292 2.973970e+02
2538.0008637657611 2.973940e+02
2538.9998327799799 2.973892e+02
2539.99901032525668 2.973816e+02
2540.99851782799442 2.973733e+02
2541.99855123628504 2.973642e+02
2542.99904870387536 2.973548e+02
2543.99996914063968 2.973455e+02
2544.99832916726973 2.973365e+02
2546.00021546476637 2.973289e+02
2546.99931673698256 2.973215e+02
2547.99881992875771 2.973150e+02
2548.99862262136003 2.973108e+02
2549.99845127508843 2.973089e+02
2550.99844442773247 2.973091e+02
2551.998593112035 2.973112e+02
2552.99871533058831 2.973145e+02
2553.9989976212928 2.973186e+02
2554.99952693893238 2.973232e+02
2556.00016099880759 2.973287e+02
2557.00094128681849 2.973348e+02
2557.99895570057834 2.973418e+02
2559.00036794657717 2.973493e+02
2559.99876402940254 2.973573e+02
2561.00029048555871 2.973663e+02
2561.99881457109268 2.973763e+02
2563.00036329194745 2.973873e+02
2563.99864794126188 2.973989e+02
2564.99997951802061 2.974114e+02
2565.99806654894201 2.974250e+02
2566.99887539327392 2.974398e+02
2567.99932199801924 2.974557e+02
2568.99937951830952 2.974709e+02
2569.99888282642405 2.974843e+02
2571.00088605964902 2.974959e+02
2571.99913804690959 2.975061e+02
2572.9997520523807 2.975150e+02
2573.99973460387309 2.975235e+02
2574.9991399030705 2.975308e+02
2575.99794255559391 2.975369e+02
2576.99933542342978 2.975421e+02
2578.00034653739704 2.975473e+02
2578.99793964354012 2.975515e+02
2579.99837141146509 2.975545e+02
2580.99860515131604 2.975555e+02
2581.99865806965227 2.975545e+02
2582.99858803817642 2.975512e+02
2583.99854520136341 2.975449e+02
2584.99860877221636 2.975373e+02
2585.99886769613204 2.975271e+02
2586.99940052540296 2.975142e+02
2588.00032822619914 2.975002e+02
2588.99868937208157 2.974851e+02
2590.00067251721293 2.974682e+02
2591.00007771264291 2.974510e+02
2591.999961690899 2.974344e+02
2593.00030722982319 2.974188e+02
2593.9979344911676 2.974054e+02
2594.998875517329 2.973947e+02
2596.00005991303124 2.973865e+02
2596.99857683497385 2.973803e+02
2598.00040491428535 2.973758e+02
2598.99919503987849 2.973727e+02
2599.99832176697328 2.973705e+02
2601.00078869902381 2.973689e+02
2602.00021481696558 2.973676e+02
2602.99993773763299 2.973663e+02
2604.00000663840683 2.973657e+02
2605.00028319116655 2.973661e+02
2606.00091222106585 2.973678e+02
2606.9987735065306 2.973704e+02
2607.99980269569915 2.973739e+02
2609.00076333192055 2.973793e+02
2609.99855893318454 2.973865e+02
2610.99928448174023 2.973954e+02
2611.99980045247003 2.974061e+02
2613.00014886259714 2.974188e+02
2614.00032546469038 2.974328e+02
2615.00027960245825 2.974474e+02
2615.99994637583222 2.974607e+02
2616.99924406199898 2.974723e+02
2617.9980576806588 2.974836e+02
2618.99938925570723 2.974954e+02
2620.00006816725318 2.975066e+02
2621.00010709850994 2.975161e+02
2621.99965731460088 2.975244e+02
2622.99882609439192 2.975315e+02
2624.00065838655109 2.975370e+02
2624.99906433560773 2.975407e+02
2626.00040335024778 2.975422e+02
2626.99848679841398 2.975419e+02
2627.99942005976436 2.975405e+02
2629.00021244846221 2.975381e+02
2629.99786268051685 2.975347e+02
2630.99851703354034 2.975297e+02
2631.99915995577385 2.975230e+02
2632.99999060617347 2.975146e+02
2633.998094927073 2.975042e+02
2634.99962825516013 2.974911e+02
2635.99843288546663 2.974769e+02
2636.99773663496444 2.974607e+02
2637.99760571516163 2.974428e+02
2638.99778690327184 2.974248e+02
2639.99830057556437 2.974083e+02
2640.99930329624567 2.973931e+02
2642.00049370648321 2.973798e+02
2642.99877582441013 2.973687e+02
2643.99757536305378 2.973595e+02
2644.99979533819624 2.973517e+02
2645.99889300449559 2.973453e+02
2646.99833597070574 2.973400e+02
2647.99813330419329 2.973355e+02
2648.99797848054914 2.973314e+02
2649.99826243877351 2.973285e+02
2650.99910091956144 2.973265e+02
2652.00022928678391 2.973257e+02
2652.99867573842175 2.973262e+02
2653.9975287735524 2.973277e+02
2654.99961209333287 2.973300e+02
2655.99870525406504 2.973334e+02
2656.99799105220563 2.973385e+02
2658.00045412392728 2.973454e+02
2658.99983573578857 2.973536e+02
2659.99931554451723 2.973632e+02
2660.99878235005872 2.973740e+02
2661.99808774638359 2.973848e+02
2663.00026451472104 2.973966e+02
2663.99897693488856 2.974080e+02
2665.0002880089196 2.974188e+02
2665.99801132077073 2.974290e+02
2666.99837887208196 2.974385e+02
2667.99829893663491 2.974484e+02
2668.99783730216404 2.974581e+02
2670.00017353254998 2.974658e+02
2670.99913104654706 2.974717e+02
2671.99782579633984 2.974764e+02
2672.99942548677382 2.974809e+02
2673.99778609802115 2.974852e+02
2674.99909865687141 2.974887e+02
2676.00029638023307 2.974911e+02
2676.99830942368817 2.974921e+02
2677.99935028333084 2.974912e+02
2679.0003654772695 2.974877e+02
2679.99830579483614 2.974811e+02
2680.99939321280681 2.974727e+02
2682.00055523101764 2.974627e+02
2682.99869837807182 2.974519e+02
2684.00004568391796 2.974389e+02
2684.99851993432549 2.974232e+02
2686.00031583854297 2.974059e+02
2686.99921593488534 2.973882e+02
2687.99831397159369 2.973707e+02
2688.99762290014041 2.973543e+02
2690.00027590692935 2.973395e+02
2690.99999547597145 2.973268e+02
2691.99977746517061 2.973160e+02
2692.99981644030277 2.973073e+02
2694.00017155536761 2.973006e+02
2694.99772649186116 2.972948e+02
2695.99885377340388 2.972906e+02
2697.00046887395001 2.972877e+02
2697.9993934163017 2.972856e+02
2698.99876738618514 2.972842e+02
2699.99865489591184 2.972837e+02
2700.9990826995313 2.972837e+02
2702.0000149007069 2.972844e+02
2702.99836930913671 2.972856e+02
2704.00033308723232 2.972876e+02
2704.99946880740708 2.972902e+02
2705.99874803743933 2.972938e+02
2706.99816590584351 2.972986e+02
2707.99756580653138 2.973051e+02
2708.99990188669699 2.973136e+02
2709.99895450594067 2.973233e+02
2710.99778392072312 2.973337e+02
2711.99940795776774 2.973440e+02
2712.99763720082137 2.973544e+02
2713.99872550815689 2.973656e+02
2714.99954709951135 2.973762e+02
2716.00015619130727 2.973852e+02
2716.99752266370433 2.973921e+02
2717.99786898524098 2.973978e+02
2718.9981179681904 2.974025e+02
2719.99833251796827 2.974066e+02
2720.99851282848158 2.974109e+02
2721.99865080398149 2.974146e+02
2722.99877233849793 2.974175e+02
2723.99886266513386 2.974193e+02
2724.99886657676097 2.974202e+02
2725.99873763257528 2.974196e+02
2726.99846546551362 2.974176e+02
2727.9981010648703 2.974143e+02
2728.9976843829736 2.974091e+02
2730.00035840969122 2.974012e+02
2730.99996070567022 2.973913e+02
2731.99961359939516 2.973790e+02
2732.99934192592218 2.973661e+02
2733.99919432913339 2.973523e+02
2734.99922580758403 2.973362e+02
2735.99946555459383 2.973193e+02
2736.99992229074496 2.973029e+02
2738.00057490861263 2.972882e+02
2738.99831257485448 2.972753e+02
2739.99937935182015 2.972640e+02
2740.99754048845125 2.972542e+02
2741.99902451592243 2.972461e+02
2742.99766334834021 2.972395e+02
2743.99971227169408 2.972331e+02
2744.99897148291438 2.972273e+02
2745.99862066898504 2.972226e+02
2746.99873735936671 2.972186e+02
2747.99934858969027 2.972150e+02
2749.00049996806138 2.972117e+02
2749.99909429389663 2.972090e+02
2750.9982082681945 2.972073e+02
2751.9978040475321 2.972071e+02
2752.99786482638046 2.972085e+02
2753.99834415190799 2.972117e+02
2754.99910241042335 2.972171e+02
2755.99998668010585 2.972249e+02
2756.9977270847462 2.972347e+02
2757.99846597625265 2.972454e+02
2758.99901732126773 2.972564e+02
2759.99933732970476 2.972667e+02
2760.99934944763163 2.972760e+02
2761.99903831849861 2.972853e+02
2762.99843229781391 2.972945e+02
2763.99753766924823 2.973034e+02
2764.9995297544956 2.973112e+02
2765.99824121572101 2.973169e+02
2766.99993920934639 2.973234e+02
2767.99840236972841 2.973311e+02
2768.99990027811918 2.973383e+02
2769.99817972866913 2.973441e+02
2770.99944623232204 2.973485e+02
2772.00056690254041 2.973513e+02
2772.99841457706179 2.973534e+02
2773.99920637450896 2.973559e+02
2774.99980997238254 2.973564e+02
2776.00022643083412 2.973544e+02
2777.00047745049324 2.973510e+02
2778.00059357119881 2.973454e+02
2779.00060210025686 2.973376e+02
2780.00053056490015 2.973285e+02
2781.00040933635682 2.973181e+02
2782.00025681299303 2.973058e+02
2783.00007981718772 2.972892e+02
2783.9999094651248 2.972715e+02
2784.99978609565824 2.972546e+02
2785.99970857577682 2.972377e+02
2786.99967699975059 2.972214e+02
2787.99973639800464 2.972060e+02
2788.9998819860084 2.971915e+02
2790.00011241906213 2.971782e+02
2791.00048445079892 2.971660e+02
2791.99792296568467 2.971555e+02
2792.99870966538174 2.971464e+02
2793.99980533089456 2.971381e+02
2794.99814324459066 2.971318e+02
2795.99998008805551 2.971274e+02
2796.99910140148131 2.971249e+02
2797.99864561077948 2.971238e+02
2798.99857346735871 2.971240e+02
2799.99882604556296 2.971254e+02
2800.99935140733623 2.971281e+02
2802.00007076547126 2.971327e+02
2802.99778266680732 2.971382e+02
2803.99870001165209 2.971447e+02
2804.99964568148607 2.971516e+02
2806.00055099140627 2.971587e+02
2806.99823017126346 2.971660e+02
2807.99890079282204 2.971735e+02
2808.99938861525698 2.971817e+02
2809.99969086145347 2.971908e+02
2810.99985466412863 2.972002e+02
2811.99987339113432 2.972096e+02
2812.99973711734629 2.972185e+02
2813.99949959149126 2.972263e+02
2814.99910169612394 2.972337e+02
2815.99850798087118 2.972399e+02
2816.99775242364149 2.972449e+02
2817.99993398254901 2.972499e+02
2818.99875278360332 2.972550e+02
2820.00041913608993 2.972598e+02
2820.99868258738843 2.972638e+02
2821.99975684999572 2.972668e+02
2823.00050025327755 2.972683e+02
2823.99781988198538 2.972686e+02
2824.99797953310508 2.972682e+02
2825.99787079712632 2.972679e+02
2826.99752400357602 2.972655e+02
2828.00009517123453 2.972607e+02
2828.99937309692905 2.972548e+02
2829.99848164044533 2.972482e+02
2831.00051385396773 2.972408e+02
2831.99934374564509 2.972325e+02
2832.99815101384183 2.972232e+02
2833.99993218959071 2.972128e+02
2834.99847098656801 2.972007e+02
2836.00002786650839 2.971862e+02
2836.99842692314951 2.971682e+02
2837.99997599358403 2.971513e+02
2838.99857233503189 2.971361e+02
2840.0004832745949 2.971209e+02
2840.99948532379813 2.971058e+02
2841.99869504890466 2.970914e+02
2842.99806443157513 2.970783e+02
2843.99754858404549 2.970668e+02
2845.00028381328593 2.970572e+02
2846.00007246186897 2.970499e+02
2847.00006165629793 2.970429e+02
2848.00031450211964 2.970372e+02
2848.99775783342284 2.970328e+02
2849.99863363367194 2.970292e+02
2850.99982555372026 2.970261e+02
2851.99817937527996 2.970243e+02
2852.99987255858059 2.970237e+02
2853.99860941159932 2.970243e+02
2855.00059105707669 2.970259e+02
2855.9995370689353 2.970286e+02
2856.99855813274007 2.970320e+02
2857.99766692333287 2.970358e+02
2858.9999956206334 2.970401e+02
2859.99930785326524 2.970445e+02
2860.99873526533247 2.970497e+02
2861.99826933368786 2.970551e+02
2862.99786879663861 2.970607e+02
2864.00062357392972 2.970666e+02
2865.00026576370419 2.970724e+02
2865.9998439128517 2.970780e+02
2866.99926004866938 2.970841e+02
2867.99855292796565 2.970904e+02
2868.99766193429832 2.970968e+02
2869.99965851680554 2.971033e+02
2870.99825992603019 2.971098e+02
2871.99965536026457 2.971164e+02
2872.99755919371 2.971223e+02
2873.99818645784126 2.971290e+02
2874.99840513695381 2.971361e+02
2875.99819912794965 2.971425e+02
2876.99757544710064 2.971474e+02
2877.99967094089698 2.971503e+02
2878.99828746838648 2.971516e+02
2879.99967835713323 2.971531e+02
2880.99765908685413 2.971540e+02
2881.99848382585424 2.971520e+02
2882.99907607965861 2.971482e+02
2883.99945711702321 2.971433e+02
2884.99956041807172 2.971374e+02
2885.99953928932428 2.971305e+02
2886.99940162959319 2.971213e+02
2887.99910088683737 2.971110e+02
2888.99866296788377 2.970997e+02
2889.99812889266923 2.970876e+02
2890.99754712771346 2.970750e+02
2892.00007764612064 2.970618e+02
2892.99957142305402 2.970486e+02
2893.99917356502283 2.970353e+02
2894.99891113235526 2.970210e+02
2895.99881272031462 2.970051e+02
2896.99890228911363 2.969870e+02
2897.99919440826079 2.969712e+02
2898.99969898907921 2.969575e+02
2900.00042538156822 2.969441e+02
2900.99827257065681 2.969314e+02
2901.99944926494891 2.969198e+02
2902.99772888530606 2.969093e+02
2903.99933826368306 2.968995e+02
2904.99804350447357 2.968906e+02
2906.00005878848015 2.968826e+02
2906.99916950012766 2.968757e+02
2907.99849670960748 2.968699e+02
2908.99806431657908 2.968651e+02
2909.99791295359046 2.968613e+02
2910.99807359191254 2.968583e+02
2911.99857211342396 2.968563e+02
2912.99942276642787 2.968550e+02
2914.00062368954741 2.968544e+02
2914.99903405660643 2.968544e+02
2915.99774740466 2.968550e+02
2916.99984136788544 2.968564e+02
2917.99902520207797 2.968585e+02
2918.99836946620962 2.968615e+02
2919.99782958261767 2.968655e+02
2921.00049845586864 2.968701e+02
2921.99997040520066 2.968757e+02
2922.99937649817048 2.968819e+02
2923.99866305935166 2.968887e+02
2924.99777637816533 2.968959e+02
2925.99978712385882 2.969035e+02
2926.99841892929589 2.969119e+02
2927.99989034549253 2.969209e+02
2928.99793172498221 2.969301e+02
2929.99874946110549 2.969396e+02
2930.99920424626862 2.969494e+02
2931.99927517524247 2.969580e+02
2932.99893598591143 2.969667e+02
2933.99816092099627 2.969767e+02
2935.00004464529275 2.969869e+02
2935.99834124196968 2.969954e+02
2936.99924771074438 2.970030e+02
2937.99964680275434 2.970111e+02
2938.99955002328579 2.970146e+02
2939.99898475730561 2.970154e+02
2940.99799142477559 2.970150e+02
2941.99969899304142 2.970134e+02
2942.99789763447097 2.970104e+02
2943.99900723070186 2.970062e+02
2944.99986880195729 2.970009e+02
2946.00050428817485 2.969938e+02
2946.99785858360246 2.969843e+02
2947.99816832813258 2.969729e+02
2948.99840250985471 2.969588e+02
2949.99862809933074 2.969425e+02
