8888888888888.000000000000
4444444444444.000000000000
2222222222222.000000000000
1111111111111.000000000000
555555555555.500000000000
277777777777.750000000000
138888888888.875000000000
69444444444.437500000000
34722222222.218750000000
17361111111.109375000000
8680555555.554687500000
4340277777.777343750000
2170138888.888671875000
1085069444.444335937500
542534722.222167968750
271267361.111083984375
135633680.555541992188
67816840.277771025896
33908420.138885572553
16954210.069442905486
8477105.034721689299
4238552.517361316830
2119276.258681602310
1059638.129342688480
529819.064675119123
264909.532345109328
132454.766187654168
66227.383124026077
33113.691622411017
16556.845932001463
8278.423207592639
4139.212086980122
2069.607009857552
1034.805437662856
517.406584292368
258.711023010308
129.370972771371
64.716405222534
32.420010741466
16.333385959095
8.411590149676
4.681329418384
3.195122843305
2.849469469063
2.828504819956
2.828427125813
