# Region type : patch node4U_0_Outlet_0
#   Faces  : 252
#   Area   : 3.465319e-02
#        Time	areaAverage(T)
     0.999427	3.001500e+02
      2.00049	3.001500e+02
      3.00031	3.001500e+02
      3.99974	3.001500e+02
     4.999837	3.001500e+02
      6.00101	3.001500e+02
     7.000448	3.001500e+02
     8.000372	3.001500e+02
     9.000012	3.001500e+02
   10.0011397	3.001500e+02
   11.0005124	3.002283e+02
   12.0006243	3.003060e+02
    13.001107	3.003829e+02
   13.9997402	3.004589e+02
  14.99964955	3.005341e+02
  15.99955708	3.006084e+02
  17.00134405	3.006821e+02
  18.00000337	3.007550e+02
  19.00006167	3.008273e+02
 20.001505108	3.008993e+02
 20.999254464	3.009703e+02
  22.00150266	3.010410e+02
 23.001714829	3.011109e+02
 23.999634984	3.011799e+02
25.00095516804	3.012486e+02
25.9996836352	3.013164e+02
26.99932842931	3.013835e+02
28.00029166142	3.014501e+02
28.99937441246	3.015159e+02
30.002134441893	3.015813e+02
31.002014765417	3.016458e+02
32.001552166551	3.017096e+02
33.000560257147	3.017727e+02
33.999249928093	3.018350e+02
35.00108530523362	3.018970e+02
36.00057592118466	3.019582e+02
37.00120630448001	3.020188e+02
38.00022932106895	3.020788e+02
39.00052258115672	3.021382e+02
40.0012943804983152	3.021972e+02
41.0019879837090926	3.022557e+02
41.9992708912271695	3.023136e+02
43.0021545135227328	3.023717e+02
44.0019391598090266	3.024294e+02
44.9992995861729526	3.024868e+02
46.0009844670853099	3.025444e+02
47.0014489491798813	3.026017e+02
48.0008801364990703	3.026587e+02
48.9995304912996801	3.027154e+02
50.0001794237682375	3.027719e+02
50.9993551299025256	3.028279e+02
51.9998205148969248	3.028837e+02
53.0015311001695864	3.029390e+02
54.0013696283965601	3.029939e+02
54.9993238877661597	3.030482e+02
56.0015339065886479	3.031024e+02
57.0018205760141825	3.031560e+02
58.000096433294182	3.032093e+02
58.9991359299691496	3.032622e+02
60.0016627635771727	3.033149e+02
61.0010778941215932	3.033672e+02
62.0000130700834902	3.034191e+02
63.0010986270090001	3.034709e+02
64.0009690790207202	3.035223e+02
64.9994918949116851	3.035733e+02
65.9998560646141783	3.036242e+02
66.9992477683962306	3.036747e+02
68.0009249354785794	3.037252e+02
69.0019475640447695	3.037753e+02
69.9993513960609874	3.038249e+02
70.9993591323269015	3.038744e+02
72.0020465187059102	3.039237e+02
73.0013581031466714	3.039726e+02
74.000423255190384	3.040212e+02
74.9993458644687365	3.040695e+02
76.0013508435945511	3.041177e+02
77.0005510755528491	3.041654e+02
78.0000113736252843	3.042128e+02
78.9992549610128236	3.042599e+02
80.0009720943383229	3.043067e+02
81.0020589541296232	3.043532e+02
81.9992454193614009	3.043993e+02
83.0014611672898184	3.044452e+02
83.9993628440124525	3.044906e+02
85.0020431376517678	3.045359e+02
86.000333987758637	3.045808e+02
87.0003695380874404	3.046254e+02
88.0020658759812022	3.046698e+02
88.9993795452335519	3.047137e+02
90.0015696379174557	3.047575e+02
90.9997903684166971	3.048009e+02
92.0003898830139377	3.048442e+02
93.0006194266289867	3.048871e+02
94.0007057145538596	3.049298e+02
95.0007997335581251	3.049721e+02
96.0009686444809773	3.050142e+02
97.0012373806239623	3.050560e+02
98.0016053172324462	3.050976e+02
99.0020344570527584	3.051388e+02
99.9994552294174497	3.051796e+02
100.999851234731452	3.052202e+02
102.000136850138333	3.052605e+02
103.000241500016131	3.053004e+02
104.000073061910427	3.053401e+02
104.999552930719901	3.053794e+02
106.001633206025147	3.054185e+02
107.000192996165325	3.054572e+02
108.001260471577879	3.054957e+02
109.001819915586253	3.055338e+02
110.001932009313407	3.055717e+02
111.001635624775176	3.056092e+02
112.000980310532839	3.056465e+02
113.000018915714335	3.056834e+02
114.001807672044521	3.057202e+02
115.000361508444968	3.057565e+02
116.001781982353393	3.057927e+02
117.000048097326257	3.058284e+02
118.00122264940498	3.058640e+02
118.999382617868164	3.058991e+02
120.000616562993542	3.059340e+02
121.002007225989203	3.059686e+02
122.000661640430124	3.060027e+02
122.999734831133267	3.060365e+02
123.99952262735836	3.060699e+02
125.000333848736219	3.061031e+02
125.999642959708595	3.061359e+02
127.000956414914896	3.061684e+02
128.001293686371213	3.062007e+02
129.000700621259568	3.062327e+02
130.002135701572797	3.062645e+02
130.999533849213833	3.062960e+02
131.999244240588723	3.063275e+02
133.001101245812436	3.063589e+02
134.0020971077968	3.063902e+02
135.002075643628388	3.064214e+02
136.000848975566782	3.064524e+02
137.001309026256649	3.064833e+02
138.000254544982795	3.065140e+02
139.000649575250975	3.065445e+02
139.999224934568531	3.065749e+02
141.002036637829093	3.066051e+02
141.999654446908238	3.066350e+02
143.001271960468813	3.066649e+02
144.000548532269903	3.066945e+02
145.00044839448563	3.067239e+02
146.000849050599697	3.067532e+02
147.001677167223932	3.067824e+02
147.99975047252525	3.068112e+02
149.001369451029944	3.068400e+02
150.000282434108982	3.068684e+02
150.999551328031998	3.068967e+02
151.999184896249147	3.069248e+02
152.999208185270845	3.069526e+02
153.999585696359787	3.069803e+02
155.00029833082661	3.070077e+02
156.001343237128225	3.070349e+02
156.999457705577299	3.070619e+02
158.000686168546764	3.070886e+02
159.001776087131674	3.071152e+02
159.999561059721657	3.071414e+02
161.000550527382018	3.071674e+02
162.001972559951867	3.071932e+02
163.000888609676053	3.072188e+02
164.000316687785954	3.072441e+02
165.000096140130211	3.072693e+02
166.000088612179667	3.072943e+02
167.000061340522421	3.073192e+02
167.999782828424799	3.073438e+02
168.999172341489157	3.073682e+02
170.001230534148533	3.073924e+02
170.999544804163264	3.074162e+02
172.00045496321485	3.074398e+02
173.000757901779707	3.074632e+02
174.000444045117518	3.074862e+02
174.999760596408947	3.075090e+02
176.002157779350711	3.075316e+02
177.001661582702695	3.075539e+02
178.001628294344187	3.075759e+02
178.999162606507298	3.075977e+02
180.000503473761029	3.076193e+02
180.999207866690625	3.076405e+02
182.001208593017452	3.076615e+02
183.000047488950003	3.076822e+02
184.001808139786192	3.077025e+02
184.999937399233318	3.077224e+02
186.000595667805044	3.077420e+02
187.000530755139152	3.077610e+02
187.999425330199387	3.077797e+02
189.000062339945401	3.077979e+02
189.999357851741564	3.078158e+02
191.001057008974414	3.078332e+02
191.999795576908383	3.078501e+02
193.002046035564831	3.078665e+02
194.001168212745995	3.078820e+02
195.000232847940111	3.078966e+02
195.99953641592225	3.079104e+02
196.999439237675062	3.079236e+02
197.999269378639354	3.079364e+02
199.000650340503455	3.079489e+02
200.000842022656059	3.079612e+02
201.00119110761409	3.079731e+02
202.001134602567248	3.079846e+02
202.999417775043128	3.079956e+02
204.000827370954454	3.080062e+02
205.000559713225243	3.080166e+02
206.000502514791634	3.080268e+02
207.00011763453864	3.080370e+02
207.999195525308778	3.080472e+02
209.000671541921633	3.080573e+02
210.001817201873507	3.080673e+02
211.0002458890323	3.080769e+02
211.999364130299796	3.080861e+02
213.001839980993253	3.080948e+02
214.000870215088923	3.081028e+02
215.002023773923156	3.081103e+02
216.001504856122665	3.081174e+02
217.002189670235424	3.081241e+02
218.001143521538211	3.081305e+02
219.001212277794565	3.081367e+02
219.999323567592427	3.081426e+02
221.002031393932299	3.081483e+02
222.000217558785977	3.081536e+02
222.99997324448853	3.081588e+02
224.001867206834618	3.081639e+02
225.000375206176443	3.081688e+02
226.00200082573221	3.081737e+02
227.000972114187221	3.081785e+02
228.000539892764351	3.081834e+02
229.000893584517286	3.081883e+02
229.999159920018428	3.081932e+02
231.001639840260879	3.081982e+02
231.999283063040082	3.082032e+02
233.00130211069677	3.082082e+02
234.001698960598503	3.082134e+02
235.000597990278322	3.082187e+02
236.001193587127887	3.082242e+02
237.000556169397072	3.082298e+02
238.001863471893813	3.082355e+02
239.002111919382003	3.082414e+02
240.001418570662111	3.082475e+02
240.999928434963607	3.082537e+02
242.000753346005581	3.082602e+02
243.000790839895984	3.082669e+02
244.000120610590187	3.082737e+02
245.0016559814066	3.082807e+02
246.000482859716641	3.082878e+02
246.99990715638009	3.082950e+02
247.999403010268622	3.083024e+02
249.001563930534189	3.083099e+02
249.99991638000995	3.083174e+02
251.00124377511591	3.083248e+02
252.000612908785769	3.083323e+02
253.001586776589619	3.083397e+02
254.001036030762123	3.083470e+02
254.999975551401036	3.083541e+02
256.000901604547437	3.083612e+02
257.000429744924418	3.083680e+02
258.001671223638084	3.083747e+02
259.001589548794925	3.083811e+02
260.000266655218695	3.083873e+02
261.000969535167712	3.083932e+02
262.000494430921947	3.083987e+02
263.002051357954429	3.084039e+02
263.999663054152222	3.084087e+02
264.999816340629877	3.084131e+02
265.999646482167861	3.084172e+02
266.999122460407477	3.084209e+02
268.001488989346399	3.084245e+02
269.000493605175279	3.084278e+02
270.001990224823089	3.084310e+02
270.999337872084311	3.084342e+02
272.001339823267472	3.084375e+02
273.001474013986467	3.084410e+02
273.999720630411105	3.084445e+02
274.999301622459257	3.084482e+02
276.00038858779908	3.084520e+02
277.000037429810845	3.084558e+02
277.99913815271151	3.084596e+02
279.001896234752223	3.084633e+02
279.999861762659407	3.084669e+02
280.999488359605721	3.084705e+02
282.000390167863145	3.084740e+02
283.001987050804189	3.084775e+02
284.000403045574728	3.084808e+02
285.001459538132849	3.084840e+02
286.001911629869539	3.084867e+02
287.001710184502201	3.084891e+02
288.000877315806576	3.084910e+02
288.999535921458005	3.084927e+02
290.000849147452925	3.084941e+02
291.001784583192489	3.084953e+02
291.999470265078116	3.084965e+02
293.000350726228248	3.084977e+02
294.001453998386921	3.084990e+02
294.99966250983897	3.085004e+02
296.001136649546311	3.085020e+02
296.999687551871489	3.085038e+02
298.001247068601629	3.085057e+02
298.999548585051969	3.085077e+02
300.000750059626967	3.085097e+02
301.001680673730334	3.085117e+02
301.999163971664927	3.085136e+02
302.999367282612582	3.085155e+02
303.999165754537898	3.085172e+02
305.001521887055901	3.085189e+02
306.000375119051853	3.085204e+02
307.001951876416115	3.085220e+02
308.000142042528466	3.085235e+02
309.001212895246681	3.085250e+02
309.999178614301854	3.085266e+02
311.000144539620237	3.085283e+02
312.001033491892031	3.085301e+02
313.001930242594824	3.085321e+02
313.999795573081769	3.085342e+02
315.000737111554429	3.085364e+02
316.001795102997278	3.085388e+02
317.00001860641413	3.085412e+02
318.001569055336915	3.085437e+02
319.000370431756608	3.085463e+02
319.999538897728996	3.085489e+02
321.002128177021007	3.085516e+02
322.001976849831294	3.085543e+02
323.002194787671499	3.085569e+02
323.999791101614449	3.085595e+02
325.000926405668565	3.085621e+02
325.999464392117318	3.085647e+02
327.001583740419449	3.085673e+02
328.001120124628414	3.085699e+02
329.001056924662748	3.085724e+02
330.001316807607054	3.085750e+02
331.001922953082271	3.085775e+02
331.999820607277798	3.085800e+02
333.001108668105701	3.085826e+02
333.999592450065279	3.085851e+02
335.001430012474145	3.085876e+02
336.000445902539866	3.085901e+02
336.999658818477883	3.085926e+02
338.002156064041969	3.085952e+02
339.001851563835544	3.085977e+02
340.001899743984723	3.086003e+02
340.999156465230499	3.086029e+02
341.999853923984119	3.086055e+02
343.000704997008711	3.086083e+02
344.001376858938784	3.086111e+02
345.00203887706607	3.086140e+02
345.999955215504826	3.086169e+02
347.000522663162087	3.086199e+02
348.000200029152836	3.086229e+02
349.000522755694988	3.086259e+02
350.001253613143035	3.086290e+02
351.000624273237918	3.086320e+02
351.999435802063715	3.086350e+02
353.002196744729815	3.086379e+02
354.001070048515999	3.086408e+02
355.001641036799754	3.086436e+02
355.999599629701663	3.086463e+02
357.000540487227624	3.086489e+02
358.000075444862205	3.086516e+02
358.999302800154226	3.086542e+02
360.001709987803054	3.086568e+02
361.000074298292702	3.086595e+02
362.000859290272558	3.086622e+02
363.001622746756937	3.086649e+02
364.001832563596452	3.086676e+02
365.001535463384243	3.086704e+02
366.00131467837474	3.086733e+02
367.00110538924082	3.086761e+02
368.000736030787152	3.086789e+02
369.000275218586978	3.086817e+02
369.999824276884169	3.086845e+02
370.999426774194205	3.086872e+02
372.002080612393968	3.086898e+02
373.001588932385062	3.086924e+02
374.001081446833666	3.086948e+02
375.000626116571937	3.086972e+02
376.000218547876443	3.086995e+02
376.999910591726973	3.087017e+02
377.999797780145002	3.087039e+02
378.999906813743962	3.087061e+02
380.000244808336674	3.087083e+02
381.000865619572778	3.087105e+02
382.001806304484546	3.087128e+02
382.999946272056377	3.087151e+02
384.001355606036498	3.087175e+02
384.99985631053687	3.087199e+02
386.0015402976166	3.087224e+02
387.000162701931743	3.087249e+02
388.001801501548812	3.087273e+02
389.000300444038373	3.087297e+02
390.001742707954349	3.087320e+02
390.99990443699852	3.087342e+02
392.000936197689441	3.087364e+02
393.00177492471073	3.087386e+02
393.999328852185783	3.087406e+02
394.999780108992752	3.087427e+02
396.000134804692266	3.087448e+02
397.00042004616688	3.087470e+02
398.000667031307955	3.087491e+02
399.000931769728538	3.087514e+02
400.001227470614424	3.087537e+02
401.001544797640236	3.087561e+02
402.001902596511854	3.087586e+02
402.999246021227464	3.087611e+02
403.999704245461601	3.087637e+02
405.000213976000339	3.087663e+02
406.000785726507388	3.087689e+02
407.001408508531085	3.087716e+02
408.002071314539194	3.087743e+02
408.999708595374841	3.087769e+02
410.000459919667492	3.087796e+02
411.001252828558734	3.087822e+02
412.002098628850092	3.087849e+02
412.999937502784405	3.087875e+02
414.000908309496879	3.087902e+02
415.001942485681127	3.087928e+02
415.999966713914432	3.087954e+02
417.001110452812043	3.087980e+02
417.999223947442431	3.088005e+02
419.000449839982025	3.088031e+02
420.001714127287812	3.088056e+02
420.999943618431587	3.088080e+02
422.001290078822194	3.088105e+02
422.999615985253001	3.088129e+02
424.001060314288623	3.088154e+02
424.999478222599919	3.088178e+02
426.001017745420938	3.088203e+02
426.999530720086625	3.088227e+02
428.001152874177365	3.088252e+02
428.999734515582077	3.088278e+02
430.001408625449528	3.088303e+02
431.000010340225799	3.088329e+02
432.001667839199797	3.088355e+02
433.000221815074497	3.088381e+02
434.001804251808949	3.088407e+02
435.000261415516377	3.088433e+02
436.001731095603191	3.088459e+02
437.000062707295285	3.088484e+02
438.001391866866186	3.088510e+02
438.999570770102707	3.088534e+02
440.000737846380048	3.088559e+02
441.00182111589163	3.088583e+02
441.999771361342766	3.088607e+02
443.000763413799177	3.088631e+02
444.001696459830953	3.088654e+02
444.999500435886944	3.088678e+02
446.00032752414711	3.088701e+02
447.001117645498596	3.088725e+02
448.001883226712721	3.088749e+02
448.999571098762033	3.088773e+02
450.00033578121878	3.088798e+02
451.00111711588346	3.088822e+02
452.001919501336943	3.088847e+02
452.999672442533097	3.088872e+02
454.000509144188925	3.088897e+02
455.001349657630726	3.088923e+02
456.002184940512961	3.088947e+02
456.999938224470498	3.088972e+02
458.000744652436538	3.088996e+02
459.001531729330225	3.089020e+02
459.999229727689283	3.089044e+02
460.999980922561065	3.089067e+02
462.000721221335311	3.089090e+02
463.001457879234579	3.089112e+02
464.002198438059679	3.089135e+02
464.999883907378376	3.089156e+02
466.000675712563577	3.089178e+02
467.001515884230287	3.089199e+02
467.999330505639648	3.089221e+02
469.000266807748972	3.089242e+02
470.001261089356149	3.089264e+02
470.999245163364833	3.089285e+02
472.000360361590424	3.089307e+02
473.001534471459308	3.089329e+02
473.99969086704948	3.089351e+02
475.000964073942441	3.089373e+02
475.999201404603866	3.089395e+02
477.000533716233122	3.089418e+02
478.001873839315238	3.089440e+02
479.000134933457161	3.089463e+02
480.001446950719014	3.089485e+02
480.999654544415421	3.089508e+02
482.00089220139256	3.089530e+02
483.002083364948987	3.089552e+02
484.000154946090731	3.089574e+02
485.001249816296991	3.089596e+02
485.999230737996697	3.089618e+02
487.00024615858581	3.089639e+02
488.001234027089424	3.089661e+02
488.999135972829379	3.089682e+02
490.000107037485407	3.089703e+02
491.001090819159572	3.089724e+02
492.002101665974578	3.089745e+02
493.00008301340813	3.089766e+02
494.001188349803726	3.089787e+02
494.999284798957547	3.089809e+02
496.000521798226259	3.089830e+02
497.001832923759764	3.089852e+02
498.000146640750472	3.089874e+02
499.001605196865512	3.089896e+02
500.000061963698101	3.089918e+02
501.001655800322453	3.089941e+02
502.000234992100616	3.089963e+02
503.001937609868378	3.089986e+02
504.000610741995047	3.090008e+02
504.999319615887543	3.090031e+02
506.001131858100678	3.090053e+02
506.999897443339478	3.090075e+02
508.001760645684897	3.090097e+02
509.00057494393468	3.090119e+02
509.999413898640967	3.090140e+02
511.001351703648083	3.090162e+02
512.000243591651156	3.090183e+02
512.999166595937822	3.090204e+02
514.001198888276008	3.090225e+02
515.000197471901288	3.090246e+02
515.999240191230342	3.090267e+02
517.001404900109492	3.090288e+02
518.000546014341694	3.090309e+02
518.9997392945819	3.090330e+02
520.002060063838258	3.090351e+02
521.001358525883006	3.090373e+02
522.000709177407316	3.090395e+02
523.000105090532884	3.090416e+02
523.999529934207544	3.090438e+02
525.002084781041731	3.090460e+02
526.001622665853461	3.090482e+02
527.001171985616338	3.090504e+02
528.000721685101212	3.090525e+02
529.000262130536157	3.090547e+02
529.999796097172407	3.090569e+02
530.999318975361916	3.090590e+02
532.001899480313568	3.090612e+02
533.001399512774583	3.090633e+02
534.000900020699419	3.090655e+02
535.000404316961408	3.090676e+02
535.999921060856764	3.090697e+02
536.999458418444192	3.090718e+02
538.002103412542056	3.090739e+02
539.001714787084325	3.090760e+02
540.001366371732502	3.090780e+02
541.001061457090373	3.090801e+02
542.000809750296298	3.090822e+02
543.000609536481306	3.090843e+02
544.000457062784562	3.090864e+02
545.000356160035494	3.090885e+02
546.000305324828219	3.090905e+02
547.000296519477502	3.090926e+02
548.00032856348605	3.090947e+02
549.00039992437064	3.090968e+02
550.00050195823269	3.090989e+02
551.000628867013802	3.091010e+02
552.000778619984771	3.091031e+02
553.000945071355659	3.091052e+02
554.001124319738892	3.091072e+02
555.001316586008329	3.091093e+02
556.001519320644888	3.091114e+02
557.001731672484084	3.091134e+02
558.001954675918114	3.091154e+02
559.002190567552361	3.091174e+02
559.999362884992479	3.091194e+02
560.999630826612474	3.091214e+02
561.999920830554856	3.091234e+02
563.000235633839111	3.091254e+02
564.000576550278424	3.091274e+02
565.000944078801922	3.091294e+02
566.001337432372793	3.091313e+02
567.001755222184784	3.091333e+02
568.002196495543558	3.091353e+02
568.999580920182666	3.091372e+02
570.000062861669335	3.091392e+02
571.000563368208532	3.091412e+02
572.001080476734842	3.091432e+02
573.001612390215314	3.091452e+02
574.002157901395321	3.091471e+02
574.999637739490481	3.091491e+02
576.000208103055229	3.091511e+02
577.000790376419445	3.091531e+02
578.00138554894454	3.091550e+02
579.001995962862566	3.091570e+02
579.999544495687815	3.091589e+02
581.000190636220964	3.091608e+02
582.000857445269162	3.091627e+02
583.001547127940512	3.091647e+02
583.999183521675604	3.091666e+02
584.999926948589632	3.091684e+02
586.000700489218843	3.091703e+02
587.001506598911533	3.091722e+02
587.99926799382547	3.091740e+02
589.000145409217112	3.091759e+02
590.001061787678282	3.091777e+02
591.002019298079972	3.091796e+02
591.999939170705602	3.091814e+02
593.000983032244562	3.091832e+02
594.002072942547557	3.091850e+02
595.000129737546672	3.091869e+02
596.001316151765764	3.091887e+02
596.999472665188705	3.091905e+02
598.000761925122447	3.091923e+02
599.002104637616185	3.091941e+02
600.000419838153448	3.091958e+02
601.001870748756801	3.091976e+02
602.000295198039908	3.091994e+02
603.001856482751009	3.092012e+02
604.000391285519527	3.092029e+02
605.002064012870051	3.092047e+02
606.000709777146653	3.092064e+02
606.999409940374107	3.092081e+02
608.001245875481345	3.092099e+02
609.000049676068443	3.092116e+02
610.001977780122729	3.092133e+02
611.000845954300644	3.092150e+02
611.99973879132358	3.092167e+02
613.0017381606973	3.092185e+02
614.000676823116464	3.092202e+02
614.999639012873558	3.092219e+02
616.001711923290941	3.092236e+02
617.000734056203328	3.092253e+02
617.999790448542399	3.092270e+02
619.001965576661064	3.092287e+02
620.001094966328083	3.092304e+02
621.000264110250328	3.092322e+02
621.999473763055789	3.092339e+02
623.001807770423625	3.092356e+02
624.001097977880477	3.092374e+02
625.000428471307941	3.092391e+02
625.99979888765597	3.092408e+02
626.999206816023047	3.092426e+02
628.001734472853627	3.092443e+02
629.001210015546008	3.092460e+02
630.000717516821396	3.092478e+02
631.000256078500001	3.092495e+02
631.999825123270284	3.092512e+02
632.999426658020411	3.092530e+02
634.00214914754838	3.092547e+02
635.00182383606159	3.092564e+02
636.00153826904284	3.092582e+02
637.001295668469538	3.092599e+02
638.001098441052591	3.092616e+02
639.000949078242797	3.092633e+02
640.000852172062196	3.092650e+02
641.000811977679632	3.092667e+02
642.000826046606221	3.092684e+02
643.00088421093858	3.092701e+02
644.000987198982557	3.092718e+02
645.001135073950991	3.092735e+02
646.001327198662466	3.092752e+02
647.001564001378711	3.092768e+02
648.001846248315132	3.092785e+02
649.002175559720968	3.092802e+02
649.999466234982947	3.092819e+02
650.999894350096497	3.092835e+02
652.000373217148535	3.092852e+02
653.000902076524198	3.092869e+02
654.00147562295092	3.092885e+02
655.002088305455345	3.092902e+02
655.999648575967171	3.092918e+02
657.000332758057425	3.092935e+02
658.0010501714155	3.092952e+02
659.001800652544148	3.092968e+02
659.99949457924231	3.092984e+02
661.00031023942654	3.093001e+02
662.001159454296953	3.093017e+02
663.002044136727022	3.093033e+02
663.999875970023027	3.093050e+02
665.000834738074445	3.093066e+02
666.001832272214756	3.093082e+02
666.999780480688059	3.093098e+02
668.00086067640018	3.093114e+02
669.0019849067927	3.093130e+02
670.000066609870373	3.093146e+02
671.001289291633157	3.093162e+02
671.999475757621894	3.093178e+02
673.000807624938147	3.093194e+02
674.00218933117651	3.093210e+02
675.000530347012273	3.093225e+02
676.00201286504398	3.093241e+02
677.000455554626456	3.093256e+02
678.00203940307631	3.093272e+02
679.000578665894523	3.093287e+02
679.999162369956139	3.093302e+02
681.000880745148152	3.093317e+02
681.99954849522635	3.093332e+02
683.001348837939759	3.093348e+02
684.000098695633596	3.093362e+02
685.001982198614996	3.093377e+02
686.000816954055722	3.093392e+02
686.999697858463037	3.093407e+02
688.00171817598391	3.093422e+02
689.000696449352063	3.093436e+02
689.999727806012288	3.093451e+02
691.001907207350882	3.093465e+02
692.001049376099786	3.093480e+02
693.000249775258794	3.093494e+02
693.999509619646233	3.093508e+02
695.001924732240695	3.093522e+02
696.001309593331143	3.093536e+02
697.000760008039492	3.093550e+02
698.000278654198837	3.093564e+02
698.999867765049999	3.093578e+02
699.999528647373381	3.093592e+02
700.999261851223423	3.093606e+02
702.002166662328364	3.093620e+02
703.002048461605796	3.093634e+02
704.002016020040287	3.093647e+02
705.002067926577752	3.093661e+02
706.00220676286699	3.093675e+02
706.999339558774523	3.093689e+02
707.999660490636643	3.093702e+02
709.000074117678878	3.093716e+02
710.000580381524742	3.093729e+02
711.001179537292728	3.093742e+02
712.001873981621088	3.093756e+02
712.999567203269407	3.093769e+02
714.00045794582627	3.093782e+02
715.001450105897447	3.093795e+02
715.999448579511522	3.093808e+02
717.000655854154957	3.093822e+02
718.0019742138428	3.093835e+02
719.000305392174141	3.093848e+02
720.001852983587924	3.093861e+02
721.000416218402506	3.093874e+02
722.002200570993409	3.093887e+02
723.001008981241284	3.093900e+02
723.999950655311068	3.093912e+02
725.002133639869839	3.093925e+02
726.001353102790858	3.093938e+02
727.00071608947178	3.093951e+02
728.00022038558518	3.093963e+02
728.999871265919523	3.093976e+02
729.999674178006103	3.093989e+02
730.999624470423214	3.094001e+02
731.999723814716162	3.094014e+02
732.999981920546702	3.094027e+02
734.000399350975727	3.094039e+02
735.000982023089364	3.094052e+02
736.001751885511112	3.094064e+02
736.999619236443891	3.094077e+02
738.000802725583412	3.094089e+02
739.002187912777913	3.094102e+02
740.000664238488525	3.094114e+02
740.999335135875413	3.094127e+02
742.001306272409806	3.094139e+02
743.00035018367214	3.094152e+02
743.99957864434225	3.094165e+02
745.00209378730176	3.094177e+02
746.001656578055645	3.094190e+02
747.001380774958648	3.094202e+02
748.00126859852594	3.094215e+02
749.001303812227547	3.094228e+02
750.001478226125414	3.094240e+02
751.001804049645898	3.094253e+02
751.999170492685494	3.094266e+02
752.999809978551639	3.094278e+02
754.000617256708324	3.094291e+02
755.00160456231481	3.094303e+02
755.9996414509244	3.094316e+02
757.000951254417714	3.094328e+02
757.999294888358463	3.094341e+02
759.000917716026038	3.094353e+02
759.999566380384408	3.094366e+02
761.001471295675515	3.094378e+02
762.000398866962996	3.094390e+02
762.999480786557797	3.094402e+02
764.001828470308624	3.094415e+02
765.001191457607433	3.094427e+02
766.000702680357449	3.094439e+02
767.000354804227186	3.094451e+02
768.000129205270241	3.094463e+02
769.000031120643371	3.094476e+02
770.000070989382039	3.094488e+02
771.000232985301295	3.094500e+02
772.000507517313849	3.094512e+02
773.00091097560221	3.094526e+02
774.001447959901384	3.094538e+02
774.998969051475342	3.094550e+02
775.999733179126224	3.094561e+02
777.000628535097917	3.094573e+02
777.998511779941055	3.094585e+02
778.999625465291729	3.094597e+02
780.000852992181535	3.094608e+02
780.999067502251023	3.094620e+02
782.000501651750483	3.094632e+02
782.998890402950906	3.094643e+02
784.000510709332616	3.094655e+02
784.999095951145591	3.094666e+02
786.000885146906739	3.094677e+02
786.999626701129273	3.094689e+02
788.001601758150173	3.094700e+02
789.000530123687213	3.094711e+02
789.999530848230279	3.094722e+02
790.99862715721315	3.094733e+02
792.000951261299747	3.094744e+02
793.000211673519857	3.094755e+02
793.999551064803086	3.094766e+02
794.998993047389376	3.094776e+02
795.998539242270454	3.094787e+02
797.00121385970408	3.094798e+02
798.00083212691186	3.094809e+02
799.000522314330169	3.094820e+02
800.000250605756605	3.094830e+02
801.000017169912667	3.094841e+02
801.999842073571358	3.094852e+02
802.999706484609419	3.094863e+02
803.999582733291618	3.094874e+02
804.999482047756146	3.094884e+02
805.999415658781686	3.094895e+02
806.999351759117303	3.094906e+02
807.999274949151413	3.094917e+02
808.999208724711366	3.094927e+02
809.99914808867095	3.094938e+02
810.999056193766251	3.094949e+02
811.998932488494233	3.094960e+02
812.998803996338438	3.094971e+02
813.998654002002354	3.094981e+02
815.001579920991389	3.094992e+02
816.00133257523828	3.095003e+02
817.001074908216992	3.095014e+02
818.000771926080461	3.095025e+02
819.000393426636151	3.095035e+02
819.999981202322829	3.095046e+02
820.999550655257735	3.095057e+02
821.99903903299446	3.095068e+02
823.001566279714211	3.095078e+02
824.000924564271259	3.095089e+02
825.000221582081508	3.095100e+02
825.999382328954994	3.095110e+02
827.001587692406019	3.095121e+02
828.000627895948355	3.095131e+02
828.999551449502519	3.095142e+02
830.001467451544841	3.095152e+02
831.00021531107916	3.095162e+02
831.998895971035608	3.095172e+02
833.00053533753794	3.095182e+02
833.998955071971295	3.095192e+02
835.00047699596098	3.095202e+02
835.998715522652674	3.095211e+02
836.999930671296283	3.095221e+02
838.001123477570104	3.095230e+02
838.999081881752318	3.095239e+02
839.999970080385197	3.095249e+02
841.000794857779169	3.095258e+02
842.001560905365864	3.095267e+02
842.999001408825166	3.095276e+02
843.999452529910513	3.095284e+02
844.999872326116702	3.095293e+02
846.00012386627759	3.095301e+02
847.000222763155534	3.095310e+02
848.000292433634058	3.095318e+02
849.000242785677756	3.095326e+02
850.00002896157423	3.095334e+02
850.999761643604757	3.095341e+02
851.999393702273892	3.095349e+02
852.998859638489989	3.095356e+02
854.001360649677281	3.095363e+02
855.000657095778593	3.095370e+02
855.999813643532775	3.095377e+02
856.998873063266615	3.095383e+02
858.000986364875075	3.095389e+02
858.999868720381755	3.095396e+02
859.998649532608965	3.095402e+02
861.000471721768236	3.095408e+02
861.999066316743551	3.095413e+02
863.00067494956329	3.095419e+02
863.999087793853846	3.095424e+02
865.000544472149613	3.095429e+02
865.998803714020937	3.095434e+02
867.000122603809928	3.095439e+02
868.001384262134707	3.095443e+02
868.999472388112508	3.095448e+02
870.000643261292907	3.095452e+02
870.998667684868224	3.095456e+02
871.999782446837344	3.095460e+02
873.000874958462532	3.095463e+02
873.998827776105145	3.095467e+02
874.999872922336863	3.095470e+02
876.000892789683121	3.095473e+02
876.998770256755165	3.095476e+02
877.999739486612611	3.095479e+02
879.000683825170086	3.095481e+02
880.001608363271998	3.095483e+02
880.999396520939513	3.095485e+02
882.000287412664647	3.095487e+02
883.001169270520791	3.095489e+02
883.998928084996123	3.095490e+02
884.999805708670237	3.095492e+02
886.000690875077112	3.095493e+02
887.001587333905491	3.095494e+02
887.999378046442303	3.095494e+02
889.000298849841215	3.095495e+02
890.001227169192589	3.095495e+02
890.999038491454712	3.095495e+02
891.999963323031352	3.095495e+02
893.000877356106457	3.095495e+02
893.998656425749232	3.095495e+02
894.999532193965592	3.095495e+02
896.00038300383892	3.095495e+02
897.001206450445807	3.095494e+02
897.998883302916397	3.095494e+02
898.999649348573598	3.095493e+02
900.000386891797802	3.095493e+02
901.001097298132891	3.095492e+02
901.998664901937559	3.095491e+02
902.999325858317889	3.095490e+02
903.999963408500321	3.095489e+02
905.00057879198755	3.095488e+02
906.001172663939997	3.095487e+02
906.998627661731803	3.095486e+02
907.999177637872663	3.095485e+02
908.999704328773987	3.095484e+02
910.000205979892371	3.095483e+02
911.000680661403294	3.095482e+02
912.001126076367655	3.095480e+02
913.0015389069398	3.095479e+02
913.998800052091042	3.095478e+02
914.999140677978858	3.095476e+02
915.999443047825253	3.095475e+02
916.999706709535417	3.095473e+02
917.9999324325413	3.095472e+02
919.000120945214121	3.095470e+02
920.000274033838991	3.095468e+02
921.000394375183646	3.095467e+02
922.000485300970581	3.095465e+02
923.000549587474893	3.095463e+02
924.000590745406612	3.095461e+02
925.000611420237874	3.095459e+02
926.000613609053062	3.095457e+02
927.000599446097908	3.095455e+02
928.000569194498098	3.095452e+02
929.000522922412983	3.095450e+02
930.00045981055996	3.095447e+02
931.000378734565288	3.095444e+02
932.000279030365391	3.095441e+02
933.000160171714697	3.095438e+02
934.000022525270765	3.095435e+02
934.999867901941911	3.095432e+02
935.999698896975019	3.095429e+02
936.999519162073966	3.095425e+02
937.999332095546947	3.095421e+02
938.999141000032296	3.095417e+02
939.998949079595945	3.095413e+02
940.998758037671109	3.095409e+02
941.998568508800759	3.095405e+02
943.001495012791338	3.095400e+02
944.001307348309638	3.095396e+02
945.001117308138419	3.095391e+02
946.000922549333836	3.095386e+02
947.000718497132311	3.095381e+02
948.000501810637275	3.095376e+02
949.000268707143277	3.095371e+02
950.000015691923181	3.095366e+02
950.999740415221709	3.095360e+02
951.999440668327338	3.095355e+02
952.999114517718226	3.095349e+02
953.998760791102313	3.095343e+02
955.001492963863257	3.095337e+02
956.001082963674321	3.095332e+02
957.000645038631092	3.095326e+02
958.000178803099629	3.095320e+02
958.999682979672343	3.095313e+02
959.99915611341271	3.095307e+02
960.998596297893869	3.095301e+02
962.001114210052492	3.095295e+02
963.000481022976601	3.095288e+02
963.999807458572491	3.095282e+02
964.999090907294772	3.095275e+02
966.001442156829967	3.095269e+02
967.00063385017711	3.095262e+02
967.999778394348027	3.095255e+02
968.998876222372701	3.095249e+02
970.001041290887429	3.095242e+02
971.00005162988009	3.095235e+02
971.99902222709477	3.095228e+02
973.001068265900244	3.095221e+02
973.999968298627778	3.095214e+02
974.998835801962286	3.095207e+02
976.000783794113772	3.095199e+02
976.999589948280573	3.095192e+02
978.001478315908685	3.095185e+02
979.000227384655773	3.095177e+02
979.998950053329395	3.095169e+02
981.000759147816893	3.095162e+02
981.999433860136037	3.095154e+02
983.001198919287617	3.095146e+02
983.999833765523476	3.095138e+02
985.001562066623023	3.095130e+02
986.000163562993293	3.095122e+02
986.998750851895807	3.095114e+02
988.000436835688788	3.095105e+02
988.999001766113224	3.095097e+02
990.000669566239139	3.095088e+02
990.999220801870592	3.095080e+02
992.000879034973195	3.095071e+02
992.999424557068551	3.095062e+02
994.001079242855212	3.095053e+02
994.999621495325073	3.095044e+02
996.001272379075544	3.095035e+02
996.999808992381304	3.095025e+02
998.00145173852161	3.095016e+02
998.999978241237272	3.095007e+02
1000.00160959835716	3.094997e+02
1001.0001236260174	3.094987e+02
1001.99863129237235	3.094978e+02
1003.00024257300242	3.094968e+02
1003.99873512430747	3.094958e+02
1005.00032852015397	3.094948e+02
1005.99879928425139	3.094937e+02
1007.00036695508913	3.094927e+02
1007.99880919247039	3.094917e+02
1009.00034613438197	3.094906e+02
1009.99875574490147	3.094896e+02
1011.00025693841337	3.094885e+02
1011.99862805223597	3.094875e+02
1013.00008661249171	3.094864e+02
1014.00152002830805	3.094853e+02
1014.99981539430576	3.094842e+02
1016.00118991158695	3.094831e+02
1016.99942133770173	3.094820e+02
1018.00072743686451	3.094809e+02
1018.99888733657883	3.094798e+02
1020.0001194479787	3.094787e+02
1021.0013144051718	3.094776e+02
1021.99936417932599	3.094765e+02
1023.00048793499343	3.094753e+02
1024.00157635031769	3.094742e+02
1024.99951923650224	3.094731e+02
1026.00053376456799	3.094719e+02
1026.99840141366099	3.094707e+02
1027.99934028847269	3.094695e+02
1029.00024373670999	3.094684e+02
1029.99800516408482	3.094672e+02
1030.99884221824027	3.094660e+02
1031.99964671941939	3.094649e+02
1033.00041802231635	3.094637e+02
1033.99804952709655	3.094625e+02
1034.99875870898768	3.094612e+02
1035.99944064779402	3.094600e+02
1037.00009994695847	3.094587e+02
1038.00074205531064	3.094574e+02
1038.99826386522864	3.094561e+02
1039.99888329008604	3.094548e+02
1040.99949323576243	3.094534e+02
1042.00009334319179	3.094521e+02
1043.00068206451465	3.094507e+02
1043.99814967603993	3.094493e+02
1044.99870863692104	3.094479e+02
1045.99924781729806	3.094464e+02
1046.99976355174067	3.094450e+02
1048.00025367515536	3.094435e+02
1049.00071861765264	3.094420e+02
1049.99805381919327	3.094405e+02
1050.99847620815876	3.094389e+02
1051.99888214853831	3.094374e+02
1052.99927355657019	3.094358e+02
1053.9996523324719	3.094342e+02
1055.00002043905374	3.094326e+02
1056.00037971354323	3.094309e+02
1057.00073245915132	3.094293e+02
1057.99797295655617	3.094276e+02
1058.99831543682899	3.094259e+02
1059.99865196832684	3.094242e+02
1060.99898010463107	3.094225e+02
1061.99929558142412	3.094207e+02
1062.99959473043623	3.094190e+02
1063.99987413955296	3.094172e+02
1065.00013162082382	3.094154e+02
1066.0003666061491	3.094136e+02
1067.00058056368607	3.094117e+02
1068.00077596735809	3.094099e+02
1069.00095477978175	3.094081e+02
1069.99801178201983	3.094062e+02
1070.99815862411697	3.094044e+02
1071.99828564748941	3.094026e+02
1072.99838778802427	3.094007e+02
1073.99845913444005	3.093989e+02
1074.9984943237796	3.093970e+02
1075.99848998123457	3.093952e+02
1076.99844496008745	3.093933e+02
1077.99835962096631	3.093915e+02
1078.99823550914539	3.093896e+02
1079.99804283451908	3.093877e+02
1080.99777406137309	3.093859e+02
1081.99757889515672	3.093840e+02
1082.99736940244225	3.093821e+02
1083.997131230901	3.093803e+02
1084.99997233226168	3.093784e+02
1085.99968519321806	3.093765e+02
1086.99937344953241	3.093747e+02
1087.99903579596662	3.093728e+02
1088.99867164629632	3.093709e+02
1089.99828016497986	3.093691e+02
1090.99786207309512	3.093672e+02
1091.99741979769374	3.093654e+02
1092.99695453449795	3.093635e+02
1093.99957109156776	3.093616e+02
1094.99906341952942	3.093598e+02
1095.99853767852869	3.093579e+02
1096.99799652755314	3.093560e+02
1097.99744266236758	3.093542e+02
1098.99998253767399	3.093523e+02
1099.99941124372504	3.093504e+02
1100.99883557991279	3.093485e+02
1101.99825767902257	3.093467e+02
1102.99768014663232	3.093447e+02
1103.99710595075726	3.093428e+02
1104.99964161450657	3.093409e+02
1105.99908297351203	3.093389e+02
1106.99853713760399	3.093370e+02
1107.99800585816433	3.093350e+02
1108.9974892800883	3.093330e+02
1109.99698550838366	3.093309e+02
1110.9995967161592	3.093289e+02
1111.99911250392847	3.093268e+02
1112.99863366098452	3.093248e+02
1113.99815714160036	3.093227e+02
1114.99768068710409	3.093205e+02
1115.9972029713133	3.093184e+02
1116.99982721927131	3.093162e+02
1117.99934466068339	3.093141e+02
1118.99885918591713	3.093119e+02
1119.99837112821047	3.093097e+02
1120.99788002591595	3.093075e+02
1121.9973852182859	3.093052e+02
1122.99999101212848	3.093030e+02
1123.99948905605766	3.093007e+02
1124.99898330748624	3.092984e+02
1125.99847339668077	3.092961e+02
1126.99795813229139	3.092938e+02
1127.99743513206772	3.092914e+02
1129.00000566831295	3.092891e+02
1129.99945815789215	3.092867e+02
1130.99889325602135	3.092843e+02
1131.99830841874882	3.092823e+02
1133.00080490487903	3.092799e+02
1134.00017295241537	3.092775e+02
1134.99951269206895	3.092751e+02
1135.99882001690776	3.092728e+02
1136.9980899825764	3.092704e+02
1138.00042121801789	3.092680e+02
1138.99960350566766	3.092657e+02
1139.99873758961189	3.092633e+02
1141.00092542982816	3.092609e+02
1141.99996276609818	3.092586e+02
1142.99895494689849	3.092562e+02
1144.00100640711162	3.092539e+02
1144.99991575993818	3.092515e+02
1145.99878880975484	3.092492e+02
1147.0007313388096	3.092469e+02
1147.99954265645124	3.092445e+02
1148.99832711965564	3.092422e+02
1150.000187799591	3.092399e+02
1150.99892189105094	3.092376e+02
1152.00073346352883	3.092352e+02
1152.99942172058309	3.092329e+02
1153.99809208171928	3.092305e+02
1154.99985105495193	3.092282e+02
1155.99850184254683	3.092258e+02
1157.00025319591782	3.092234e+02
1157.99890694103397	3.092210e+02
1159.00066832192624	3.092186e+02
1159.99933451059292	3.092162e+02
1160.99800622983889	3.092138e+02
1161.9997834014282	3.092113e+02
1162.99846151705219	3.092089e+02
1164.00024126092603	3.092064e+02
1164.99891712956332	3.092039e+02
1166.00068994524736	3.092014e+02
1166.99935646339691	3.091989e+02
1167.9980188936504	3.091964e+02
1168.99978069425833	3.091939e+02
1169.9984467029667	3.091913e+02
1171.00022526371276	3.091888e+02
1171.99892255418968	3.091862e+02
1173.00074953688045	3.091836e+02
1173.99949361987819	3.091809e+02
1174.99825013742043	3.091783e+02
1176.00013710691951	3.091756e+02
1176.99895466628141	3.091730e+02
1178.00090672586907	3.091702e+02
1178.99978597725067	3.091675e+02
1179.99868844415846	3.091648e+02
1181.0007103556602	3.091620e+02
1181.99964151327413	3.091592e+02
1182.99858001971097	3.091564e+02
1184.00062515109835	3.091536e+02
1184.99957067028504	3.091508e+02
1185.99851899484156	3.091479e+02
1187.00057351632518	3.091451e+02
1187.99953059631616	3.091422e+02
1188.99849362446412	3.091393e+02
1190.00056565881141	3.091364e+02
1190.99954199423428	3.091335e+02
1191.99852380361835	3.091305e+02
1193.0006089512633	3.091276e+02
1193.99958603475943	3.091246e+02
1194.99855016271181	3.091217e+02
1196.00059544823239	3.091187e+02
1196.99950960317574	3.091158e+02
1197.99838901838962	3.091128e+02
1199.00033048155274	3.091098e+02
1199.99912615566609	3.091068e+02
1201.00097866831493	3.091038e+02
1201.99968382255634	3.091009e+02
1202.99834003880733	3.090979e+02
1204.000048194486	3.090949e+02
1204.99862036699483	3.090920e+02
1206.00026296274086	3.090890e+02
1206.99877532803589	3.090861e+02
1208.00035765685629	3.090832e+02
1208.99880374529289	3.090803e+02
1210.00030765006909	3.090774e+02
1210.99866048260742	3.090745e+02
1212.00005521470644	3.090716e+02
1212.99828645891466	3.090687e+02
1213.99955647530646	3.090659e+02
1215.00077473615215	3.090630e+02
1215.99885572998278	3.090601e+02
1217.00001534245234	3.090573e+02
1217.99807015916804	3.090544e+02
1218.99923182491011	3.090516e+02
1220.00040784604539	3.090488e+02
1220.99850238459476	3.090459e+02
1221.99971680765952	3.090431e+02
1223.0009526615288	3.090403e+02
1223.99911018558737	3.090374e+02
1225.00038901855055	3.090346e+02
1225.99859035402733	3.090317e+02
1226.99991543423243	3.090288e+02
1227.9981656946045	3.090260e+02
1228.9995445570305	3.090231e+02
1230.0009559124162	3.090201e+02
1230.99930306384226	3.090172e+02
1232.00079096131367	3.090143e+02
1232.99922256000877	3.090113e+02
1234.00080150474764	3.090083e+02
1234.99932704594016	3.090054e+02
1236.00100135483262	3.090023e+02
1236.99962158512949	3.089993e+02
1237.99828767946792	3.089963e+02
1239.00009935828234	3.089932e+02
1239.99885077281624	3.089901e+02
1241.00074088707311	3.089870e+02
1241.99955992815626	3.089839e+02
1242.99840375107306	3.089808e+02
1244.00036954211714	3.089776e+02
1244.99924899340976	3.089744e+02
1245.99814252710053	3.089712e+02
1247.00015233778663	3.089680e+02
1247.99907446850011	3.089648e+02
1248.99801245657409	3.089615e+02
1250.00006949212343	3.089583e+02
1250.99903874465963	3.089550e+02
1251.9980171517559	3.089517e+02
1253.00009871743578	3.089484e+02
1253.99906924520496	3.089451e+02
1254.99802171148099	3.089418e+02
1256.00004890617402	3.089384e+02
1256.99893735115597	3.089351e+02
1258.00088512359002	3.089317e+02
1258.99968529377657	3.089284e+02
1259.99843966837557	3.089250e+02
1261.00025147559381	3.089217e+02
1261.99892107124424	3.089183e+02
1263.00065423065553	3.089150e+02
1263.99925049751687	3.089116e+02
1265.0009135610826	3.089083e+02
1265.99944161575922	3.089049e+02
1266.99793565363575	3.089016e+02
1267.99949549814323	3.088982e+02
1268.99791731754135	3.088949e+02
1269.9993999202743	3.088915e+02
1271.00083948422684	3.088882e+02
1271.99913290560312	3.088848e+02
1273.00047962419103	3.088815e+02
1273.99868037886404	3.088782e+02
1274.99993909200953	3.088748e+02
1275.99806137866858	3.088715e+02
1276.99925376117221	3.088683e+02
1278.00042350549757	3.088650e+02
1278.99847846206808	3.088617e+02
1279.9996250331501	3.088585e+02
1281.00076718556329	3.088552e+02
1281.99880365085437	3.088520e+02
1282.99993413125026	3.088487e+02
1283.99796679431188	3.088455e+02
1284.99911057220856	3.088422e+02
1286.00027752006417	3.088390e+02
1286.99837975066725	3.088357e+02
1287.99962550355622	3.088325e+02
1289.0009215487255	3.088292e+02
1289.99917414749689	3.088259e+02
1291.00058816401247	3.088226e+02
1291.99896510465373	3.088193e+02
1293.00051009187996	3.088160e+02
1293.9990221543444	3.088126e+02
1295.0006992244821	3.088093e+02
1295.99933696642756	3.088059e+02
1296.99803311771893	3.088025e+02
1297.99988504428347	3.087991e+02
1298.99868789046354	3.087957e+02
1300.00064337446429	3.087923e+02
1300.99954346376671	3.087888e+02
1301.99848729543987	3.087854e+02
1303.00057421883002	3.087819e+02
1303.99959571877844	3.087784e+02
1304.99865258077125	3.087749e+02
1306.00084756155638	3.087714e+02
1306.99997568614435	3.087678e+02
1307.99914038046791	3.087643e+02
1308.99834180037737	3.087607e+02
1310.00068060740341	3.087571e+02
1310.99994679110318	3.087535e+02
1311.99923955881809	3.087499e+02
1312.99855416577725	3.087463e+02
1314.00098871274236	3.087426e+02
1315.00033118233068	3.087389e+02
1315.99968035228039	3.087353e+02
1316.99903062470958	3.087316e+02
1317.99837596639827	3.087279e+02
1319.00081431395529	3.087242e+02
1320.00013219435982	3.087204e+02
1320.99942818310433	3.087167e+02
1321.99869978614174	3.087130e+02
1322.99794457855933	3.087093e+02
1324.00026133372853	3.087055e+02
1324.99944066448029	3.087018e+02
1325.9985875870309	3.086980e+02
1327.00080828060459	3.086943e+02
1327.99989652433896	3.086905e+02
1328.99895469004514	3.086868e+02
1329.99798759769919	3.086831e+02
1331.00009817108776	3.086793e+02
1331.99907272872133	3.086756e+02
1332.9980161248659	3.086718e+02
1334.00004250575012	3.086681e+02
1334.99894359480732	3.086644e+02
1336.00092217373071	3.086606e+02
1336.99978862095145	3.086569e+02
1337.99864279015287	3.086532e+02
1339.00057781168721	3.086494e+02
1339.99939990603571	3.086457e+02
1340.99821403393571	3.086420e+02
1342.00011797293246	3.086383e+02
1342.99891625323062	3.086346e+02
1344.00081712779388	3.086309e+02
1344.99961532945053	3.086272e+02
1345.99841945113303	3.086235e+02
1347.00033626975369	3.086197e+02
1347.9991612664146	3.086160e+02
1348.99800061232236	3.086123e+02
1349.99995843046486	3.086086e+02
1350.99882884485237	3.086048e+02
1352.00081784367558	3.086011e+02
1352.99972466956524	3.085973e+02
1353.99865292872482	3.085936e+02
1355.00070862963616	3.085898e+02
1355.99969133071227	3.085860e+02
1356.99870541472819	3.085823e+02
1358.00085484322972	3.085784e+02
1358.99993565592968	3.085746e+02
1359.99904835064194	3.085708e+02
1360.99819117085349	3.085670e+02
1362.00046895444302	3.085631e+02
1362.9996744606367	3.085592e+02
1363.99890983446517	3.085553e+02
1364.99817625000514	3.085514e+02
1366.00057675993003	3.085475e+02
1366.99990367562941	3.085435e+02
1367.9992590363438	3.085396e+02
1368.99864066007058	3.085356e+02
1369.99804663080772	3.085316e+02
1371.00057959637684	3.085275e+02
1372.00002990975213	3.085235e+02
1372.9995002470821	3.085194e+02
1373.99899004972622	3.085153e+02
1374.99849884930177	3.085113e+02
1375.99802611657037	3.085071e+02
1377.0006751514743	3.085030e+02
1378.00023421828473	3.084989e+02
1378.99980186620587	3.084947e+02
1379.99937287725652	3.084905e+02
1380.99894108755052	3.084863e+02
1381.99850130410346	3.084821e+02
1382.99804987963262	3.084779e+02
1384.00068734541537	3.084737e+02
1385.0002043187983	3.084695e+02
1385.99970579036994	3.084653e+02
1386.99919015351657	3.084610e+02
1387.9986536510246	3.084568e+02
1388.99809272032599	3.084526e+02
1390.00060974385337	3.084483e+02
1390.99999660132357	3.084441e+02
1391.99935726255489	3.084398e+02
1392.99869173706816	3.084356e+02
1393.9979991575558	3.084314e+02
1395.00037999900633	3.084271e+02
1395.99962390962583	3.084229e+02
1396.99883211560154	3.084187e+02
1397.99800414250876	3.084144e+02
1399.00024344831309	3.084102e+02
1399.99934490739838	3.084060e+02
1400.9984116419314	3.084018e+02
1402.00054648821447	3.083976e+02
1402.99954453430087	3.083934e+02
1403.99850834173913	3.083892e+02
1405.00053967198528	3.083849e+02
1405.99943391035413	3.083807e+02
1406.99829450752236	3.083766e+02
1408.00022814772478	3.083723e+02
1408.99903329382164	3.083682e+02
1410.00091412937172	3.083639e+02
1410.99966626340984	3.083597e+02
1411.9983906948205	3.083555e+02
1413.00019518133809	3.083513e+02
1413.99888386547832	3.083471e+02
1415.00066595208682	3.083428e+02
1415.99934766114984	3.083386e+02
1416.9980370354624	3.083343e+02
1417.99983869231846	3.083300e+02
1418.99855226288651	3.083257e+02
1420.00038617582095	3.083214e+02
1420.99914001706429	3.083170e+02
1421.99792000870934	3.083127e+02
1422.99982909249775	3.083083e+02
1423.99866679425713	3.083039e+02
1425.00064067122162	3.082994e+02
1425.99955111646295	3.082950e+02
1426.99850618558708	3.082905e+02
1428.00061483366107	3.082860e+02
1428.99967494484235	3.082814e+02
1429.99878924253017	3.082769e+02
1430.99795362734608	3.082723e+02
1432.00026670837451	3.082677e+02
1432.99951741945915	3.082631e+02
1433.99880633259363	3.082585e+02
1434.99813322529735	3.082538e+02
1436.00060118761689	3.082491e+02
1437.00000441811471	3.082444e+02
1437.99944825605439	3.082397e+02
1438.99893273974135	3.082350e+02
1439.99845539545322	3.082303e+02
1440.99801166552561	3.082255e+02
1442.00069993741477	3.082207e+02
1443.00030417449284	3.082160e+02
1443.99992098048074	3.082112e+02
1444.99954376078949	3.082064e+02
1445.99916897508547	3.082016e+02
1446.99879542122426	3.081968e+02
1447.99842022787266	3.081920e+02
1448.99803658171481	3.081872e+02
1450.00074251822184	3.081823e+02
1451.00032547006595	3.081775e+02
1451.99989047009171	3.081727e+02
1452.99943915289964	3.081679e+02
1453.99897263919183	3.081631e+02
1454.99849251259775	3.081583e+02
1455.99799841150116	3.081535e+02
1457.00059184705924	3.081487e+02
1458.00006146936698	3.081439e+02
1458.99950821755465	3.081392e+02
1459.99892970872861	3.081344e+02
1460.99832273732682	3.081296e+02
1462.00078713971266	3.081249e+02
1463.00011302539178	3.081201e+02
1463.99940313452635	3.081154e+02
1464.99865863753894	3.081107e+02
1466.00098595879172	3.081060e+02
1467.00018237721974	3.081013e+02
1467.99935405881047	3.080966e+02
1468.99850226643298	3.080919e+02
1470.00072925667791	3.080872e+02
1470.99982757685984	3.080825e+02
1471.9988974616665	3.080779e+02
1472.99793641740439	3.080732e+02
1474.00004542403713	3.080685e+02
1474.99902393116145	3.080639e+02
1475.99798331380998	3.080592e+02
1477.00003275532003	3.080545e+02
1477.99896764514278	3.080499e+02
1479.00098971328089	3.080452e+02
1479.99989016698669	3.080405e+02
1480.9987717291865	3.080357e+02
1482.00074561971337	3.080310e+02
1482.99962385314484	3.080263e+02
1483.99852982484094	3.080215e+02
1485.00058344117451	3.080167e+02
1485.99959041304328	3.080120e+02
1486.99865669960923	3.080072e+02
1488.00088243404866	3.080023e+02
1489.00005568623578	3.079974e+02
1489.99927060181244	3.079926e+02
1490.99852111164478	3.079877e+02
1492.00090713276791	3.079827e+02
1493.00022362862455	3.079778e+02
1493.99958070080538	3.079728e+02
1494.99898601783889	3.079678e+02
1495.99844407874298	3.079628e+02
1496.99795267212198	3.079577e+02
1498.00061017970302	3.079527e+02
1499.00020024652781	3.079476e+02
1499.99982124123744	3.079425e+02
1500.9994711555787	3.079373e+02
1501.99915476841147	3.079322e+02
1502.99888210405743	3.079270e+02
1503.99866218352054	3.079219e+02
1504.99850046269671	3.079167e+02
1505.99839741814117	3.079114e+02
1506.99834498102905	3.079062e+02
1507.99832982226803	3.079010e+02
1508.99834377057755	3.078957e+02
1509.9983812867863	3.078904e+02
1510.99843940311575	3.078851e+02
1511.99851754542328	3.078798e+02
1512.99862037456728	3.078745e+02
1513.99875680543801	3.078692e+02
1514.99893992752845	3.078639e+02
1515.99916719891712	3.078586e+02
1516.99943167005972	3.078533e+02
1517.99971705804433	3.078480e+02
1519.00000507093364	3.078426e+02
1520.00028064636444	3.078373e+02
1521.00054344655064	3.078320e+02
1522.00080604227378	3.078267e+02
1522.99797203784647	3.078215e+02
1523.9982617297137	3.078162e+02
1524.99857104828561	3.078109e+02
1525.99889287421797	3.078057e+02
1526.99920744121346	3.078004e+02
1527.99949332756796	3.077952e+02
1528.99972890828735	3.077900e+02
1529.99989843304297	3.077848e+02
1530.99999660623575	3.077796e+02
1532.00002834752672	3.077745e+02
1533.0000056497388	3.077694e+02
1533.99994379792724	3.077643e+02
1534.99985489382766	3.077592e+02
1535.99974107227354	3.077541e+02
1536.99959318218407	3.077490e+02
1537.9993945457486	3.077440e+02
1538.99912737611771	3.077389e+02
1539.99878050831308	3.077339e+02
1540.99835962920133	3.077289e+02
1542.0009963747616	3.077238e+02
1543.00051612376092	3.077188e+02
1544.00004650489836	3.077138e+02
1544.99959031082108	3.077088e+02
1545.99913767881571	3.077037e+02
1546.99866683407481	3.076987e+02
1547.99815230633658	3.076936e+02
1549.00068285709017	3.076885e+02
1550.00005989398483	3.076834e+02
1550.99940805667757	3.076784e+02
1551.99875115231362	3.076733e+02
1552.99810340256977	3.076681e+02
1554.00057779378039	3.076630e+02
1554.99996085500288	3.076579e+02
1555.99934013623056	3.076527e+02
1556.99870004641639	3.076475e+02
1557.99802508664197	3.076423e+02
1559.00040351372286	3.076371e+02
1559.99962961638175	3.076318e+02
1560.99883185458475	3.076266e+02
1561.99804665354827	3.076213e+02
1563.00040512244777	3.076160e+02
1563.99971697969067	3.076106e+02
1564.99910425874737	3.076053e+02
1565.99856707239883	3.075999e+02
1566.99807599091628	3.075944e+02
1568.00070774537676	3.075890e+02
1569.00026169563853	3.075835e+02
1569.99985397141518	3.075779e+02
1570.99947455884217	3.075724e+02
1571.99913249478072	3.075668e+02
1572.99887431463685	3.075612e+02
1573.99872674321773	3.075556e+02
1574.99867493132228	3.075499e+02
1575.99869628956208	3.075443e+02
1576.99876896870296	3.075386e+02
1577.99887053899829	3.075329e+02
1578.99898700611743	3.075272e+02
1579.99911920877094	3.075214e+02
1580.99929604950307	3.075157e+02
1581.99954333203823	3.075100e+02
1582.99986456861598	3.075043e+02
1584.00026526690181	3.074985e+02
1585.00074982126171	3.074928e+02
1585.99819811651037	3.074871e+02
1586.99880664137254	3.074813e+02
1587.99945226420368	3.074756e+02
1589.0001050525093	3.074698e+02
1590.0007417046229	3.074641e+02
1590.99824813146188	3.074583e+02
1591.99884023885124	3.074526e+02
1592.99942972519125	3.074469e+02
1594.00002958172672	3.074412e+02
1595.00064829070243	3.074354e+02
1595.99818229142693	3.074298e+02
1596.99883056767135	3.074241e+02
1597.99946764110496	3.074184e+02
1599.00008495377551	3.074127e+02
1600.00067270199793	3.074071e+02
1600.99811693056563	3.074015e+02
1601.99863573761127	3.073958e+02
1602.99912012433379	3.073902e+02
1603.99955882001245	3.073847e+02
1604.99994378683573	3.073791e+02
1606.00026089057701	3.073736e+02
1607.00048996083433	3.073680e+02
1608.00061823184706	3.073626e+02
1609.00063726449798	3.073571e+02
1610.0005459719514	3.073516e+02
1611.00035693762493	3.073462e+02
1612.00008533486721	3.073408e+02
1612.99974030925409	3.073354e+02
1613.99933008162088	3.073301e+02
1614.99885544376457	3.073247e+02
1615.99829926410507	3.073193e+02
1617.00074608381328	3.073139e+02
1617.99999151333782	3.073085e+02
1618.99916022374327	3.073031e+02
1619.99827274183122	3.072977e+02
1621.00046467299944	3.072923e+02
1621.99955921158471	3.072868e+02
1622.99868939079943	3.072814e+02
1624.00096420526552	3.072759e+02
1625.0001752008875	3.072704e+02
1625.99941093398934	3.072649e+02
1626.99864202277604	3.072594e+02
1628.00095094900098	3.072538e+02
1629.00012708075269	3.072482e+02
1629.99926862994425	3.072426e+02
1630.99839600341625	3.072370e+02
1632.00064545422356	3.072313e+02
1632.999830789101	3.072256e+02
1633.99906500187512	3.072199e+02
1634.99834936202728	3.072142e+02
1636.00077795229117	3.072084e+02
1637.00013341642921	3.072026e+02
1637.99951203272235	3.071967e+02
1638.99891425364126	3.071908e+02
1639.99835136539605	3.071849e+02
1641.00094891576464	3.071789e+02
1642.00052419316467	3.071729e+02
1643.00020450171905	3.071668e+02
1643.99999952621715	3.071607e+02
1644.99990031811558	3.071546e+02
1645.9998853409802	3.071485e+02
1646.99992774030056	3.071423e+02
1648.00000741580061	3.071361e+02
1649.00012525584066	3.071299e+02
1650.0003044318978	3.071237e+02
1651.00057667982696	3.071174e+02
1652.00097306798943	3.071112e+02
1652.9984012384748	3.071050e+02
1653.99906609368327	3.070987e+02
1654.9998186113578	3.070924e+02
1656.00059973348289	3.070861e+02
1656.99825718648094	3.070798e+02
1657.99898360932161	3.070735e+02
1658.99966849767975	3.070672e+02
1660.00032889122303	3.070609e+02
1661.00098436380154	3.070546e+02
1661.99854619226448	3.070484e+02
1662.99925115638712	3.070421e+02
1664.00001017106456	3.070358e+02
1665.00081724871029	3.070296e+02
1665.99854239466185	3.070233e+02
1666.99936593392567	3.070171e+02
1668.00013978533343	3.070108e+02
1669.00085085916248	3.070046e+02
1669.99840096049707	3.069983e+02
1670.99901862720822	3.069921e+02
1671.9996011514902	3.069859e+02
1673.00014282323718	3.069797e+02
1674.00062690990535	3.069735e+02
1674.99793006669779	3.069674e+02
1675.99825913159702	3.069613e+02
1676.9985159332075	3.069552e+02
1677.99873305586266	3.069491e+02
1678.99894984492721	3.069431e+02
1679.9991844537949	3.069371e+02
1680.99942100389649	3.069311e+02
1681.99961178412059	3.069251e+02
1682.99969481212179	3.069192e+02
1683.99961417643317	3.069132e+02
1684.99933732720092	3.069073e+02
1685.99886835550888	3.069013e+02
1686.99826333853071	3.068954e+02
1688.00070195106059	3.068895e+02
1689.00002689868484	3.068836e+02
1689.99935696480293	3.068777e+02
1690.99869182296447	3.068718e+02
1691.99802643554904	3.068659e+02
1693.00044817745015	3.068599e+02
1693.9997459726842	3.068540e+02
1694.99903910307034	3.068480e+02
1695.99833840348583	3.068420e+02
1697.00075316265634	3.068360e+02
1698.00007672925381	3.068299e+02
1698.99939518658698	3.068238e+02
1699.99868049662655	3.068177e+02
1700.99791381765954	3.068116e+02
1702.00018950024923	3.068054e+02
1702.99931216928599	3.067992e+02
1703.99841821405221	3.067930e+02
1705.00066237152009	3.067867e+02
1705.99989378959776	3.067805e+02
1706.99925281337846	3.067742e+02
1707.99875871085374	3.067678e+02
1708.9984074327424	3.067615e+02
1709.99817324317451	3.067550e+02
1710.99800487291645	3.067486e+02
1712.00095314679879	3.067420e+02
1713.00077544386886	3.067355e+02
1714.00057550727479	3.067289e+02
1715.00038130945882	3.067223e+02
1716.00023802081137	3.067157e+02
1717.00019297839776	3.067091e+02
1718.00027819476122	3.067024e+02
1719.00050654086658	3.066957e+02
1720.00087646197721	3.066890e+02
1720.99825701122109	3.066823e+02
1721.99882484980481	3.066756e+02
1722.99944642589753	3.066689e+02
1724.00010876766851	3.066621e+02
1725.0007972407634	3.066553e+02
1725.99838250384119	3.066485e+02
1726.99907796378784	3.066417e+02
1727.99979450504793	3.066349e+02
1729.00054098330065	3.066280e+02
1729.99817993578563	3.066212e+02
1730.9988351227255	3.066143e+02
1731.99930843447328	3.066075e+02
1732.99960140813437	3.066006e+02
1733.99981711714031	3.065938e+02
1735.00010576322961	3.065870e+02
1736.00061319661063	3.065802e+02
1736.99831962602411	3.065734e+02
1737.99942471794657	3.065666e+02
1739.00069142894085	3.065598e+02
1739.99879142569853	3.065529e+02
1740.99972082434397	3.065460e+02
1742.0002595753615	3.065391e+02
1743.00042499239476	3.065323e+02
1744.00033711463016	3.065255e+02
1745.00020420483202	3.065188e+02
1746.00020305081262	3.065121e+02
1747.00044924191297	3.065055e+02
1748.00098229104992	3.064990e+02
1748.99862559907751	3.064924e+02
1749.99937443698445	3.064858e+02
1750.99993341300956	3.064792e+02
1752.00020452842364	3.064726e+02
1753.00018539774965	3.064660e+02
1753.99995722605786	3.064595e+02
1754.99965172305224	3.064529e+02
1755.99937420901142	3.064464e+02
1756.99918398843283	3.064398e+02
1757.99905727546616	3.064332e+02
1758.99890197778745	3.064266e+02
1759.99861603758336	3.064201e+02
1760.99815084045258	3.064135e+02
1762.00064772574046	3.064069e+02
1763.00000454708311	3.064003e+02
1763.99944313344577	3.063937e+02
1764.99905837673236	3.063872e+02
1765.99888355959615	3.063806e+02
1766.99884729628457	3.063740e+02
1767.99883162080027	3.063673e+02
1768.99871689796737	3.063606e+02
1769.99837543997342	3.063539e+02
1771.00083206083377	3.063471e+02
1771.99993232871066	3.063404e+02
1772.99891571185594	3.063337e+02
1773.9979439962824	3.063270e+02
1775.00028853091226	3.063203e+02
1775.99985701588776	3.063136e+02
1776.9997644951352	3.063069e+02
1777.99990352173882	3.063001e+02
1779.00007262439976	3.062932e+02
1780.00005311805398	3.062863e+02
1780.99972359915159	3.062794e+02
1781.99911606461114	3.062724e+02
1782.99838244358966	3.062655e+02
1784.000824727397	3.062585e+02
1785.00041188977411	3.062515e+02
1786.00031015063769	3.062444e+02
1787.00047433238024	3.062374e+02
1788.00079576195844	3.062302e+02
1788.99804110645005	3.062231e+02
1789.99833056785428	3.062159e+02
1790.99854521824045	3.062086e+02
1791.99875201646159	3.062014e+02
1792.99905301074273	3.061941e+02
1793.99956153303106	3.061869e+02
1795.00037569769552	3.061796e+02
1795.99842001382149	3.061723e+02
1796.99984002621409	3.061649e+02
1797.99821822073977	3.061575e+02
1798.99947944337873	3.061501e+02
1800.00027864572485	3.061426e+02
1801.00056012321079	3.061352e+02
1802.00048960482559	3.061278e+02
1803.00033879808689	3.061205e+02
1804.00034899565208	3.061132e+02
1805.00070417638608	3.061060e+02
1805.99834349052003	3.060988e+02
1806.99936069278101	3.060915e+02
1808.0004092353056	3.060842e+02
1808.99812186720555	3.060769e+02
1809.99854570925777	3.060696e+02
1810.99856121576249	3.060622e+02
1811.99830226419863	3.060549e+02
1812.99798186818407	3.060477e+02
1814.00089884028694	3.060404e+02
1815.00095200638179	3.060332e+02
1815.99812846920872	3.060260e+02
1816.9985271850544	3.060188e+02
1817.99889735535976	3.060115e+02
1818.99913309599242	3.060043e+02
1819.99921614260279	3.059970e+02
1820.99922274400001	3.059898e+02
1821.9992828819145	3.059826e+02
1822.9994983329093	3.059754e+02
1823.99987717613885	3.059681e+02
1825.00031684566693	3.059609e+02
1826.00063631033709	3.059536e+02
1827.00065115859502	3.059463e+02
1828.0002588480736	3.059391e+02
1828.999521290345	3.059318e+02
1829.9986634692209	3.059246e+02
1830.99798581434948	3.059175e+02
1832.00082425095457	3.059103e+02
1832.99794337922572	3.059032e+02
1833.99852546420016	3.058961e+02
1834.99916815684355	3.058889e+02
1835.99950287222032	3.058816e+02
1836.99926197810851	3.058743e+02
1837.99845557101821	3.058670e+02
1839.0004610645974	3.058597e+02
1839.99946844884767	3.058525e+02
1840.99889490637406	3.058453e+02
1841.99882978537903	3.058381e+02
1842.99915568361689	3.058308e+02
1843.99962394086606	3.058235e+02
1844.9999339175306	3.058161e+02
1845.99984691075065	3.058087e+02
1846.99937196937162	3.058013e+02
1847.99875222213336	3.057939e+02
1848.9983355002023	3.057865e+02
1849.99841663746088	3.057791e+02
1850.99907064851641	3.057717e+02
1852.00023379756112	3.057643e+02
1852.99850626381544	3.057567e+02
1853.99957871549464	3.057491e+02
1855.00004137674819	3.057414e+02
1855.99993206196245	3.057338e+02
1856.99962127416029	3.057261e+02
1857.99947772035603	3.057185e+02
1858.99983540032395	3.057109e+02
1860.00087601343103	3.057033e+02
1860.99940074094002	3.056957e+02
1861.99821972287737	3.056880e+02
1862.99985620170742	3.056802e+02
1864.00073654599191	3.056724e+02
1865.00079823534224	3.056646e+02
1866.00023590001365	3.056568e+02
1866.99936799980014	3.056491e+02
1867.99851343587943	3.056415e+02
1869.0009532396025	3.056338e+02
1870.00041894692572	3.056262e+02
1870.99976274147139	3.056185e+02
1871.9987072297788	3.056107e+02
1873.00016324044873	3.056029e+02
1874.00096078780825	3.055951e+02
1874.99814290175391	3.055873e+02
1875.99817497179083	3.055796e+02
1876.99826133029728	3.055719e+02
1877.99858335500471	3.055642e+02
1878.99911000948509	3.055564e+02
1879.99959120604399	3.055486e+02
1880.99966701720768	3.055408e+02
1881.99906092747733	3.055329e+02
1883.00082289671991	3.055252e+02
1883.99895188739174	3.055175e+02
1884.99999827907118	3.055100e+02
1885.9982135368839	3.055026e+02
1887.00003193897987	3.054953e+02
1887.99923803263118	3.054881e+02
1888.9986619013298	3.054808e+02
1890.0009782374259	3.054736e+02
1890.9996120218068	3.054663e+02
1892.00060902208838	3.054592e+02
1892.99796475072867	3.054521e+02
1893.99834801076008	3.054452e+02
1894.99921205038618	3.054384e+02
1896.00078212942276	3.054316e+02
1896.99985531762559	3.054250e+02
1897.99922337217936	3.054183e+02
1898.998514202754	3.054116e+02
1900.00049934267236	3.054049e+02
1900.99893317374926	3.053983e+02
1902.00019646337023	3.053918e+02
1902.99848172231191	3.053854e+02
1904.00035835896188	3.053791e+02
1904.99983568619928	3.053729e+02
1905.99992277003275	3.053668e+02
1907.00032134021694	3.053606e+02
1908.0008322899414	3.053543e+02
1909.00093160232086	3.053480e+02
1910.00030599308934	3.053417e+02
1910.99915416881481	3.053355e+02
1912.00096180215701	3.053297e+02
1912.99985416341951	3.053237e+02
1913.99916159502141	3.053179e+02
1915.00183493017198	3.053121e+02
1915.99884508729065	3.053064e+02
1916.99943377915861	3.053005e+02
1918.00014863020897	3.052946e+02
1919.00056764200008	3.052886e+02
1920.00045193746428	3.052827e+02
1920.999817220767	3.052768e+02
1921.99885407788929	3.052710e+02
1923.00093528869252	3.052653e+02
1924.00015154858534	3.052598e+02
1924.9996942356795	3.052542e+02
1925.99951501246892	3.052487e+02
1926.9994556337756	3.052431e+02
1927.99924453677409	3.052375e+02
1929.00169876828068	3.052320e+02
1930.00053873376396	3.052266e+02
1930.99901672645274	3.052213e+02
1932.00052548632129	3.052162e+02
1932.99922801006664	3.052112e+02
1934.0015359973911	3.052063e+02
1935.00131940371921	3.052015e+02
1936.00158843669146	3.051966e+02
1936.99896437524126	3.051917e+02
1937.99915532118575	3.051868e+02
1939.00169088058715	3.051819e+02
1940.00026699132422	3.051771e+02
1941.00131005967296	3.051725e+02
1941.99907159494342	3.051681e+02
1943.00016854220166	3.051638e+02
1943.99876931042331	3.051596e+02
1945.0013154265514	3.051555e+02
1946.00145902451573	3.051514e+02
1947.00184707857534	3.051472e+02
1947.99894027443679	3.051431e+02
1949.00159173641941	3.051390e+02
1950.0005148195396	3.051350e+02
1950.99915708621666	3.051312e+02
1952.00121105374001	3.051274e+02
1953.00099918931824	3.051238e+02
1954.00175856958867	3.051202e+02
1955.00025833826953	3.051166e+02
1955.99891357040747	3.051130e+02
1956.99998347217434	3.051093e+02
1957.99995687250339	3.051057e+02
1958.99898139444576	3.051022e+02
1960.00060367275319	3.050988e+02
1960.99908875227379	3.050956e+02
1962.00098840628698	3.050925e+02
1963.00035636391385	3.050896e+02
1964.00013511165548	3.050867e+02
1964.99958884015041	3.050839e+02
1966.00117777936748	3.050810e+02
1967.00166040344834	3.050782e+02
1968.00103332507774	3.050754e+02
1968.99926208336751	3.050726e+02
1969.99984270938785	3.050700e+02
1971.00066921584312	3.050675e+02
1972.00156233056987	3.050650e+02
1973.00163917092277	3.050627e+02
1974.00116417228719	3.050604e+02
1975.00054692965341	3.050580e+02
1976.00169083237279	3.050557e+02
1977.00122177684921	3.050535e+02
1978.00073247297109	3.050513e+02
1979.00099174790853	3.050493e+02
1980.00060676208864	3.050474e+02
1980.9999655791205	3.050457e+02
1982.00038738718672	3.050440e+02
1982.99987281407948	3.050422e+02
1984.00023924400102	3.050405e+02
1985.00078188989801	3.050388e+02
1986.00130190178152	3.050373e+02
1987.00082094559184	3.050360e+02
1988.00124635556813	3.050351e+02
1989.00020087422172	3.050345e+02
1989.999123837252	3.050342e+02
1991.00087133326883	3.050341e+02
1991.99942744573468	3.050342e+02
1992.99978404438912	3.050342e+02
1993.99925602162261	3.050344e+02
1994.999169630285	3.050347e+02
1995.99991512042811	3.050354e+02
1997.00115585923368	3.050366e+02
1997.99970297082518	3.050381e+02
1999.00140827003497	3.050399e+02
1999.99864306339714	3.050419e+02
2001.00049341427098	3.050437e+02
2001.99871974126404	3.050455e+02
2002.99998310215051	3.050474e+02
2003.99892672382498	3.050497e+02
2004.99910086211912	3.050525e+02
2005.99975132704435	3.050556e+02
2006.99968559747913	3.050590e+02
2007.99838059500075	3.050624e+02
2008.99946407483458	3.050659e+02
2010.00017958868057	3.050693e+02
2010.99811436887239	3.050730e+02
2012.00009799786471	3.050770e+02
2013.00007377642805	3.050814e+02
2014.00024334006048	3.050862e+02
2014.99984687250253	3.050913e+02
2015.99872423445186	3.050965e+02
2017.00039146966742	3.051016e+02
2017.99944762206155	3.051068e+02
2018.99902973931535	3.051121e+02
2019.99926510331693	3.051177e+02
2021.00041439558163	3.051237e+02
2021.99893569980145	3.051300e+02
2023.00014567225253	3.051366e+02
2023.99799465514093	3.051431e+02
2024.99925690021951	3.051496e+02
2025.9981258396333	3.051562e+02
2026.99802969827783	3.051631e+02
2027.99863002482357	3.051702e+02
2028.99912882977151	3.051776e+02
2029.99940003971801	3.051852e+02
2030.99961806678425	3.051929e+02
2031.99984647913698	3.052006e+02
2033.00038005481906	3.052082e+02
2033.99871361746636	3.052160e+02
2035.0005466491109	3.052241e+02
2035.99886036417092	3.052323e+02
2036.99988564581076	3.052408e+02
2037.9982610211141	3.052493e+02
2039.00006026532355	3.052579e+02
2039.99878396542613	3.052666e+02
2040.99772480244224	3.052755e+02
2042.00012038723753	3.052846e+02
2042.99966677357202	3.052939e+02
2043.99909102798074	3.053035e+02
2044.99866566660921	3.053132e+02
2045.99868470683373	3.053231e+02
2046.99904399035381	3.053331e+02
2047.99968019166795	3.053433e+02
2049.00057878516054	3.053537e+02
2049.9985104174707	3.053643e+02
2050.99974557565474	3.053751e+02
2051.99827445028086	3.053860e+02
2053.00040170725606	3.053970e+02
2053.99975117620988	3.054081e+02
2054.99917963931011	3.054194e+02
2055.99906816382008	3.054305e+02
2057.00010239177618	3.054422e+02
2057.99957034940689	3.054541e+02
2059.00033855696984	3.054662e+02
2059.99877427408364	3.054785e+02
2061.00068028990472	3.054911e+02
2061.99967126352203	3.055040e+02
2062.9986247787715	3.055171e+02
2064.0005915181905	3.055306e+02
2064.99889326900075	3.055442e+02
2065.99960981869208	3.055582e+02
2066.99975605732197	3.055726e+02
2067.99950374386253	3.055872e+02
2068.99903816909227	3.056018e+02
2069.99854899783304	3.056170e+02
2070.99835310048456	3.056325e+02
2071.99848359109592	3.056483e+02
2072.99844596715275	3.056643e+02
2073.99778702077265	3.056806e+02
2074.99967222318037	3.056972e+02
2075.99810136242013	3.057140e+02
2076.99934962724456	3.057310e+02
2078.00007264182295	3.057483e+02
2078.9997303476639	3.057659e+02
2079.99798609703339	3.057837e+02
2080.99795342414836	3.058018e+02
2081.99986423388145	3.058201e+02
2082.99768968741637	3.058386e+02
2083.99737290915937	3.058574e+02
2084.99894619512907	3.058764e+02
2085.99976832878156	3.058958e+02
2087.00031337056316	3.059153e+02
2087.99766901176326	3.059349e+02
2088.99789846065732	3.059547e+02
2089.99794567799563	3.059744e+02
2090.99800346861957	3.059940e+02
2091.99812405934608	3.060134e+02
2092.99840201409143	3.060326e+02
2093.99876380594333	3.060515e+02
2094.99869089617778	3.060700e+02
2095.9978550317137	3.060884e+02
2096.9991733022307	3.061068e+02
2097.99977647816695	3.061253e+02
2098.99987393665151	3.061439e+02
2099.99979300803352	3.061626e+02
2101.00010186090003	3.061815e+02
2101.99846402574758	3.062004e+02
2102.99866839115339	3.062194e+02
2103.99813623537784	3.062384e+02
2104.99996692578725	3.062573e+02
2105.99816976857392	3.062759e+02
2106.99866919346414	3.062944e+02
2107.99782810185116	3.063127e+02
2108.9981657680155	3.063309e+02
2109.99908141417063	3.063490e+02
2111.00014270524571	3.063671e+02
2111.99784360021431	3.063851e+02
2112.9980692155591	3.064032e+02
2113.99772421590706	3.064215e+02
2115.00025172177084	3.064399e+02
2115.99995989037507	3.064584e+02
2116.99743479911331	3.064768e+02
2117.99936725192401	3.064954e+02
2118.99971794856356	3.065138e+02
2119.99836479931173	3.065322e+02
2120.99811993371668	3.065506e+02
2121.99882706652033	3.065691e+02
2122.9973407326479	3.065876e+02
2123.9997887224763	3.066061e+02
2124.99981503044955	3.066247e+02
2125.99746819986694	3.066431e+02
2126.99908667016416	3.066616e+02
2127.9985176557293	3.066800e+02
2128.99886088528137	3.066983e+02
2129.9999912036451	3.067164e+02
2130.99865504492345	3.067344e+02
2131.99786809570242	3.067522e+02
2132.99751634167706	3.067698e+02
2133.99753946215287	3.067872e+02
2134.99786540615605	3.068045e+02
2135.99851037891131	3.068216e+02
2136.9995630294261	3.068386e+02
2137.99793694486607	3.068553e+02
2138.99984749607711	3.068719e+02
2139.99877445712855	3.068883e+02
2140.99753084719578	3.069045e+02
2141.99917903327423	3.069204e+02
2142.99749645313159	3.069361e+02
2143.99886796876945	3.069514e+02
2144.99993714993252	3.069663e+02
2145.99733484778471	3.069807e+02
2147.00039487450886	3.069947e+02
2147.99976503022026	3.070082e+02
2148.99875176522892	3.070213e+02
2149.99746583337583	3.070339e+02
2150.99907529154007	3.070462e+02
2152.00030219342352	3.070581e+02
2152.99785677024329	3.070695e+02
2153.99733257606476	3.070807e+02
2154.99748501575414	3.070915e+02
2156.000377352143	3.071020e+02
2156.99863758590345	3.071121e+02
2157.99919717638477	3.071220e+02
2158.99807518371426	3.071316e+02
2159.9998077229543	3.071411e+02
2161.00031085701812	3.071505e+02
2162.00036355467819	3.071598e+02
2162.99924782493918	3.071692e+02
2163.99943658260054	3.071786e+02
2165.00044714256319	3.071880e+02
2165.99874920609682	3.071975e+02
2167.00033799808352	3.072069e+02
2167.99877640363593	3.072164e+02
2169.00023517328327	3.072258e+02
2169.99850800146805	3.072352e+02
2170.99994296293926	3.072445e+02
2171.99863989052164	3.072538e+02
2172.99750202157702	3.072630e+02
2173.9992223670597	3.072722e+02
2174.99740299741461	3.072812e+02
2175.99833749423806	3.072901e+02
2176.99911416738041	3.072988e+02
2177.99978870693667	3.073074e+02
2179.00033647576856	3.073158e+02
2179.9976957639301	3.073241e+02
2180.99803515688518	3.073324e+02
2181.99820458052909	3.073407e+02
2182.99845473769528	3.073491e+02
2183.99895209592114	3.073574e+02
2184.99950017484889	3.073657e+02
2186.00019397418373	3.073740e+02
2186.99787029970958	3.073823e+02
2187.99826391316947	3.073905e+02
2188.99771439201459	3.073986e+02
2189.99907864252827	3.074063e+02
2190.99935342400659	3.074138e+02
2191.99883265925837	3.074208e+02
2192.99795951929855	3.074275e+02
2193.99983017743807	3.074339e+02
2194.99780033080879	3.074402e+02
2195.99755666840838	3.074466e+02
2196.99925646415886	3.074531e+02
2197.99984148038402	3.074598e+02
2198.99928127135126	3.074668e+02
2199.99808676481643	3.074739e+02
2200.99998098248716	3.074811e+02
2201.99918517415335	3.074884e+02
2202.99908315789162	3.074958e+02
2203.9995327011743	3.075031e+02
2205.00010956640926	3.075104e+02
2205.9974725342804	3.075175e+02
2206.9976090697246	3.075245e+02
2208.0003674833938	3.075314e+02
2208.99940244910567	3.075381e+02
2209.99771086723058	3.075445e+02
2210.9985298354004	3.075508e+02
2211.99910742249858	3.075570e+02
2212.99971696180592	3.075630e+02
2213.99752000513672	3.075689e+02
2214.99894471088874	3.075749e+02
2215.9981775852375	3.075809e+02
2216.99840338094509	3.075870e+02
2217.99954605298126	3.075933e+02
2218.99848923973559	3.075998e+02
2219.99827675633151	3.076065e+02
2220.99872301500773	3.076134e+02
2221.99962852024055	3.076205e+02
2222.99777183598962	3.076277e+02
2223.99902753071365	3.076349e+02
2224.99982873955014	3.076421e+02
2225.9998707552727	3.076492e+02
2226.99913600122863	3.076561e+02
2227.99759010323805	3.076627e+02
2228.99846232958998	3.076690e+02
2229.99897909293577	3.076749e+02
2230.9996306599669	3.076807e+02
2232.00039433140728	3.076863e+02
2232.99787400434116	3.076921e+02
2233.99871370510118	3.076980e+02
2234.9999537612639	3.077042e+02
2235.99848415860879	3.077107e+02
2236.9976012285706	3.077174e+02
2237.9974617870439	3.077243e+02
2238.99784214628562	3.077314e+02
2239.99891322069834	3.077387e+02
2240.99789000996088	3.077459e+02
2242.00030983782108	3.077532e+02
2242.99914185837042	3.077605e+02
2243.99743710862595	3.077676e+02
2244.9984691276054	3.077746e+02
2245.9992081517712	3.077814e+02
2246.99974073588555	3.077878e+02
2248.00018196718929	3.077940e+02
2248.99762751118942	3.078000e+02
2249.99801405747576	3.078061e+02
2250.99809761508232	3.078123e+02
2251.99820086085674	3.078187e+02
2252.99882295924635	3.078253e+02
2254.00006169661992	3.078322e+02
2254.99875315346162	3.078392e+02
2255.99810970797625	3.078463e+02
2256.99824355901546	3.078536e+02
2257.99905473568333	3.078609e+02
2259.00019969251434	3.078682e+02
2259.9981875817798	3.078755e+02
2260.99919128155943	3.078828e+02
2262.00032459015301	3.078900e+02
2262.99873406835104	3.078968e+02
2264.0002081860398	3.079032e+02
2264.99863667349973	3.079094e+02
2266.00027632655883	3.079154e+02
2266.9985431275627	3.079215e+02
2267.99951118267973	3.079276e+02
2269.00016699129947	3.079340e+02
2269.99758185133123	3.079406e+02
2270.99786821735279	3.079474e+02
2271.99790892851388	3.079544e+02
2272.99816742215307	3.079615e+02
2273.99930044262283	3.079687e+02
2274.99835017376199	3.079760e+02
2275.99842348579068	3.079834e+02
2276.99740792660987	3.079909e+02
2277.99822741756543	3.079985e+02
2278.99984385249445	3.080062e+02
2279.99807266022026	3.080137e+02
2280.99875640573237	3.080210e+02
2281.99830753409651	3.080279e+02
2282.99894213778862	3.080345e+02
2283.99766376034813	3.080411e+02
2284.998243751882	3.080476e+02
2285.9982282519054	3.080542e+02
2286.99869785351211	3.080609e+02
2288.00041530655244	3.080678e+02
2288.99951252740084	3.080748e+02
2289.99786921335908	3.080819e+02
2290.99812690473073	3.080892e+02
2291.9977693247115	3.080966e+02
2292.99805242413095	3.081042e+02
2293.99830070155258	3.081120e+02
2294.9988735932684	3.081200e+02
2295.99737680840144	3.081280e+02
2296.997362918004	3.081362e+02
2297.99835026838127	3.081443e+02
2298.99810139530109	3.081523e+02
2299.99896535442485	3.081601e+02
2301.00015453566448	3.081677e+02
2301.99949696415069	3.081751e+02
2302.99774808424536	3.081822e+02
2303.99907972232177	3.081893e+02
2304.99849876808003	3.081963e+02
2305.99941864096763	3.082032e+02
2306.99814169517276	3.082101e+02
2307.99912113494747	3.082171e+02
2308.99866296727805	3.082242e+02
2309.99740859131316	3.082315e+02
2310.99987246703085	3.082390e+02
2311.99820423129177	3.082466e+02
2312.99859138255442	3.082543e+02
2313.9994256144837	3.082621e+02
2314.99908323351883	3.082700e+02
2316.00008394815541	3.082778e+02
2316.99989285751553	3.082856e+02
2317.99884932061877	3.082933e+02
2319.00006736875866	3.083008e+02
2319.99787336056079	3.083081e+02
2320.99868770266175	3.083152e+02
2322.00010910638866	3.083221e+02
2323.00034540120851	3.083288e+02
2323.99997020282581	3.083354e+02
2324.99781788980272	3.083420e+02
2325.99819909263806	3.083485e+02
2327.00007667975842	3.083551e+02
2328.00027143664965	3.083618e+02
2328.99961233529211	3.083685e+02
2329.999652867431	3.083753e+02
2330.99835263534351	3.083822e+02
2331.99841108730061	3.083890e+02
2332.99840211696892	3.083959e+02
2333.99763965347938	3.084028e+02
2334.99957929431184	3.084096e+02
2335.99803029698614	3.084163e+02
2336.99890683774356	3.084228e+02
2337.99955209680638	3.084293e+02
2339.00034084638401	3.084356e+02
2339.99829559317095	3.084417e+02
2340.99967267216425	3.084478e+02
2341.99800723161434	3.084537e+02
2342.99890011629896	3.084596e+02
2343.99892908347601	3.084655e+02
2344.99827801677657	3.084714e+02
2345.997805155278	3.084772e+02
2346.99903193915088	3.084832e+02
2347.99961710966136	3.084892e+02
2348.99858992739382	3.084953e+02
2350.00041670362452	3.085014e+02
2350.99831128024289	3.085076e+02
2351.99882692585015	3.085137e+02
2352.9983404695754	3.085198e+02
2353.99964050988183	3.085257e+02
2355.00015843287702	3.085315e+02
2356.00035204070218	3.085372e+02
2356.99748193251799	3.085428e+02
2357.99790440889547	3.085483e+02
2358.99840253773255	3.085537e+02
2359.99880880956607	3.085590e+02
2360.99891648527046	3.085643e+02
2361.99861574990382	3.085697e+02
2362.99863355898651	3.085751e+02
2364.00024669444701	3.085807e+02
2364.99810022804013	3.085863e+02
2365.99763788779637	3.085920e+02
2367.00011005986244	3.085979e+02
2367.99796373717663	3.086037e+02
2369.00042317796442	3.086097e+02
2369.99883797816256	3.086156e+02
2370.99953219971803	3.086215e+02
2371.99945387799426	3.086272e+02
2372.99897667841287	3.086329e+02
2373.99849069003858	3.086385e+02
2374.99828936273707	3.086439e+02
2375.99834002907892	3.086492e+02
2376.9986668221236	3.086545e+02
2377.99903901132166	3.086597e+02
2378.99908183994557	3.086650e+02
2379.9985360598921	3.086702e+02
2380.99748482587938	3.086755e+02
2381.99960393491756	3.086810e+02
2382.9995179112866	3.086864e+02
2383.99737201020798	3.086920e+02
2384.9987046308911	3.086976e+02
2385.99952367580681	3.087033e+02
2386.99957175900454	3.087091e+02
2387.99895135302222	3.087149e+02
2388.99773264053056	3.087206e+02
2389.99934795109812	3.087264e+02
2390.99794611844391	3.087321e+02
2392.000071067514	3.087378e+02
2392.99986942474106	3.087434e+02
2393.99735909048286	3.087489e+02
2394.99861755764323	3.087544e+02
2396.00038049822797	3.087598e+02
2396.999280046271	3.087652e+02
2397.9980206531327	3.087706e+02
2398.99936990546212	3.087761e+02
2400.00009661273771	3.087816e+02
2401.00022862171454	3.087872e+02
2401.99975452106037	3.087929e+02
2402.99857882436754	3.087986e+02
2403.99987990839827	3.088045e+02
2404.99771436263154	3.088103e+02
2405.99850742203034	3.088163e+02
2406.99943760110773	3.088223e+02
2407.99773064108285	3.088284e+02
2408.99994245487642	3.088345e+02
2410.00033731595931	3.088406e+02
2410.99895595835778	3.088468e+02
2411.99883692786898	3.088531e+02
2412.99975301639915	3.088594e+02
2413.99843709958805	3.088657e+02
2414.99756668073724	3.088721e+02
2415.99978622502795	3.088787e+02
2416.99856364521656	3.088853e+02
2418.00001604584122	3.088919e+02
2418.99799271498659	3.088987e+02
2419.9987927418324	3.089055e+02
2420.99938329038832	3.089124e+02
2421.99982983369091	3.089193e+02
2423.00018911715779	3.089262e+02
2423.99751364332587	3.089331e+02
2424.9981777602884	3.089401e+02
2425.99912214524238	3.089471e+02
2427.00019506984881	3.089541e+02
2427.9981607959844	3.089612e+02
2428.99928472065631	3.089683e+02
2429.99736154411175	3.089755e+02
2430.99842009405165	3.089828e+02
2431.99921838544333	3.089901e+02
2432.99973280321046	3.089974e+02
2433.99988832222334	3.090047e+02
2434.99956375596548	3.090120e+02
2435.99865888192835	3.090193e+02
2437.0001885427655	3.090266e+02
2437.99804783782565	3.090337e+02
2438.99856199650139	3.090408e+02
2439.9987412791188	3.090479e+02
2440.99863100579387	3.090548e+02
2441.99828404650953	3.090617e+02
2442.99768514480547	3.090685e+02
2443.99988470843846	3.090753e+02
2444.9987306353064	3.090820e+02
2445.99742126215824	3.090888e+02
2446.99919619922366	3.090955e+02
2447.99800719339055	3.091022e+02
2449.00008267641579	3.091088e+02
2449.99927919990387	3.091152e+02
2450.99861444218186	3.091215e+02
2451.99791152140278	3.091276e+02
2453.00013688460331	3.091335e+02
2453.99914594800839	3.091389e+02
2454.9979210174979	3.091440e+02
2455.99960560640875	3.091485e+02
2456.99819897199541	3.091525e+02
2457.99999726007673	3.091559e+02
2458.99811008820507	3.091586e+02
2459.99801173524884	3.091608e+02
2460.9973812106341	3.091627e+02
2461.999602100218	3.091644e+02
2462.99849580337514	3.091660e+02
2463.99949130303048	3.091677e+02
2464.99894132724648	3.091693e+02
2465.99884914598897	3.091710e+02
2466.99910480596418	3.091727e+02
2467.99937686812382	3.091743e+02
2468.99798518704938	3.091760e+02
2469.99991054773227	3.091777e+02
2470.99856156170927	3.091794e+02
2472.00010733379759	3.091810e+02
2472.99822254590345	3.091825e+02
2473.99863329917798	3.091839e+02
2474.99815405534582	3.091851e+02
2476.00005594850836	3.091861e+02
2476.99817209166258	3.091867e+02
2477.99865629239775	3.091870e+02
2478.99836041636036	3.091868e+02
2480.00023966126992	3.091862e+02
2480.99803662861541	3.091850e+02
2482.00039712141552	3.091833e+02
2482.9982461498239	3.091812e+02
2483.99807190137017	3.091787e+02
2484.99958241501281	3.091759e+02
2486.00013007160533	3.091729e+02
2487.00024099135953	3.091698e+02
2487.9997162465761	3.091666e+02
2488.99883911418601	3.091636e+02
2489.99813519589907	3.091606e+02
2490.99772194033585	3.091577e+02
2491.99765629056583	3.091550e+02
2492.9980162916745	3.091524e+02
2493.99889117297562	3.091500e+02
2495.00034273794836	3.091477e+02
2495.99936673973116	3.091455e+02
2496.99905960229626	3.091435e+02
2497.9994557521095	3.091416e+02
2498.99753238008907	3.091398e+02
2499.99947729902715	3.091381e+02
2500.99919630359909	3.091366e+02
2501.99967339764999	3.091352e+02
2503.00079409065529	3.091337e+02
2503.99938634722639	3.091324e+02
2504.99840853773048	3.091311e+02
2506.00086927230268	3.091299e+02
2507.0005589385014	3.091286e+02
2508.0005466460957	3.091275e+02
2509.00073594086234	3.091263e+02
2509.99805346357516	3.091252e+02
2510.99871320600323	3.091242e+02
2511.99973411103974	3.091232e+02
2512.99809854275554	3.091223e+02
2513.99994797670161	3.091215e+02
2514.99907669717004	3.091208e+02
2515.9987003076576	3.091203e+02
2516.99887012493264	3.091198e+02
2517.99960778680634	3.091196e+02
2519.00092831216534	3.091195e+02
2519.99953051158673	3.091196e+02
2520.99836085585366	3.091200e+02
2522.00036118810021	3.091206e+02
2522.99945027961076	3.091215e+02
2523.99842825720361	3.091227e+02
2525.00015672435393	3.091242e+02
2525.99848770081462	3.091259e+02
2526.99958009738111	3.091278e+02
2528.00036314507406	3.091299e+02
2529.00074844603978	3.091322e+02
2530.00064158086252	3.091345e+02
2531.00023862287844	3.091368e+02
2531.99958838139719	3.091390e+02
2532.99853022830484	3.091411e+02
2534.00025830022696	3.091431e+02
2534.99884392441436	3.091448e+02
2536.00048399108164	3.091463e+02
2536.99905064259292	3.091477e+02
2538.0008637657611	3.091489e+02
2538.9998327799799	3.091499e+02
2539.99901032525668	3.091507e+02
2540.99851782799442	3.091515e+02
2541.99855123628504	3.091521e+02
2542.99904870387536	3.091526e+02
2543.99996914063968	3.091530e+02
2544.99832916726973	3.091532e+02
2546.00021546476637	3.091534e+02
2546.99931673698256	3.091535e+02
2547.99881992875771	3.091535e+02
2548.99862262136003	3.091533e+02
2549.99845127508843	3.091530e+02
2550.99844442773247	3.091526e+02
2551.998593112035	3.091521e+02
2552.99871533058831	3.091515e+02
2553.9989976212928	3.091509e+02
2554.99952693893238	3.091503e+02
2556.00016099880759	3.091497e+02
2557.00094128681849	3.091491e+02
2557.99895570057834	3.091487e+02
2559.00036794657717	3.091483e+02
2559.99876402940254	3.091481e+02
2561.00029048555871	3.091480e+02
2561.99881457109268	3.091482e+02
2563.00036329194745	3.091485e+02
2563.99864794126188	3.091489e+02
2564.99997951802061	3.091496e+02
2565.99806654894201	3.091505e+02
2566.99887539327392	3.091515e+02
2567.99932199801924	3.091528e+02
2568.99937951830952	3.091542e+02
2569.99888282642405	3.091558e+02
2571.00088605964902	3.091575e+02
2571.99913804690959	3.091593e+02
2572.9997520523807	3.091612e+02
2573.99973460387309	3.091631e+02
2574.9991399030705	3.091650e+02
2575.99794255559391	3.091670e+02
2576.99933542342978	3.091689e+02
2578.00034653739704	3.091708e+02
2578.99793964354012	3.091727e+02
2579.99837141146509	3.091746e+02
2580.99860515131604	3.091764e+02
2581.99865806965227	3.091782e+02
2582.99858803817642	3.091799e+02
2583.99854520136341	3.091816e+02
2584.99860877221636	3.091833e+02
2585.99886769613204	3.091849e+02
2586.99940052540296	3.091864e+02
2588.00032822619914	3.091879e+02
2588.99868937208157	3.091893e+02
2590.00067251721293	3.091906e+02
2591.00007771264291	3.091918e+02
2591.999961690899	3.091929e+02
2593.00030722982319	3.091938e+02
2593.9979344911676	3.091946e+02
2594.998875517329	3.091952e+02
2596.00005991303124	3.091957e+02
2596.99857683497385	3.091960e+02
2598.00040491428535	3.091961e+02
2598.99919503987849	3.091962e+02
2599.99832176697328	3.091961e+02
2601.00078869902381	3.091960e+02
2602.00021481696558	3.091958e+02
2602.99993773763299	3.091956e+02
2604.00000663840683	3.091955e+02
2605.00028319116655	3.091953e+02
2606.00091222106585	3.091953e+02
2606.9987735065306	3.091953e+02
2607.99980269569915	3.091954e+02
2609.00076333192055	3.091956e+02
2609.99855893318454	3.091960e+02
2610.99928448174023	3.091964e+02
2611.99980045247003	3.091970e+02
2613.00014886259714	3.091978e+02
2614.00032546469038	3.091987e+02
2615.00027960245825	3.091998e+02
2615.99994637583222	3.092011e+02
2616.99924406199898	3.092024e+02
2617.9980576806588	3.092039e+02
2618.99938925570723	3.092055e+02
2620.00006816725318	3.092071e+02
2621.00010709850994	3.092088e+02
2621.99965731460088	3.092106e+02
2622.99882609439192	3.092124e+02
2624.00065838655109	3.092143e+02
2624.99906433560773	3.092162e+02
2626.00040335024778	3.092182e+02
2626.99848679841398	3.092201e+02
2627.99942005976436	3.092219e+02
2629.00021244846221	3.092238e+02
2629.99786268051685	3.092258e+02
2630.99851703354034	3.092277e+02
2631.99915995577385	3.092297e+02
2632.99999060617347	3.092316e+02
2633.998094927073	3.092335e+02
2634.99962825516013	3.092354e+02
2635.99843288546663	3.092371e+02
2636.99773663496444	3.092388e+02
2637.99760571516163	3.092404e+02
2638.99778690327184	3.092418e+02
2639.99830057556437	3.092431e+02
2640.99930329624567	3.092441e+02
2642.00049370648321	3.092450e+02
2642.99877582441013	3.092457e+02
2643.99757536305378	3.092462e+02
2644.99979533819624	3.092465e+02
2645.99889300449559	3.092466e+02
2646.99833597070574	3.092467e+02
2647.99813330419329	3.092466e+02
2648.99797848054914	3.092465e+02
2649.99826243877351	3.092463e+02
2650.99910091956144	3.092462e+02
2652.00022928678391	3.092460e+02
2652.99867573842175	3.092460e+02
2653.9975287735524	3.092460e+02
2654.99961209333287	3.092461e+02
2655.99870525406504	3.092462e+02
2656.99799105220563	3.092465e+02
2658.00045412392728	3.092468e+02
2658.99983573578857	3.092473e+02
2659.99931554451723	3.092480e+02
2660.99878235005872	3.092488e+02
2661.99808774638359	3.092497e+02
2663.00026451472104	3.092508e+02
2663.99897693488856	3.092519e+02
2665.0002880089196	3.092531e+02
2665.99801132077073	3.092544e+02
2666.99837887208196	3.092558e+02
2667.99829893663491	3.092572e+02
2668.99783730216404	3.092587e+02
2670.00017353254998	3.092603e+02
2670.99913104654706	3.092618e+02
2671.99782579633984	3.092635e+02
2672.99942548677382	3.092651e+02
2673.99778609802115	3.092668e+02
2674.99909865687141	3.092685e+02
2676.00029638023307	3.092703e+02
2676.99830942368817	3.092721e+02
2677.99935028333084	3.092739e+02
2679.0003654772695	3.092758e+02
2679.99830579483614	3.092777e+02
2680.99939321280681	3.092796e+02
2682.00055523101764	3.092814e+02
2682.99869837807182	3.092832e+02
2684.00004568391796	3.092850e+02
2684.99851993432549	3.092866e+02
2686.00031583854297	3.092881e+02
2686.99921593488534	3.092895e+02
2687.99831397159369	3.092907e+02
2688.99762290014041	3.092917e+02
2690.00027590692935	3.092925e+02
2690.99999547597145	3.092932e+02
2691.99977746517061	3.092936e+02
2692.99981644030277	3.092940e+02
2694.00017155536761	3.092941e+02
2694.99772649186116	3.092941e+02
2695.99885377340388	3.092941e+02
2697.00046887395001	3.092939e+02
2697.9993934163017	3.092937e+02
2698.99876738618514	3.092935e+02
2699.99865489591184	3.092933e+02
2700.9990826995313	3.092931e+02
2702.0000149007069	3.092931e+02
2702.99836930913671	3.092931e+02
2704.00033308723232	3.092933e+02
2704.99946880740708	3.092937e+02
2705.99874803743933	3.092941e+02
2706.99816590584351	3.092947e+02
2707.99756580653138	3.092954e+02
2708.99990188669699	3.092961e+02
2709.99895450594067	3.092970e+02
2710.99778392072312	3.092979e+02
2711.99940795776774	3.092989e+02
2712.99763720082137	3.093000e+02
2713.99872550815689	3.093011e+02
2714.99954709951135	3.093023e+02
2716.00015619130727	3.093035e+02
2716.99752266370433	3.093047e+02
2717.99786898524098	3.093060e+02
2718.9981179681904	3.093074e+02
2719.99833251796827	3.093087e+02
2720.99851282848158	3.093102e+02
2721.99865080398149	3.093117e+02
2722.99877233849793	3.093133e+02
2723.99886266513386	3.093149e+02
2724.99886657676097	3.093166e+02
2725.99873763257528	3.093184e+02
2726.99846546551362	3.093202e+02
2727.9981010648703	3.093220e+02
2728.9976843829736	3.093239e+02
2730.00035840969122	3.093257e+02
2730.99996070567022	3.093275e+02
2731.99961359939516	3.093293e+02
2732.99934192592218	3.093310e+02
2733.99919432913339	3.093325e+02
2734.99922580758403	3.093340e+02
2735.99946555459383	3.093352e+02
2736.99992229074496	3.093363e+02
2738.00057490861263	3.093372e+02
2738.99831257485448	3.093380e+02
2739.99937935182015	3.093386e+02
2740.99754048845125	3.093389e+02
2741.99902451592243	3.093392e+02
2742.99766334834021	3.093393e+02
2743.99971227169408	3.093393e+02
2744.99897148291438	3.093393e+02
2745.99862066898504	3.093392e+02
2746.99873735936671	3.093390e+02
2747.99934858969027	3.093389e+02
2749.00049996806138	3.093388e+02
2749.99909429389663	3.093387e+02
2750.9982082681945	3.093387e+02
2751.9978040475321	3.093387e+02
2752.99786482638046	3.093388e+02
2753.99834415190799	3.093390e+02
2754.99910241042335	3.093392e+02
2755.99998668010585	3.093396e+02
2756.9977270847462	3.093400e+02
2757.99846597625265	3.093406e+02
2758.99901732126773	3.093413e+02
2759.99933732970476	3.093420e+02
2760.99934944763163	3.093429e+02
2761.99903831849861	3.093437e+02
2762.99843229781391	3.093447e+02
2763.99753766924823	3.093457e+02
2764.9995297544956	3.093467e+02
2765.99824121572101	3.093478e+02
2766.99993920934639	3.093489e+02
2767.99840236972841	3.093501e+02
2768.99990027811918	3.093514e+02
2769.99817972866913	3.093527e+02
2770.99944623232204	3.093542e+02
2772.00056690254041	3.093556e+02
2772.99841457706179	3.093572e+02
2773.99920637450896	3.093588e+02
2774.99980997238254	3.093605e+02
2776.00022643083412	3.093622e+02
2777.00047745049324	3.093640e+02
2778.00059357119881	3.093657e+02
2779.00060210025686	3.093674e+02
2780.00053056490015	3.093691e+02
2781.00040933635682	3.093707e+02
2782.00025681299303	3.093722e+02
2783.00007981718772	3.093736e+02
2783.9999094651248	3.093749e+02
2784.99978609565824	3.093761e+02
2785.99970857577682	3.093771e+02
2786.99967699975059	3.093779e+02
2787.99973639800464	3.093785e+02
2788.9998819860084	3.093790e+02
2790.00011241906213	3.093794e+02
2791.00048445079892	3.093796e+02
2791.99792296568467	3.093797e+02
2792.99870966538174	3.093797e+02
2793.99980533089456	3.093795e+02
2794.99814324459066	3.093794e+02
2795.99998008805551	3.093791e+02
2796.99910140148131	3.093789e+02
2797.99864561077948	3.093786e+02
2798.99857346735871	3.093783e+02
2799.99882604556296	3.093780e+02
2800.99935140733623	3.093778e+02
2802.00007076547126	3.093775e+02
2802.99778266680732	3.093774e+02
2803.99870001165209	3.093772e+02
2804.99964568148607	3.093771e+02
2806.00055099140627	3.093770e+02
2806.99823017126346	3.093770e+02
2807.99890079282204	3.093770e+02
2808.99938861525698	3.093771e+02
2809.99969086145347	3.093772e+02
2810.99985466412863	3.093774e+02
2811.99987339113432	3.093776e+02
2812.99973711734629	3.093779e+02
2813.99949959149126	3.093782e+02
2814.99910169612394	3.093786e+02
2815.99850798087118	3.093791e+02
2816.99775242364149	3.093797e+02
2817.99993398254901	3.093803e+02
2818.99875278360332	3.093811e+02
2820.00041913608993	3.093819e+02
2820.99868258738843	3.093828e+02
2821.99975684999572	3.093837e+02
2823.00050025327755	3.093848e+02
2823.99781988198538	3.093859e+02
2824.99797953310508	3.093870e+02
2825.99787079712632	3.093881e+02
2826.99752400357602	3.093893e+02
2828.00009517123453	3.093905e+02
2828.99937309692905	3.093916e+02
2829.99848164044533	3.093927e+02
2831.00051385396773	3.093938e+02
2831.99934374564509	3.093947e+02
2832.99815101384183	3.093956e+02
2833.99993218959071	3.093965e+02
2834.99847098656801	3.093972e+02
2836.00002786650839	3.093978e+02
2836.99842692314951	3.093983e+02
2837.99997599358403	3.093986e+02
2838.99857233503189	3.093989e+02
2840.0004832745949	3.093991e+02
2840.99948532379813	3.093991e+02
2841.99869504890466	3.093990e+02
2842.99806443157513	3.093988e+02
2843.99754858404549	3.093985e+02
2845.00028381328593	3.093981e+02
2846.00007246186897	3.093976e+02
2847.00006165629793	3.093971e+02
2848.00031450211964	3.093965e+02
2848.99775783342284	3.093959e+02
2849.99863363367194	3.093952e+02
2850.99982555372026	3.093945e+02
2851.99817937527996	3.093937e+02
2852.99987255858059	3.093929e+02
2853.99860941159932	3.093920e+02
2855.00059105707669	3.093912e+02
2855.9995370689353	3.093903e+02
2856.99855813274007	3.093894e+02
2857.99766692333287	3.093885e+02
2858.9999956206334	3.093876e+02
2859.99930785326524	3.093868e+02
2860.99873526533247	3.093859e+02
2861.99826933368786	3.093851e+02
2862.99786879663861	3.093843e+02
2864.00062357392972	3.093835e+02
2865.00026576370419	3.093827e+02
2865.9998439128517	3.093820e+02
2866.99926004866938	3.093814e+02
2867.99855292796565	3.093808e+02
2868.99766193429832	3.093802e+02
2869.99965851680554	3.093798e+02
2870.99825992603019	3.093794e+02
2871.99965536026457	3.093791e+02
2872.99755919371	3.093788e+02
2873.99818645784126	3.093787e+02
2874.99840513695381	3.093786e+02
2875.99819912794965	3.093786e+02
2876.99757544710064	3.093787e+02
2877.99967094089698	3.093788e+02
2878.99828746838648	3.093790e+02
2879.99967835713323	3.093793e+02
2880.99765908685413	3.093796e+02
2881.99848382585424	3.093799e+02
2882.99907607965861	3.093802e+02
2883.99945711702321	3.093806e+02
2884.99956041807172	3.093809e+02
2885.99953928932428	3.093812e+02
2886.99940162959319	3.093816e+02
2887.99910088683737	3.093819e+02
2888.99866296788377	3.093821e+02
2889.99812889266923	3.093823e+02
2890.99754712771346	3.093825e+02
2892.00007764612064	3.093826e+02
2892.99957142305402	3.093826e+02
2893.99917356502283	3.093825e+02
2894.99891113235526	3.093824e+02
2895.99881272031462	3.093821e+02
2896.99890228911363	3.093818e+02
2897.99919440826079	3.093813e+02
2898.99969898907921	3.093808e+02
2900.00042538156822	3.093801e+02
2900.99827257065681	3.093794e+02
2901.99944926494891	3.093785e+02
2902.99772888530606	3.093776e+02
2903.99933826368306	3.093765e+02
2904.99804350447357	3.093753e+02
2906.00005878848015	3.093741e+02
2906.99916950012766	3.093728e+02
2907.99849670960748	3.093714e+02
2908.99806431657908	3.093699e+02
2909.99791295359046	3.093683e+02
2910.99807359191254	3.093667e+02
2911.99857211342396	3.093650e+02
2912.99942276642787	3.093633e+02
2914.00062368954741	3.093615e+02
2914.99903405660643	3.093598e+02
2915.99774740466	3.093579e+02
2916.99984136788544	3.093561e+02
2917.99902520207797	3.093542e+02
2918.99836946620962	3.093524e+02
2919.99782958261767	3.093506e+02
2921.00049845586864	3.093487e+02
2921.99997040520066	3.093470e+02
2922.99937649817048	3.093452e+02
2923.99866305935166	3.093435e+02
2924.99777637816533	3.093418e+02
2925.99978712385882	3.093402e+02
2926.99841892929589	3.093387e+02
2927.99989034549253	3.093372e+02
2928.99793172498221	3.093358e+02
2929.99874946110549	3.093345e+02
2930.99920424626862	3.093333e+02
2931.99927517524247	3.093322e+02
2932.99893598591143	3.093312e+02
2933.99816092099627	3.093303e+02
2935.00004464529275	3.093295e+02
2935.99834124196968	3.093288e+02
2936.99924771074438	3.093282e+02
2937.99964680275434	3.093277e+02
2938.99955002328579	3.093274e+02
2939.99898475730561	3.093271e+02
2940.99799142477559	3.093268e+02
2941.99969899304142	3.093267e+02
2942.99789763447097	3.093266e+02
2943.99900723070186	3.093265e+02
2944.99986880195729	3.093265e+02
2946.00050428817485	3.093265e+02
2946.99785858360246	3.093265e+02
2947.99816832813258	3.093264e+02
2948.99840250985471	3.093264e+02
2949.99862809933074	3.093263e+02
