# Region type : patch node2U_4_Inlet_0
#   Faces  : 148
#   Area   : 1.734596e-02
#        Time	areaAverage(T)
     0.999427	3.001500e+02
      2.00049	3.001500e+02
      3.00031	3.001495e+02
      3.99974	3.001494e+02
     4.999837	3.001498e+02
      6.00101	3.001499e+02
     7.000448	3.001500e+02
     8.000372	3.001500e+02
     9.000012	3.001500e+02
   10.0011397	3.001499e+02
   11.0005124	3.001495e+02
   12.0006243	3.001492e+02
    13.001107	3.001489e+02
   13.9997402	3.001484e+02
  14.99964955	3.001479e+02
  15.99955708	3.001470e+02
  17.00134405	3.001439e+02
  18.00000337	3.001393e+02
  19.00006167	3.001396e+02
 20.001505108	3.001439e+02
 20.999254464	3.001487e+02
  22.00150266	3.001514e+02
 23.001714829	3.001517e+02
 23.999634984	3.001514e+02
25.00095516804	3.001527e+02
25.9996836352	3.001560e+02
26.99932842931	3.001602e+02
28.00029166142	3.001639e+02
28.99937441246	3.001655e+02
30.002134441893	3.001637e+02
31.002014765417	3.001583e+02
32.001552166551	3.001510e+02
33.000560257147	3.001459e+02
33.999249928093	3.001494e+02
35.00108530523362	3.001672e+02
36.00057592118466	3.001998e+02
37.00120630448001	3.002435e+02
38.00022932106895	3.002930e+02
39.00052258115672	3.003441e+02
40.0012943804983152	3.003909e+02
41.0019879837090926	3.004278e+02
41.9992708912271695	3.004513e+02
43.0021545135227328	3.004628e+02
44.0019391598090266	3.004668e+02
44.9992995861729526	3.004671e+02
46.0009844670853099	3.004662e+02
47.0014489491798813	3.004648e+02
48.0008801364990703	3.004631e+02
48.9995304912996801	3.004609e+02
50.0001794237682375	3.004582e+02
50.9993551299025256	3.004552e+02
51.9998205148969248	3.004528e+02
53.0015311001695864	3.004522e+02
54.0013696283965601	3.004547e+02
54.9993238877661597	3.004608e+02
56.0015339065886479	3.004706e+02
57.0018205760141825	3.004840e+02
58.000096433294182	3.005004e+02
58.9991359299691496	3.005192e+02
60.0016627635771727	3.005398e+02
61.0010778941215932	3.005617e+02
62.0000130700834902	3.005843e+02
63.0010986270090001	3.006076e+02
64.0009690790207202	3.006312e+02
64.9994918949116851	3.006545e+02
65.9998560646141783	3.006771e+02
66.9992477683962306	3.006984e+02
68.0009249354785794	3.007183e+02
69.0019475640447695	3.007367e+02
69.9993513960609874	3.007535e+02
70.9993591323269015	3.007689e+02
72.0020465187059102	3.007833e+02
73.0013581031466714	3.007969e+02
74.000423255190384	3.008101e+02
74.9993458644687365	3.008234e+02
76.0013508435945511	3.008371e+02
77.0005510755528491	3.008514e+02
78.0000113736252843	3.008663e+02
78.9992549610128236	3.008819e+02
80.0009720943383229	3.008979e+02
81.0020589541296232	3.009139e+02
81.9992454193614009	3.009293e+02
83.0014611672898184	3.009439e+02
83.9993628440124525	3.009575e+02
85.0020431376517678	3.009707e+02
86.000333987758637	3.009834e+02
87.0003695380874404	3.009959e+02
88.0020658759812022	3.010085e+02
88.9993795452335519	3.010210e+02
90.0015696379174557	3.010340e+02
90.9997903684166971	3.010471e+02
92.0003898830139377	3.010607e+02
93.0006194266289867	3.010747e+02
94.0007057145538596	3.010890e+02
95.0007997335581251	3.011037e+02
96.0009686444809773	3.011185e+02
97.0012373806239623	3.011335e+02
98.0016053172324462	3.011484e+02
99.0020344570527584	3.011631e+02
99.9994552294174497	3.011776e+02
100.999851234731452	3.011919e+02
102.000136850138333	3.012059e+02
103.000241500016131	3.012197e+02
104.000073061910427	3.012333e+02
104.999552930719901	3.012467e+02
106.001633206025147	3.012599e+02
107.000192996165325	3.012731e+02
108.001260471577879	3.012862e+02
109.001819915586253	3.012990e+02
110.001932009313407	3.013117e+02
111.001635624775176	3.013243e+02
112.000980310532839	3.013370e+02
113.000018915714335	3.013497e+02
114.001807672044521	3.013625e+02
115.000361508444968	3.013754e+02
116.001781982353393	3.013885e+02
117.000048097326257	3.014018e+02
118.00122264940498	3.014155e+02
118.999382617868164	3.014295e+02
120.000616562993542	3.014438e+02
121.002007225989203	3.014581e+02
122.000661640430124	3.014724e+02
122.999734831133267	3.014864e+02
123.99952262735836	3.015003e+02
125.000333848736219	3.015141e+02
125.999642959708595	3.015278e+02
127.000956414914896	3.015410e+02
128.001293686371213	3.015535e+02
129.000700621259568	3.015655e+02
130.002135701572797	3.015774e+02
130.999533849213833	3.015894e+02
131.999244240588723	3.016019e+02
133.001101245812436	3.016146e+02
134.0020971077968	3.016271e+02
135.002075643628388	3.016394e+02
136.000848975566782	3.016513e+02
137.001309026256649	3.016628e+02
138.000254544982795	3.016739e+02
139.000649575250975	3.016846e+02
139.999224934568531	3.016946e+02
141.002036637829093	3.017035e+02
141.999654446908238	3.017105e+02
143.001271960468813	3.017154e+02
144.000548532269903	3.017180e+02
145.00044839448563	3.017189e+02
146.000849050599697	3.017180e+02
147.001677167223932	3.017151e+02
147.99975047252525	3.017094e+02
149.001369451029944	3.017008e+02
150.000282434108982	3.016905e+02
150.999551328031998	3.016797e+02
151.999184896249147	3.016693e+02
152.999208185270845	3.016603e+02
153.999585696359787	3.016519e+02
155.00029833082661	3.016429e+02
156.001343237128225	3.016320e+02
156.999457705577299	3.016189e+02
158.000686168546764	3.016032e+02
159.001776087131674	3.015863e+02
159.999561059721657	3.015691e+02
161.000550527382018	3.015527e+02
162.001972559951867	3.015382e+02
163.000888609676053	3.015272e+02
164.000316687785954	3.015208e+02
165.000096140130211	3.015182e+02
166.000088612179667	3.015174e+02
167.000061340522421	3.015157e+02
167.999782828424799	3.015120e+02
168.999172341489157	3.015030e+02
170.001230534148533	3.014880e+02
170.999544804163264	3.014706e+02
172.00045496321485	3.014542e+02
173.000757901779707	3.014388e+02
174.000444045117518	3.014237e+02
174.999760596408947	3.014113e+02
176.002157779350711	3.014019e+02
177.001661582702695	3.013939e+02
178.001628294344187	3.013863e+02
178.999162606507298	3.013787e+02
180.000503473761029	3.013717e+02
180.999207866690625	3.013657e+02
182.001208593017452	3.013607e+02
183.000047488950003	3.013567e+02
184.001808139786192	3.013539e+02
184.999937399233318	3.013524e+02
186.000595667805044	3.013518e+02
187.000530755139152	3.013523e+02
187.999425330199387	3.013547e+02
189.000062339945401	3.013609e+02
189.999357851741564	3.013724e+02
191.001057008974414	3.013887e+02
191.999795576908383	3.014071e+02
193.002046035564831	3.014235e+02
194.001168212745995	3.014369e+02
195.000232847940111	3.014497e+02
195.99953641592225	3.014645e+02
196.999439237675062	3.014807e+02
197.999269378639354	3.014990e+02
199.000650340503455	3.015195e+02
200.000842022656059	3.015427e+02
201.00119110761409	3.015676e+02
202.001134602567248	3.015933e+02
202.999417775043128	3.016182e+02
204.000827370954454	3.016396e+02
205.000559713225243	3.016553e+02
206.000502514791634	3.016661e+02
207.00011763453864	3.016727e+02
207.999195525308778	3.016754e+02
209.000671541921633	3.016755e+02
210.001817201873507	3.016744e+02
211.0002458890323	3.016726e+02
211.999364130299796	3.016697e+02
213.001839980993253	3.016650e+02
214.000870215088923	3.016577e+02
215.002023773923156	3.016475e+02
216.001504856122665	3.016339e+02
217.002189670235424	3.016169e+02
218.001143521538211	3.015969e+02
219.001212277794565	3.015748e+02
219.999323567592427	3.015518e+02
221.002031393932299	3.015283e+02
222.000217558785977	3.015052e+02
222.99997324448853	3.014833e+02
224.001867206834618	3.014637e+02
225.000375206176443	3.014480e+02
226.00200082573221	3.014369e+02
227.000972114187221	3.014312e+02
228.000539892764351	3.014311e+02
229.000893584517286	3.014365e+02
229.999159920018428	3.014466e+02
231.001639840260879	3.014608e+02
231.999283063040082	3.014780e+02
233.00130211069677	3.014971e+02
234.001698960598503	3.015169e+02
235.000597990278322	3.015363e+02
236.001193587127887	3.015545e+02
237.000556169397072	3.015714e+02
238.001863471893813	3.015862e+02
239.002111919382003	3.015988e+02
240.001418570662111	3.016091e+02
240.999928434963607	3.016169e+02
242.000753346005581	3.016223e+02
243.000790839895984	3.016254e+02
244.000120610590187	3.016267e+02
245.0016559814066	3.016264e+02
246.000482859716641	3.016252e+02
246.99990715638009	3.016234e+02
247.999403010268622	3.016212e+02
249.001563930534189	3.016192e+02
249.99991638000995	3.016175e+02
251.00124377511591	3.016163e+02
252.000612908785769	3.016150e+02
253.001586776589619	3.016131e+02
254.001036030762123	3.016096e+02
254.999975551401036	3.016034e+02
256.000901604547437	3.015931e+02
257.000429744924418	3.015782e+02
258.001671223638084	3.015594e+02
259.001589548794925	3.015389e+02
260.000266655218695	3.015196e+02
261.000969535167712	3.015025e+02
262.000494430921947	3.014890e+02
263.002051357954429	3.014813e+02
263.999663054152222	3.014790e+02
264.999816340629877	3.014807e+02
265.999646482167861	3.014850e+02
266.999122460407477	3.014894e+02
268.001488989346399	3.014921e+02
269.000493605175279	3.014920e+02
270.001990224823089	3.014885e+02
270.999337872084311	3.014815e+02
272.001339823267472	3.014716e+02
273.001474013986467	3.014597e+02
273.999720630411105	3.014465e+02
274.999301622459257	3.014333e+02
276.00038858779908	3.014210e+02
277.000037429810845	3.014096e+02
277.99913815271151	3.013990e+02
279.001896234752223	3.013893e+02
279.999861762659407	3.013812e+02
280.999488359605721	3.013752e+02
282.000390167863145	3.013715e+02
283.001987050804189	3.013699e+02
284.000403045574728	3.013701e+02
285.001459538132849	3.013718e+02
286.001911629869539	3.013749e+02
287.001710184502201	3.013792e+02
288.000877315806576	3.013844e+02
288.999535921458005	3.013894e+02
290.000849147452925	3.013933e+02
291.001784583192489	3.013954e+02
291.999470265078116	3.013951e+02
293.000350726228248	3.013926e+02
294.001453998386921	3.013884e+02
294.99966250983897	3.013831e+02
296.001136649546311	3.013771e+02
296.999687551871489	3.013714e+02
298.001247068601629	3.013659e+02
298.999548585051969	3.013607e+02
300.000750059626967	3.013561e+02
301.001680673730334	3.013523e+02
301.999163971664927	3.013495e+02
302.999367282612582	3.013479e+02
303.999165754537898	3.013474e+02
305.001521887055901	3.013479e+02
306.000375119051853	3.013490e+02
307.001951876416115	3.013504e+02
308.000142042528466	3.013521e+02
309.001212895246681	3.013538e+02
309.999178614301854	3.013558e+02
311.000144539620237	3.013582e+02
312.001033491892031	3.013611e+02
313.001930242594824	3.013646e+02
313.999795573081769	3.013686e+02
315.000737111554429	3.013731e+02
316.001795102997278	3.013778e+02
317.00001860641413	3.013828e+02
318.001569055336915	3.013879e+02
319.000370431756608	3.013934e+02
319.999538897728996	3.013993e+02
321.002128177021007	3.014056e+02
322.001976849831294	3.014125e+02
323.002194787671499	3.014198e+02
323.999791101614449	3.014274e+02
325.000926405668565	3.014355e+02
325.999464392117318	3.014438e+02
327.001583740419449	3.014526e+02
328.001120124628414	3.014621e+02
329.001056924662748	3.014726e+02
330.001316807607054	3.014841e+02
331.001922953082271	3.014959e+02
331.999820607277798	3.015080e+02
333.001108668105701	3.015204e+02
333.999592450065279	3.015329e+02
335.001430012474145	3.015453e+02
336.000445902539866	3.015575e+02
336.999658818477883	3.015691e+02
338.002156064041969	3.015798e+02
339.001851563835544	3.015893e+02
340.001899743984723	3.015976e+02
340.999156465230499	3.016050e+02
341.999853923984119	3.016117e+02
343.000704997008711	3.016175e+02
344.001376858938784	3.016229e+02
345.00203887706607	3.016277e+02
345.999955215504826	3.016319e+02
347.000522663162087	3.016355e+02
348.000200029152836	3.016392e+02
349.000522755694988	3.016431e+02
350.001253613143035	3.016466e+02
351.000624273237918	3.016499e+02
351.999435802063715	3.016531e+02
353.002196744729815	3.016560e+02
354.001070048515999	3.016584e+02
355.001641036799754	3.016603e+02
355.999599629701663	3.016616e+02
357.000540487227624	3.016623e+02
358.000075444862205	3.016625e+02
358.999302800154226	3.016623e+02
360.001709987803054	3.016618e+02
361.000074298292702	3.016610e+02
362.000859290272558	3.016602e+02
363.001622746756937	3.016595e+02
364.001832563596452	3.016591e+02
365.001535463384243	3.016591e+02
366.00131467837474	3.016596e+02
367.00110538924082	3.016608e+02
368.000736030787152	3.016625e+02
369.000275218586978	3.016646e+02
369.999824276884169	3.016670e+02
370.999426774194205	3.016697e+02
372.002080612393968	3.016732e+02
373.001588932385062	3.016769e+02
374.001081446833666	3.016806e+02
375.000626116571937	3.016844e+02
376.000218547876443	3.016885e+02
376.999910591726973	3.016928e+02
377.999797780145002	3.016973e+02
378.999906813743962	3.017017e+02
380.000244808336674	3.017061e+02
381.000865619572778	3.017107e+02
382.001806304484546	3.017153e+02
382.999946272056377	3.017200e+02
384.001355606036498	3.017246e+02
384.99985631053687	3.017292e+02
386.0015402976166	3.017334e+02
387.000162701931743	3.017376e+02
388.001801501548812	3.017421e+02
389.000300444038373	3.017465e+02
390.001742707954349	3.017509e+02
390.99990443699852	3.017549e+02
392.000936197689441	3.017586e+02
393.00177492471073	3.017623e+02
393.999328852185783	3.017664e+02
394.999780108992752	3.017706e+02
396.000134804692266	3.017747e+02
397.00042004616688	3.017788e+02
398.000667031307955	3.017830e+02
399.000931769728538	3.017874e+02
400.001227470614424	3.017920e+02
401.001544797640236	3.017967e+02
402.001902596511854	3.018014e+02
402.999246021227464	3.018061e+02
403.999704245461601	3.018108e+02
405.000213976000339	3.018153e+02
406.000785726507388	3.018196e+02
407.001408508531085	3.018238e+02
408.002071314539194	3.018278e+02
408.999708595374841	3.018318e+02
410.000459919667492	3.018357e+02
411.001252828558734	3.018396e+02
412.002098628850092	3.018435e+02
412.999937502784405	3.018475e+02
414.000908309496879	3.018516e+02
415.001942485681127	3.018558e+02
415.999966713914432	3.018603e+02
417.001110452812043	3.018651e+02
417.999223947442431	3.018700e+02
419.000449839982025	3.018751e+02
420.001714127287812	3.018802e+02
420.999943618431587	3.018852e+02
422.001290078822194	3.018903e+02
422.999615985253001	3.018952e+02
424.001060314288623	3.019001e+02
424.999478222599919	3.019048e+02
426.001017745420938	3.019093e+02
426.999530720086625	3.019137e+02
428.001152874177365	3.019179e+02
428.999734515582077	3.019218e+02
430.001408625449528	3.019256e+02
431.000010340225799	3.019293e+02
432.001667839199797	3.019328e+02
433.000221815074497	3.019363e+02
434.001804251808949	3.019396e+02
435.000261415516377	3.019429e+02
436.001731095603191	3.019459e+02
437.000062707295285	3.019489e+02
438.001391866866186	3.019516e+02
438.999570770102707	3.019544e+02
440.000737846380048	3.019572e+02
441.00182111589163	3.019604e+02
441.999771361342766	3.019636e+02
443.000763413799177	3.019671e+02
444.001696459830953	3.019706e+02
444.999500435886944	3.019740e+02
446.00032752414711	3.019775e+02
447.001117645498596	3.019809e+02
448.001883226712721	3.019843e+02
448.999571098762033	3.019875e+02
450.00033578121878	3.019907e+02
451.00111711588346	3.019937e+02
452.001919501336943	3.019967e+02
452.999672442533097	3.019996e+02
454.000509144188925	3.020024e+02
455.001349657630726	3.020050e+02
456.002184940512961	3.020074e+02
456.999938224470498	3.020097e+02
458.000744652436538	3.020121e+02
459.001531729330225	3.020147e+02
459.999229727689283	3.020172e+02
460.999980922561065	3.020199e+02
462.000721221335311	3.020227e+02
463.001457879234579	3.020259e+02
464.002198438059679	3.020296e+02
464.999883907378376	3.020334e+02
466.000675712563577	3.020373e+02
467.001515884230287	3.020412e+02
467.999330505639648	3.020452e+02
469.000266807748972	3.020491e+02
470.001261089356149	3.020530e+02
470.999245163364833	3.020568e+02
472.000360361590424	3.020604e+02
473.001534471459308	3.020639e+02
473.99969086704948	3.020672e+02
475.000964073942441	3.020703e+02
475.999201404603866	3.020733e+02
477.000533716233122	3.020762e+02
478.001873839315238	3.020789e+02
479.000134933457161	3.020816e+02
480.001446950719014	3.020840e+02
480.999654544415421	3.020862e+02
482.00089220139256	3.020886e+02
483.002083364948987	3.020910e+02
484.000154946090731	3.020934e+02
485.001249816296991	3.020959e+02
485.999230737996697	3.020988e+02
487.00024615858581	3.021019e+02
488.001234027089424	3.021052e+02
488.999135972829379	3.021086e+02
490.000107037485407	3.021122e+02
491.001090819159572	3.021158e+02
492.002101665974578	3.021194e+02
493.00008301340813	3.021231e+02
494.001188349803726	3.021268e+02
494.999284798957547	3.021305e+02
496.000521798226259	3.021341e+02
497.001832923759764	3.021377e+02
498.000146640750472	3.021413e+02
499.001605196865512	3.021448e+02
500.000061963698101	3.021482e+02
501.001655800322453	3.021516e+02
502.000234992100616	3.021550e+02
503.001937609868378	3.021583e+02
504.000610741995047	3.021616e+02
504.999319615887543	3.021649e+02
506.001131858100678	3.021682e+02
506.999897443339478	3.021716e+02
508.001760645684897	3.021749e+02
509.00057494393468	3.021783e+02
509.999413898640967	3.021817e+02
511.001351703648083	3.021851e+02
512.000243591651156	3.021886e+02
512.999166595937822	3.021920e+02
514.001198888276008	3.021954e+02
515.000197471901288	3.021988e+02
515.999240191230342	3.022021e+02
517.001404900109492	3.022054e+02
518.000546014341694	3.022086e+02
518.9997392945819	3.022118e+02
520.002060063838258	3.022149e+02
521.001358525883006	3.022178e+02
522.000709177407316	3.022207e+02
523.000105090532884	3.022236e+02
523.999529934207544	3.022263e+02
525.002084781041731	3.022290e+02
526.001622665853461	3.022317e+02
527.001171985616338	3.022343e+02
528.000721685101212	3.022369e+02
529.000262130536157	3.022394e+02
529.999796097172407	3.022420e+02
530.999318975361916	3.022446e+02
532.001899480313568	3.022472e+02
533.001399512774583	3.022498e+02
534.000900020699419	3.022524e+02
535.000404316961408	3.022551e+02
535.999921060856764	3.022578e+02
536.999458418444192	3.022606e+02
538.002103412542056	3.022633e+02
539.001714787084325	3.022661e+02
540.001366371732502	3.022689e+02
541.001061457090373	3.022717e+02
542.000809750296298	3.022745e+02
543.000609536481306	3.022772e+02
544.000457062784562	3.022799e+02
545.000356160035494	3.022826e+02
546.000305324828219	3.022852e+02
547.000296519477502	3.022878e+02
548.00032856348605	3.022903e+02
549.00039992437064	3.022927e+02
550.00050195823269	3.022950e+02
551.000628867013802	3.022974e+02
552.000778619984771	3.022996e+02
553.000945071355659	3.023019e+02
554.001124319738892	3.023041e+02
555.001316586008329	3.023062e+02
556.001519320644888	3.023084e+02
557.001731672484084	3.023106e+02
558.001954675918114	3.023127e+02
559.002190567552361	3.023149e+02
559.999362884992479	3.023170e+02
560.999630826612474	3.023192e+02
561.999920830554856	3.023213e+02
563.000235633839111	3.023234e+02
564.000576550278424	3.023256e+02
565.000944078801922	3.023276e+02
566.001337432372793	3.023297e+02
567.001755222184784	3.023318e+02
568.002196495543558	3.023338e+02
568.999580920182666	3.023357e+02
570.000062861669335	3.023377e+02
571.000563368208532	3.023396e+02
572.001080476734842	3.023416e+02
573.001612390215314	3.023435e+02
574.002157901395321	3.023453e+02
574.999637739490481	3.023472e+02
576.000208103055229	3.023491e+02
577.000790376419445	3.023511e+02
578.00138554894454	3.023530e+02
579.001995962862566	3.023550e+02
579.999544495687815	3.023570e+02
581.000190636220964	3.023590e+02
582.000857445269162	3.023610e+02
583.001547127940512	3.023631e+02
583.999183521675604	3.023652e+02
584.999926948589632	3.023673e+02
586.000700489218843	3.023695e+02
587.001506598911533	3.023716e+02
587.99926799382547	3.023738e+02
589.000145409217112	3.023759e+02
590.001061787678282	3.023780e+02
591.002019298079972	3.023802e+02
591.999939170705602	3.023823e+02
593.000983032244562	3.023844e+02
594.002072942547557	3.023865e+02
595.000129737546672	3.023886e+02
596.001316151765764	3.023907e+02
596.999472665188705	3.023927e+02
598.000761925122447	3.023948e+02
599.002104637616185	3.023968e+02
600.000419838153448	3.023988e+02
601.001870748756801	3.024009e+02
602.000295198039908	3.024029e+02
603.001856482751009	3.024049e+02
604.000391285519527	3.024069e+02
605.002064012870051	3.024089e+02
606.000709777146653	3.024109e+02
606.999409940374107	3.024129e+02
608.001245875481345	3.024149e+02
609.000049676068443	3.024169e+02
610.001977780122729	3.024188e+02
611.000845954300644	3.024207e+02
611.99973879132358	3.024227e+02
613.0017381606973	3.024246e+02
614.000676823116464	3.024265e+02
614.999639012873558	3.024287e+02
616.001711923290941	3.024315e+02
617.000734056203328	3.024342e+02
617.999790448542399	3.024368e+02
619.001965576661064	3.024394e+02
620.001094966328083	3.024420e+02
621.000264110250328	3.024446e+02
621.999473763055789	3.024471e+02
623.001807770423625	3.024496e+02
624.001097977880477	3.024520e+02
625.000428471307941	3.024543e+02
625.99979888765597	3.024566e+02
626.999206816023047	3.024589e+02
628.001734472853627	3.024611e+02
629.001210015546008	3.024632e+02
630.000717516821396	3.024654e+02
631.000256078500001	3.024674e+02
631.999825123270284	3.024694e+02
632.999426658020411	3.024714e+02
634.00214914754838	3.024733e+02
635.00182383606159	3.024752e+02
636.00153826904284	3.024770e+02
637.001295668469538	3.024788e+02
638.001098441052591	3.024806e+02
639.000949078242797	3.024824e+02
640.000852172062196	3.024841e+02
641.000811977679632	3.024859e+02
642.000826046606221	3.024875e+02
643.00088421093858	3.024892e+02
644.000987198982557	3.024908e+02
645.001135073950991	3.024923e+02
646.001327198662466	3.024937e+02
647.001564001378711	3.024951e+02
648.001846248315132	3.024964e+02
649.002175559720968	3.024976e+02
649.999466234982947	3.024988e+02
650.999894350096497	3.024999e+02
652.000373217148535	3.025011e+02
653.000902076524198	3.025022e+02
654.00147562295092	3.025032e+02
655.002088305455345	3.025043e+02
655.999648575967171	3.025053e+02
657.000332758057425	3.025064e+02
658.0010501714155	3.025074e+02
659.001800652544148	3.025084e+02
659.99949457924231	3.025094e+02
661.00031023942654	3.025104e+02
662.001159454296953	3.025114e+02
663.002044136727022	3.025123e+02
663.999875970023027	3.025134e+02
665.000834738074445	3.025144e+02
666.001832272214756	3.025155e+02
666.999780480688059	3.025165e+02
668.00086067640018	3.025177e+02
669.0019849067927	3.025188e+02
670.000066609870373	3.025199e+02
671.001289291633157	3.025210e+02
671.999475757621894	3.025220e+02
673.000807624938147	3.025230e+02
674.00218933117651	3.025239e+02
675.000530347012273	3.025248e+02
676.00201286504398	3.025256e+02
677.000455554626456	3.025263e+02
678.00203940307631	3.025271e+02
679.000578665894523	3.025278e+02
679.999162369956139	3.025285e+02
681.000880745148152	3.025292e+02
681.99954849522635	3.025299e+02
683.001348837939759	3.025306e+02
684.000098695633596	3.025313e+02
685.001982198614996	3.025321e+02
686.000816954055722	3.025329e+02
686.999697858463037	3.025338e+02
688.00171817598391	3.025346e+02
689.000696449352063	3.025355e+02
689.999727806012288	3.025364e+02
691.001907207350882	3.025372e+02
692.001049376099786	3.025381e+02
693.000249775258794	3.025389e+02
693.999509619646233	3.025397e+02
695.001924732240695	3.025406e+02
696.001309593331143	3.025416e+02
697.000760008039492	3.025427e+02
698.000278654198837	3.025438e+02
698.999867765049999	3.025450e+02
699.999528647373381	3.025461e+02
700.999261851223423	3.025473e+02
702.002166662328364	3.025484e+02
703.002048461605796	3.025496e+02
704.002016020040287	3.025508e+02
705.002067926577752	3.025519e+02
706.00220676286699	3.025531e+02
706.999339558774523	3.025542e+02
707.999660490636643	3.025554e+02
709.000074117678878	3.025565e+02
710.000580381524742	3.025576e+02
711.001179537292728	3.025587e+02
712.001873981621088	3.025599e+02
712.999567203269407	3.025611e+02
714.00045794582627	3.025624e+02
715.001450105897447	3.025637e+02
715.999448579511522	3.025651e+02
717.000655854154957	3.025665e+02
718.0019742138428	3.025679e+02
719.000305392174141	3.025693e+02
720.001852983587924	3.025707e+02
721.000416218402506	3.025722e+02
722.002200570993409	3.025737e+02
723.001008981241284	3.025752e+02
723.999950655311068	3.025767e+02
725.002133639869839	3.025783e+02
726.001353102790858	3.025798e+02
727.00071608947178	3.025814e+02
728.00022038558518	3.025830e+02
728.999871265919523	3.025847e+02
729.999674178006103	3.025864e+02
730.999624470423214	3.025881e+02
731.999723814716162	3.025898e+02
732.999981920546702	3.025915e+02
734.000399350975727	3.025933e+02
735.000982023089364	3.025951e+02
736.001751885511112	3.025969e+02
736.999619236443891	3.025987e+02
738.000802725583412	3.026004e+02
739.002187912777913	3.026022e+02
740.000664238488525	3.026039e+02
740.999335135875413	3.026057e+02
742.001306272409806	3.026076e+02
743.00035018367214	3.026094e+02
743.99957864434225	3.026113e+02
745.00209378730176	3.026131e+02
746.001656578055645	3.026150e+02
747.001380774958648	3.026169e+02
748.00126859852594	3.026187e+02
749.001303812227547	3.026206e+02
750.001478226125414	3.026225e+02
751.001804049645898	3.026244e+02
751.999170492685494	3.026264e+02
752.999809978551639	3.026284e+02
754.000617256708324	3.026304e+02
755.00160456231481	3.026323e+02
755.9996414509244	3.026342e+02
757.000951254417714	3.026360e+02
757.999294888358463	3.026378e+02
759.000917716026038	3.026396e+02
759.999566380384408	3.026414e+02
761.001471295675515	3.026432e+02
762.000398866962996	3.026449e+02
762.999480786557797	3.026465e+02
764.001828470308624	3.026481e+02
765.001191457607433	3.026497e+02
766.000702680357449	3.026513e+02
767.000354804227186	3.026528e+02
768.000129205270241	3.026543e+02
769.000031120643371	3.026559e+02
770.000070989382039	3.026574e+02
771.000232985301295	3.026588e+02
772.000507517313849	3.026603e+02
773.00091097560221	3.026617e+02
774.001447959901384	3.026631e+02
774.998969051475342	3.026644e+02
775.999733179126224	3.026658e+02
777.000628535097917	3.026670e+02
777.998511779941055	3.026682e+02
778.999625465291729	3.026693e+02
780.000852992181535	3.026704e+02
780.999067502251023	3.026713e+02
782.000501651750483	3.026722e+02
782.998890402950906	3.026730e+02
784.000510709332616	3.026737e+02
784.999095951145591	3.026744e+02
786.000885146906739	3.026750e+02
786.999626701129273	3.026755e+02
788.001601758150173	3.026760e+02
789.000530123687213	3.026764e+02
789.999530848230279	3.026768e+02
790.99862715721315	3.026771e+02
792.000951261299747	3.026773e+02
793.000211673519857	3.026775e+02
793.999551064803086	3.026777e+02
794.998993047389376	3.026777e+02
795.998539242270454	3.026777e+02
797.00121385970408	3.026776e+02
798.00083212691186	3.026774e+02
799.000522314330169	3.026771e+02
800.000250605756605	3.026767e+02
801.000017169912667	3.026762e+02
801.999842073571358	3.026757e+02
802.999706484609419	3.026751e+02
803.999582733291618	3.026744e+02
804.999482047756146	3.026736e+02
805.999415658781686	3.026727e+02
806.999351759117303	3.026716e+02
807.999274949151413	3.026705e+02
808.999208724711366	3.026694e+02
809.99914808867095	3.026682e+02
810.999056193766251	3.026669e+02
811.998932488494233	3.026655e+02
812.998803996338438	3.026642e+02
813.998654002002354	3.026628e+02
815.001579920991389	3.026613e+02
816.00133257523828	3.026599e+02
817.001074908216992	3.026585e+02
818.000771926080461	3.026570e+02
819.000393426636151	3.026555e+02
819.999981202322829	3.026541e+02
820.999550655257735	3.026525e+02
821.99903903299446	3.026510e+02
823.001566279714211	3.026495e+02
824.000924564271259	3.026478e+02
825.000221582081508	3.026462e+02
825.999382328954994	3.026448e+02
827.001587692406019	3.026432e+02
828.000627895948355	3.026417e+02
828.999551449502519	3.026404e+02
830.001467451544841	3.026392e+02
831.00021531107916	3.026378e+02
831.998895971035608	3.026365e+02
833.00053533753794	3.026352e+02
833.998955071971295	3.026340e+02
835.00047699596098	3.026327e+02
835.998715522652674	3.026314e+02
836.999930671296283	3.026301e+02
838.001123477570104	3.026288e+02
838.999081881752318	3.026277e+02
839.999970080385197	3.026264e+02
841.000794857779169	3.026252e+02
842.001560905365864	3.026239e+02
842.999001408825166	3.026226e+02
843.999452529910513	3.026215e+02
844.999872326116702	3.026200e+02
846.00012386627759	3.026188e+02
847.000222763155534	3.026175e+02
848.000292433634058	3.026162e+02
849.000242785677756	3.026150e+02
850.00002896157423	3.026137e+02
850.999761643604757	3.026125e+02
851.999393702273892	3.026114e+02
852.998859638489989	3.026102e+02
854.001360649677281	3.026090e+02
855.000657095778593	3.026078e+02
855.999813643532775	3.026066e+02
856.998873063266615	3.026054e+02
858.000986364875075	3.026043e+02
858.999868720381755	3.026031e+02
859.998649532608965	3.026021e+02
861.000471721768236	3.026012e+02
861.999066316743551	3.026003e+02
863.00067494956329	3.025995e+02
863.999087793853846	3.025987e+02
865.000544472149613	3.025979e+02
865.998803714020937	3.025971e+02
867.000122603809928	3.025962e+02
868.001384262134707	3.025954e+02
868.999472388112508	3.025945e+02
870.000643261292907	3.025937e+02
870.998667684868224	3.025928e+02
871.999782446837344	3.025921e+02
873.000874958462532	3.025913e+02
873.998827776105145	3.025906e+02
874.999872922336863	3.025899e+02
876.000892789683121	3.025892e+02
876.998770256755165	3.025885e+02
877.999739486612611	3.025878e+02
879.000683825170086	3.025871e+02
880.001608363271998	3.025864e+02
880.999396520939513	3.025856e+02
882.000287412664647	3.025848e+02
883.001169270520791	3.025840e+02
883.998928084996123	3.025832e+02
884.999805708670237	3.025823e+02
886.000690875077112	3.025814e+02
887.001587333905491	3.025805e+02
887.999378046442303	3.025795e+02
889.000298849841215	3.025786e+02
890.001227169192589	3.025777e+02
890.999038491454712	3.025768e+02
891.999963323031352	3.025758e+02
893.000877356106457	3.025749e+02
893.998656425749232	3.025739e+02
894.999532193965592	3.025729e+02
896.00038300383892	3.025719e+02
897.001206450445807	3.025708e+02
897.998883302916397	3.025698e+02
898.999649348573598	3.025687e+02
900.000386891797802	3.025675e+02
901.001097298132891	3.025664e+02
901.998664901937559	3.025652e+02
902.999325858317889	3.025641e+02
903.999963408500321	3.025629e+02
905.00057879198755	3.025617e+02
906.001172663939997	3.025606e+02
906.998627661731803	3.025594e+02
907.999177637872663	3.025583e+02
908.999704328773987	3.025572e+02
910.000205979892371	3.025561e+02
911.000680661403294	3.025551e+02
912.001126076367655	3.025540e+02
913.0015389069398	3.025530e+02
913.998800052091042	3.025521e+02
914.999140677978858	3.025511e+02
915.999443047825253	3.025502e+02
916.999706709535417	3.025493e+02
917.9999324325413	3.025484e+02
919.000120945214121	3.025475e+02
920.000274033838991	3.025465e+02
921.000394375183646	3.025456e+02
922.000485300970581	3.025447e+02
923.000549587474893	3.025437e+02
924.000590745406612	3.025428e+02
925.000611420237874	3.025419e+02
926.000613609053062	3.025410e+02
927.000599446097908	3.025401e+02
928.000569194498098	3.025392e+02
929.000522922412983	3.025383e+02
930.00045981055996	3.025374e+02
931.000378734565288	3.025365e+02
932.000279030365391	3.025356e+02
933.000160171714697	3.025347e+02
934.000022525270765	3.025337e+02
934.999867901941911	3.025328e+02
935.999698896975019	3.025318e+02
936.999519162073966	3.025308e+02
937.999332095546947	3.025297e+02
938.999141000032296	3.025287e+02
939.998949079595945	3.025276e+02
940.998758037671109	3.025265e+02
941.998568508800759	3.025253e+02
943.001495012791338	3.025242e+02
944.001307348309638	3.025230e+02
945.001117308138419	3.025219e+02
946.000922549333836	3.025207e+02
947.000718497132311	3.025196e+02
948.000501810637275	3.025184e+02
949.000268707143277	3.025172e+02
950.000015691923181	3.025161e+02
950.999740415221709	3.025149e+02
951.999440668327338	3.025137e+02
952.999114517718226	3.025124e+02
953.998760791102313	3.025112e+02
955.001492963863257	3.025099e+02
956.001082963674321	3.025086e+02
957.000645038631092	3.025073e+02
958.000178803099629	3.025060e+02
958.999682979672343	3.025046e+02
959.99915611341271	3.025033e+02
960.998596297893869	3.025020e+02
962.001114210052492	3.025007e+02
963.000481022976601	3.024994e+02
963.999807458572491	3.024981e+02
964.999090907294772	3.024968e+02
966.001442156829967	3.024956e+02
967.00063385017711	3.024944e+02
967.999778394348027	3.024931e+02
968.998876222372701	3.024919e+02
970.001041290887429	3.024906e+02
971.00005162988009	3.024894e+02
971.99902222709477	3.024882e+02
973.001068265900244	3.024869e+02
973.999968298627778	3.024857e+02
974.998835801962286	3.024844e+02
976.000783794113772	3.024831e+02
976.999589948280573	3.024818e+02
978.001478315908685	3.024805e+02
979.000227384655773	3.024792e+02
979.998950053329395	3.024780e+02
981.000759147816893	3.024767e+02
981.999433860136037	3.024754e+02
983.001198919287617	3.024741e+02
983.999833765523476	3.024728e+02
985.001562066623023	3.024715e+02
986.000163562993293	3.024703e+02
986.998750851895807	3.024690e+02
988.000436835688788	3.024677e+02
988.999001766113224	3.024664e+02
990.000669566239139	3.024650e+02
990.999220801870592	3.024637e+02
992.000879034973195	3.024623e+02
992.999424557068551	3.024609e+02
994.001079242855212	3.024595e+02
994.999621495325073	3.024580e+02
996.001272379075544	3.024566e+02
996.999808992381304	3.024551e+02
998.00145173852161	3.024537e+02
998.999978241237272	3.024522e+02
1000.00160959835716	3.024507e+02
1001.0001236260174	3.024492e+02
1001.99863129237235	3.024477e+02
1003.00024257300242	3.024462e+02
1003.99873512430747	3.024446e+02
1005.00032852015397	3.024431e+02
1005.99879928425139	3.024415e+02
1007.00036695508913	3.024399e+02
1007.99880919247039	3.024384e+02
1009.00034613438197	3.024367e+02
1009.99875574490147	3.024351e+02
1011.00025693841337	3.024334e+02
1011.99862805223597	3.024318e+02
1013.00008661249171	3.024301e+02
1014.00152002830805	3.024285e+02
1014.99981539430576	3.024268e+02
1016.00118991158695	3.024251e+02
1016.99942133770173	3.024235e+02
1018.00072743686451	3.024218e+02
1018.99888733657883	3.024201e+02
1020.0001194479787	3.024184e+02
1021.0013144051718	3.024168e+02
1021.99936417932599	3.024151e+02
1023.00048793499343	3.024134e+02
1024.00157635031769	3.024117e+02
1024.99951923650224	3.024100e+02
1026.00053376456799	3.024084e+02
1026.99840141366099	3.024067e+02
1027.99934028847269	3.024051e+02
1029.00024373670999	3.024034e+02
1029.99800516408482	3.024018e+02
1030.99884221824027	3.024001e+02
1031.99964671941939	3.023977e+02
1033.00041802231635	3.023951e+02
1033.99804952709655	3.023925e+02
1034.99875870898768	3.023899e+02
1035.99944064779402	3.023873e+02
1037.00009994695847	3.023848e+02
1038.00074205531064	3.023823e+02
1038.99826386522864	3.023799e+02
1039.99888329008604	3.023774e+02
1040.99949323576243	3.023749e+02
1042.00009334319179	3.023725e+02
1043.00068206451465	3.023699e+02
1043.99814967603993	3.023674e+02
1044.99870863692104	3.023648e+02
1045.99924781729806	3.023621e+02
1046.99976355174067	3.023594e+02
1048.00025367515536	3.023567e+02
1049.00071861765264	3.023539e+02
1049.99805381919327	3.023511e+02
1050.99847620815876	3.023483e+02
1051.99888214853831	3.023455e+02
1052.99927355657019	3.023426e+02
1053.9996523324719	3.023397e+02
1055.00002043905374	3.023368e+02
1056.00037971354323	3.023339e+02
1057.00073245915132	3.023309e+02
1057.99797295655617	3.023280e+02
1058.99831543682899	3.023250e+02
1059.99865196832684	3.023221e+02
1060.99898010463107	3.023191e+02
1061.99929558142412	3.023162e+02
1062.99959473043623	3.023132e+02
1063.99987413955296	3.023102e+02
1065.00013162082382	3.023073e+02
1066.0003666061491	3.023049e+02
1067.00058056368607	3.023029e+02
1068.00077596735809	3.023009e+02
1069.00095477978175	3.022988e+02
1069.99801178201983	3.022968e+02
1070.99815862411697	3.022947e+02
1071.99828564748941	3.022925e+02
1072.99838778802427	3.022903e+02
1073.99845913444005	3.022881e+02
1074.9984943237796	3.022859e+02
1075.99848998123457	3.022837e+02
1076.99844496008745	3.022814e+02
1077.99835962096631	3.022792e+02
1078.99823550914539	3.022770e+02
1079.99804283451908	3.022742e+02
1080.99777406137309	3.022719e+02
1081.99757889515672	3.022698e+02
1082.99736940244225	3.022677e+02
1083.997131230901	3.022656e+02
1084.99997233226168	3.022635e+02
1085.99968519321806	3.022614e+02
1086.99937344953241	3.022594e+02
1087.99903579596662	3.022573e+02
1088.99867164629632	3.022553e+02
1089.99828016497986	3.022533e+02
1090.99786207309512	3.022513e+02
1091.99741979769374	3.022493e+02
1092.99695453449795	3.022472e+02
1093.99957109156776	3.022452e+02
1094.99906341952942	3.022432e+02
1095.99853767852869	3.022412e+02
1096.99799652755314	3.022392e+02
1097.99744266236758	3.022372e+02
1098.99998253767399	3.022352e+02
1099.99941124372504	3.022330e+02
1100.99883557991279	3.022300e+02
1101.99825767902257	3.022269e+02
1102.99768014663232	3.022238e+02
1103.99710595075726	3.022207e+02
1104.99964161450657	3.022175e+02
1105.99908297351203	3.022144e+02
1106.99853713760399	3.022113e+02
1107.99800585816433	3.022081e+02
1108.9974892800883	3.022050e+02
1109.99698550838366	3.022018e+02
1110.9995967161592	3.021986e+02
1111.99911250392847	3.021954e+02
1112.99863366098452	3.021921e+02
1113.99815714160036	3.021888e+02
1114.99768068710409	3.021855e+02
1115.9972029713133	3.021821e+02
1116.99982721927131	3.021786e+02
1117.99934466068339	3.021752e+02
1118.99885918591713	3.021717e+02
1119.99837112821047	3.021682e+02
1120.99788002591595	3.021647e+02
1121.9973852182859	3.021612e+02
1122.99999101212848	3.021577e+02
1123.99948905605766	3.021543e+02
1124.99898330748624	3.021508e+02
1125.99847339668077	3.021473e+02
1126.99795813229139	3.021439e+02
1127.99743513206772	3.021405e+02
1129.00000566831295	3.021371e+02
1129.99945815789215	3.021337e+02
1130.99889325602135	3.021304e+02
1131.99830841874882	3.021292e+02
1133.00080490487903	3.021270e+02
1134.00017295241537	3.021248e+02
1134.99951269206895	3.021225e+02
1135.99882001690776	3.021203e+02
1136.9980899825764	3.021179e+02
1138.00042121801789	3.021156e+02
1138.99960350566766	3.021132e+02
1139.99873758961189	3.021108e+02
1141.00092542982816	3.021083e+02
1141.99996276609818	3.021059e+02
1142.99895494689849	3.021035e+02
1144.00100640711162	3.021011e+02
1144.99991575993818	3.020987e+02
1145.99878880975484	3.020964e+02
1147.0007313388096	3.020941e+02
1147.99954265645124	3.020918e+02
1148.99832711965564	3.020895e+02
1150.000187799591	3.020873e+02
1150.99892189105094	3.020844e+02
1152.00073346352883	3.020812e+02
1152.99942172058309	3.020780e+02
1153.99809208171928	3.020747e+02
1154.99985105495193	3.020715e+02
1155.99850184254683	3.020683e+02
1157.00025319591782	3.020651e+02
1157.99890694103397	3.020619e+02
1159.00066832192624	3.020586e+02
1159.99933451059292	3.020554e+02
1160.99800622983889	3.020522e+02
1161.9997834014282	3.020489e+02
1162.99846151705219	3.020456e+02
1164.00024126092603	3.020422e+02
1164.99891712956332	3.020388e+02
1166.00068994524736	3.020354e+02
1166.99935646339691	3.020319e+02
1167.9980188936504	3.020284e+02
1168.99978069425833	3.020248e+02
1169.9984467029667	3.020211e+02
1171.00022526371276	3.020175e+02
1171.99892255418968	3.020138e+02
1173.00074953688045	3.020100e+02
1173.99949361987819	3.020063e+02
1174.99825013742043	3.020025e+02
1176.00013710691951	3.019988e+02
1176.99895466628141	3.019950e+02
1178.00090672586907	3.019912e+02
1178.99978597725067	3.019874e+02
1179.99868844415846	3.019836e+02
1181.0007103556602	3.019798e+02
1181.99964151327413	3.019759e+02
1182.99858001971097	3.019721e+02
1184.00062515109835	3.019682e+02
1184.99957067028504	3.019643e+02
1185.99851899484156	3.019604e+02
1187.00057351632518	3.019565e+02
1187.99953059631616	3.019526e+02
1188.99849362446412	3.019488e+02
1190.00056565881141	3.019449e+02
1190.99954199423428	3.019411e+02
1191.99852380361835	3.019373e+02
1193.0006089512633	3.019335e+02
1193.99958603475943	3.019298e+02
1194.99855016271181	3.019261e+02
1196.00059544823239	3.019224e+02
1196.99950960317574	3.019188e+02
1197.99838901838962	3.019152e+02
1199.00033048155274	3.019116e+02
1199.99912615566609	3.019080e+02
1201.00097866831493	3.019044e+02
1201.99968382255634	3.019015e+02
1202.99834003880733	3.018990e+02
1204.000048194486	3.018965e+02
1204.99862036699483	3.018940e+02
1206.00026296274086	3.018915e+02
1206.99877532803589	3.018890e+02
1208.00035765685629	3.018865e+02
1208.99880374529289	3.018841e+02
1210.00030765006909	3.018817e+02
1210.99866048260742	3.018785e+02
1212.00005521470644	3.018752e+02
1212.99828645891466	3.018719e+02
1213.99955647530646	3.018694e+02
1215.00077473615215	3.018669e+02
1215.99885572998278	3.018644e+02
1217.00001534245234	3.018619e+02
1217.99807015916804	3.018595e+02
1218.99923182491011	3.018571e+02
1220.00040784604539	3.018547e+02
1220.99850238459476	3.018521e+02
1221.99971680765952	3.018488e+02
1223.0009526615288	3.018455e+02
1223.99911018558737	3.018420e+02
1225.00038901855055	3.018385e+02
1225.99859035402733	3.018349e+02
1226.99991543423243	3.018313e+02
1227.9981656946045	3.018277e+02
1228.9995445570305	3.018240e+02
1230.0009559124162	3.018202e+02
1230.99930306384226	3.018165e+02
1232.00079096131367	3.018126e+02
1232.99922256000877	3.018088e+02
1234.00080150474764	3.018048e+02
1234.99932704594016	3.018009e+02
1236.00100135483262	3.017968e+02
1236.99962158512949	3.017928e+02
1237.99828767946792	3.017887e+02
1239.00009935828234	3.017845e+02
1239.99885077281624	3.017803e+02
1241.00074088707311	3.017760e+02
1241.99955992815626	3.017717e+02
1242.99840375107306	3.017674e+02
1244.00036954211714	3.017631e+02
1244.99924899340976	3.017587e+02
1245.99814252710053	3.017544e+02
1247.00015233778663	3.017501e+02
1247.99907446850011	3.017458e+02
1248.99801245657409	3.017415e+02
1250.00006949212343	3.017372e+02
1250.99903874465963	3.017330e+02
1251.9980171517559	3.017288e+02
1253.00009871743578	3.017246e+02
1253.99906924520496	3.017205e+02
1254.99802171148099	3.017164e+02
1256.00004890617402	3.017123e+02
1256.99893735115597	3.017082e+02
1258.00088512359002	3.017042e+02
1258.99968529377657	3.017001e+02
1259.99843966837557	3.016962e+02
1261.00025147559381	3.016922e+02
1261.99892107124424	3.016882e+02
1263.00065423065553	3.016843e+02
1263.99925049751687	3.016804e+02
1265.0009135610826	3.016765e+02
1265.99944161575922	3.016727e+02
1266.99793565363575	3.016689e+02
1267.99949549814323	3.016651e+02
1268.99791731754135	3.016614e+02
1269.9993999202743	3.016577e+02
1271.00083948422684	3.016540e+02
1271.99913290560312	3.016504e+02
1273.00047962419103	3.016467e+02
1273.99868037886404	3.016439e+02
1274.99993909200953	3.016413e+02
1275.99806137866858	3.016386e+02
1276.99925376117221	3.016360e+02
1278.00042350549757	3.016333e+02
1278.99847846206808	3.016308e+02
1279.9996250331501	3.016282e+02
1281.00076718556329	3.016247e+02
1281.99880365085437	3.016212e+02
1282.99993413125026	3.016176e+02
1283.99796679431188	3.016138e+02
1284.99911057220856	3.016100e+02
1286.00027752006417	3.016061e+02
1286.99837975066725	3.016022e+02
1287.99962550355622	3.015983e+02
1289.0009215487255	3.015943e+02
1289.99917414749689	3.015904e+02
1291.00058816401247	3.015864e+02
1291.99896510465373	3.015824e+02
1293.00051009187996	3.015784e+02
1293.9990221543444	3.015743e+02
1295.0006992244821	3.015702e+02
1295.99933696642756	3.015660e+02
1296.99803311771893	3.015618e+02
1297.99988504428347	3.015574e+02
1298.99868789046354	3.015531e+02
1300.00064337446429	3.015486e+02
1300.99954346376671	3.015441e+02
1301.99848729543987	3.015395e+02
1303.00057421883002	3.015349e+02
1303.99959571877844	3.015302e+02
1304.99865258077125	3.015255e+02
1306.00084756155638	3.015208e+02
1306.99997568614435	3.015160e+02
1307.99914038046791	3.015113e+02
1308.99834180037737	3.015065e+02
1310.00068060740341	3.015018e+02
1310.99994679110318	3.014971e+02
1311.99923955881809	3.014924e+02
1312.99855416577725	3.014878e+02
1314.00098871274236	3.014832e+02
1315.00033118233068	3.014786e+02
1315.99968035228039	3.014740e+02
1316.99903062470958	3.014695e+02
1317.99837596639827	3.014650e+02
1319.00081431395529	3.014605e+02
1320.00013219435982	3.014560e+02
1320.99942818310433	3.014515e+02
1321.99869978614174	3.014470e+02
1322.99794457855933	3.014425e+02
1324.00026133372853	3.014381e+02
1324.99944066448029	3.014337e+02
1325.9985875870309	3.014294e+02
1327.00080828060459	3.014251e+02
1327.99989652433896	3.014207e+02
1328.99895469004514	3.014165e+02
1329.99798759769919	3.014123e+02
1331.00009817108776	3.014081e+02
1331.99907272872133	3.014039e+02
1332.9980161248659	3.013998e+02
1334.00004250575012	3.013957e+02
1334.99894359480732	3.013916e+02
1336.00092217373071	3.013876e+02
1336.99978862095145	3.013835e+02
1337.99864279015287	3.013795e+02
1339.00057781168721	3.013754e+02
1339.99939990603571	3.013714e+02
1340.99821403393571	3.013674e+02
1342.00011797293246	3.013633e+02
1342.99891625323062	3.013593e+02
1344.00081712779388	3.013552e+02
1344.99961532945053	3.013511e+02
1345.99841945113303	3.013470e+02
1347.00033626975369	3.013428e+02
1347.9991612664146	3.013387e+02
1348.99800061232236	3.013346e+02
1349.99995843046486	3.013304e+02
1350.99882884485237	3.013262e+02
1352.00081784367558	3.013220e+02
1352.99972466956524	3.013177e+02
1353.99865292872482	3.013134e+02
1355.00070862963616	3.013091e+02
1355.99969133071227	3.013048e+02
1356.99870541472819	3.013004e+02
1358.00085484322972	3.012959e+02
1358.99993565592968	3.012915e+02
1359.99904835064194	3.012870e+02
1360.99819117085349	3.012825e+02
1362.00046895444302	3.012779e+02
1362.9996744606367	3.012733e+02
1363.99890983446517	3.012686e+02
1364.99817625000514	3.012640e+02
1366.00057675993003	3.012592e+02
1366.99990367562941	3.012545e+02
1367.9992590363438	3.012498e+02
1368.99864066007058	3.012449e+02
1369.99804663080772	3.012401e+02
1371.00057959637684	3.012352e+02
1372.00002990975213	3.012303e+02
1372.9995002470821	3.012254e+02
1373.99899004972622	3.012205e+02
1374.99849884930177	3.012156e+02
1375.99802611657037	3.012107e+02
1377.0006751514743	3.012057e+02
1378.00023421828473	3.012008e+02
1378.99980186620587	3.011959e+02
1379.99937287725652	3.011910e+02
1380.99894108755052	3.011862e+02
1381.99850130410346	3.011813e+02
1382.99804987963262	3.011764e+02
1384.00068734541537	3.011716e+02
1385.0002043187983	3.011668e+02
1385.99970579036994	3.011620e+02
1386.99919015351657	3.011572e+02
1387.9986536510246	3.011525e+02
1388.99809272032599	3.011479e+02
1390.00060974385337	3.011433e+02
1390.99999660132357	3.011387e+02
1391.99935726255489	3.011342e+02
1392.99869173706816	3.011298e+02
1393.9979991575558	3.011254e+02
1395.00037999900633	3.011210e+02
1395.99962390962583	3.011167e+02
1396.99883211560154	3.011125e+02
1397.99800414250876	3.011083e+02
1399.00024344831309	3.011041e+02
1399.99934490739838	3.011000e+02
1400.9984116419314	3.010959e+02
1402.00054648821447	3.010918e+02
1402.99954453430087	3.010877e+02
1403.99850834173913	3.010837e+02
1405.00053967198528	3.010797e+02
1405.99943391035413	3.010757e+02
1406.99829450752236	3.010718e+02
1408.00022814772478	3.010678e+02
1408.99903329382164	3.010638e+02
1410.00091412937172	3.010598e+02
1410.99966626340984	3.010557e+02
1411.9983906948205	3.010517e+02
1413.00019518133809	3.010476e+02
1413.99888386547832	3.010435e+02
1415.00066595208682	3.010393e+02
1415.99934766114984	3.010351e+02
1416.9980370354624	3.010308e+02
1417.99983869231846	3.010265e+02
1418.99855226288651	3.010221e+02
1420.00038617582095	3.010177e+02
1420.99914001706429	3.010132e+02
1421.99792000870934	3.010087e+02
1422.99982909249775	3.010041e+02
1423.99866679425713	3.009995e+02
1425.00064067122162	3.009948e+02
1425.99955111646295	3.009900e+02
1426.99850618558708	3.009852e+02
1428.00061483366107	3.009803e+02
1428.99967494484235	3.009754e+02
1429.99878924253017	3.009704e+02
1430.99795362734608	3.009654e+02
1432.00026670837451	3.009603e+02
1432.99951741945915	3.009552e+02
1433.99880633259363	3.009500e+02
1434.99813322529735	3.009448e+02
1436.00060118761689	3.009396e+02
1437.00000441811471	3.009343e+02
1437.99944825605439	3.009290e+02
1438.99893273974135	3.009238e+02
1439.99845539545322	3.009185e+02
1440.99801166552561	3.009132e+02
1442.00069993741477	3.009080e+02
1443.00030417449284	3.009027e+02
1443.99992098048074	3.008975e+02
1444.99954376078949	3.008923e+02
1445.99916897508547	3.008872e+02
1446.99879542122426	3.008820e+02
1447.99842022787266	3.008769e+02
1448.99803658171481	3.008719e+02
1450.00074251822184	3.008669e+02
1451.00032547006595	3.008620e+02
1451.99989047009171	3.008571e+02
1452.99943915289964	3.008523e+02
1453.99897263919183	3.008475e+02
1454.99849251259775	3.008428e+02
1455.99799841150116	3.008382e+02
1457.00059184705924	3.008336e+02
1458.00006146936698	3.008291e+02
1458.99950821755465	3.008247e+02
1459.99892970872861	3.008204e+02
1460.99832273732682	3.008161e+02
1462.00078713971266	3.008118e+02
1463.00011302539178	3.008076e+02
1463.99940313452635	3.008035e+02
1464.99865863753894	3.007994e+02
1466.00098595879172	3.007954e+02
1467.00018237721974	3.007914e+02
1467.99935405881047	3.007874e+02
1468.99850226643298	3.007834e+02
1470.00072925667791	3.007795e+02
1470.99982757685984	3.007756e+02
1471.9988974616665	3.007717e+02
1472.99793641740439	3.007677e+02
1474.00004542403713	3.007638e+02
1474.99902393116145	3.007599e+02
1475.99798331380998	3.007559e+02
1477.00003275532003	3.007520e+02
1477.99896764514278	3.007480e+02
1479.00098971328089	3.007440e+02
1479.99989016698669	3.007400e+02
1480.9987717291865	3.007359e+02
1482.00074561971337	3.007318e+02
1482.99962385314484	3.007276e+02
1483.99852982484094	3.007234e+02
1485.00058344117451	3.007191e+02
1485.99959041304328	3.007148e+02
1486.99865669960923	3.007105e+02
1488.00088243404866	3.007062e+02
1489.00005568623578	3.007018e+02
1489.99927060181244	3.006973e+02
1490.99852111164478	3.006927e+02
1492.00090713276791	3.006880e+02
1493.00022362862455	3.006833e+02
1493.99958070080538	3.006784e+02
1494.99898601783889	3.006734e+02
1495.99844407874298	3.006683e+02
1496.99795267212198	3.006632e+02
1498.00061017970302	3.006580e+02
1499.00020024652781	3.006528e+02
1499.99982124123744	3.006475e+02
1500.9994711555787	3.006422e+02
1501.99915476841147	3.006369e+02
1502.99888210405743	3.006315e+02
1503.99866218352054	3.006260e+02
1504.99850046269671	3.006206e+02
1505.99839741814117	3.006152e+02
1506.99834498102905	3.006098e+02
1507.99832982226803	3.006044e+02
1508.99834377057755	3.005989e+02
1509.9983812867863	3.005935e+02
1510.99843940311575	3.005880e+02
1511.99851754542328	3.005825e+02
1512.99862037456728	3.005770e+02
1513.99875680543801	3.005715e+02
1514.99893992752845	3.005661e+02
1515.99916719891712	3.005606e+02
1516.99943167005972	3.005553e+02
1517.99971705804433	3.005499e+02
1519.00000507093364	3.005446e+02
1520.00028064636444	3.005393e+02
1521.00054344655064	3.005341e+02
1522.00080604227378	3.005290e+02
1522.99797203784647	3.005240e+02
1523.9982617297137	3.005191e+02
1524.99857104828561	3.005144e+02
1525.99889287421797	3.005098e+02
1526.99920744121346	3.005053e+02
1527.99949332756796	3.005008e+02
1528.99972890828735	3.004964e+02
1529.99989843304297	3.004919e+02
1530.99999660623575	3.004875e+02
1532.00002834752672	3.004830e+02
1533.0000056497388	3.004786e+02
1533.99994379792724	3.004742e+02
1534.99985489382766	3.004699e+02
1535.99974107227354	3.004657e+02
1536.99959318218407	3.004615e+02
1537.9993945457486	3.004573e+02
1538.99912737611771	3.004531e+02
1539.99878050831308	3.004489e+02
1540.99835962920133	3.004446e+02
1542.0009963747616	3.004403e+02
1543.00051612376092	3.004360e+02
1544.00004650489836	3.004317e+02
1544.99959031082108	3.004275e+02
1545.99913767881571	3.004233e+02
1546.99866683407481	3.004192e+02
1547.99815230633658	3.004151e+02
1549.00068285709017	3.004108e+02
1550.00005989398483	3.004065e+02
1550.99940805667757	3.004020e+02
1551.99875115231362	3.003975e+02
1552.99810340256977	3.003929e+02
1554.00057779378039	3.003883e+02
1554.99996085500288	3.003839e+02
1555.99934013623056	3.003794e+02
1556.99870004641639	3.003747e+02
1557.99802508664197	3.003699e+02
1559.00040351372286	3.003650e+02
1559.99962961638175	3.003599e+02
1560.99883185458475	3.003547e+02
1561.99804665354827	3.003495e+02
1563.00040512244777	3.003443e+02
1563.99971697969067	3.003391e+02
1564.99910425874737	3.003339e+02
1565.99856707239883	3.003289e+02
1566.99807599091628	3.003240e+02
1568.00070774537676	3.003191e+02
1569.00026169563853	3.003141e+02
1569.99985397141518	3.003090e+02
1570.99947455884217	3.003040e+02
1571.99913249478072	3.002989e+02
1572.99887431463685	3.002938e+02
1573.99872674321773	3.002888e+02
1574.99867493132228	3.002839e+02
1575.99869628956208	3.002789e+02
1576.99876896870296	3.002740e+02
1577.99887053899829	3.002690e+02
1578.99898700611743	3.002638e+02
1579.99911920877094	3.002585e+02
1580.99929604950307	3.002531e+02
1581.99954333203823	3.002476e+02
1582.99986456861598	3.002420e+02
1584.00026526690181	3.002365e+02
1585.00074982126171	3.002309e+02
1585.99819811651037	3.002253e+02
1586.99880664137254	3.002196e+02
1587.99945226420368	3.002139e+02
1589.0001050525093	3.002080e+02
1590.0007417046229	3.002021e+02
1590.99824813146188	3.001962e+02
1591.99884023885124	3.001903e+02
1592.99942972519125	3.001845e+02
1594.00002958172672	3.001789e+02
1595.00064829070243	3.001735e+02
1595.99818229142693	3.001682e+02
1596.99883056767135	3.001630e+02
1597.99946764110496	3.001580e+02
1599.00008495377551	3.001530e+02
1600.00067270199793	3.001481e+02
1600.99811693056563	3.001433e+02
1601.99863573761127	3.001384e+02
1602.99912012433379	3.001337e+02
1603.99955882001245	3.001290e+02
1604.99994378683573	3.001243e+02
1606.00026089057701	3.001197e+02
1607.00048996083433	3.001150e+02
1608.00061823184706	3.001104e+02
1609.00063726449798	3.001057e+02
1610.0005459719514	3.001008e+02
1611.00035693762493	3.000958e+02
1612.00008533486721	3.000908e+02
1612.99974030925409	3.000857e+02
1613.99933008162088	3.000806e+02
1614.99885544376457	3.000756e+02
1615.99829926410507	3.000707e+02
1617.00074608381328	3.000659e+02
1617.99999151333782	3.000611e+02
1618.99916022374327	3.000564e+02
1619.99827274183122	3.000517e+02
1621.00046467299944	3.000470e+02
1621.99955921158471	3.000424e+02
1622.99868939079943	3.000379e+02
1624.00096420526552	3.000334e+02
1625.0001752008875	3.000288e+02
1625.99941093398934	3.000240e+02
1626.99864202277604	3.000191e+02
1628.00095094900098	3.000141e+02
1629.00012708075269	3.000089e+02
1629.99926862994425	3.000035e+02
1630.99839600341625	2.999981e+02
1632.00064545422356	2.999926e+02
1632.999830789101	2.999874e+02
1633.99906500187512	2.999823e+02
1634.99834936202728	2.999773e+02
1636.00077795229117	2.999724e+02
1637.00013341642921	2.999675e+02
1637.99951203272235	2.999627e+02
1638.99891425364126	2.999578e+02
1639.99835136539605	2.999530e+02
1641.00094891576464	2.999482e+02
1642.00052419316467	2.999434e+02
1643.00020450171905	2.999388e+02
1643.99999952621715	2.999343e+02
1644.99990031811558	2.999298e+02
1645.9998853409802	2.999253e+02
1646.99992774030056	2.999208e+02
1648.00000741580061	2.999161e+02
1649.00012525584066	2.999112e+02
1650.0003044318978	2.999060e+02
1651.00057667982696	2.999007e+02
1652.00097306798943	2.998953e+02
1652.9984012384748	2.998897e+02
1653.99906609368327	2.998842e+02
1654.9998186113578	2.998785e+02
1656.00059973348289	2.998728e+02
1656.99825718648094	2.998670e+02
1657.99898360932161	2.998608e+02
1658.99966849767975	2.998545e+02
1660.00032889122303	2.998480e+02
1661.00098436380154	2.998415e+02
1661.99854619226448	2.998350e+02
1662.99925115638712	2.998288e+02
1664.00001017106456	2.998227e+02
1665.00081724871029	2.998168e+02
1665.99854239466185	2.998110e+02
1666.99936593392567	2.998053e+02
1668.00013978533343	2.997998e+02
1669.00085085916248	2.997943e+02
1669.99840096049707	2.997889e+02
1670.99901862720822	2.997834e+02
1671.9996011514902	2.997780e+02
1673.00014282323718	2.997727e+02
1674.00062690990535	2.997674e+02
1674.99793006669779	2.997622e+02
1675.99825913159702	2.997570e+02
1676.9985159332075	2.997517e+02
1677.99873305586266	2.997463e+02
1678.99894984492721	2.997408e+02
1679.9991844537949	2.997353e+02
1680.99942100389649	2.997298e+02
1681.99961178412059	2.997241e+02
1682.99969481212179	2.997184e+02
1683.99961417643317	2.997125e+02
1684.99933732720092	2.997065e+02
1685.99886835550888	2.997003e+02
1686.99826333853071	2.996941e+02
1688.00070195106059	2.996879e+02
1689.00002689868484	2.996819e+02
1689.99935696480293	2.996761e+02
1690.99869182296447	2.996705e+02
1691.99802643554904	2.996651e+02
1693.00044817745015	2.996598e+02
1693.9997459726842	2.996544e+02
1694.99903910307034	2.996489e+02
1695.99833840348583	2.996432e+02
1697.00075316265634	2.996375e+02
1698.00007672925381	2.996318e+02
1698.99939518658698	2.996261e+02
1699.99868049662655	2.996204e+02
1700.99791381765954	2.996146e+02
1702.00018950024923	2.996087e+02
1702.99931216928599	2.996028e+02
1703.99841821405221	2.995967e+02
1705.00066237152009	2.995906e+02
1705.99989378959776	2.995846e+02
1706.99925281337846	2.995788e+02
1707.99875871085374	2.995733e+02
1708.9984074327424	2.995681e+02
1709.99817324317451	2.995631e+02
1710.99800487291645	2.995583e+02
1712.00095314679879	2.995535e+02
1713.00077544386886	2.995488e+02
1714.00057550727479	2.995440e+02
1715.00038130945882	2.995392e+02
1716.00023802081137	2.995344e+02
1717.00019297839776	2.995296e+02
1718.00027819476122	2.995249e+02
1719.00050654086658	2.995202e+02
1720.00087646197721	2.995154e+02
1720.99825701122109	2.995105e+02
1721.99882484980481	2.995053e+02
1722.99944642589753	2.994999e+02
1724.00010876766851	2.994942e+02
1725.0007972407634	2.994884e+02
1725.99838250384119	2.994825e+02
1726.99907796378784	2.994766e+02
1727.99979450504793	2.994706e+02
1729.00054098330065	2.994646e+02
1729.99817993578563	2.994585e+02
1730.9988351227255	2.994523e+02
1731.99930843447328	2.994459e+02
1732.99960140813437	2.994395e+02
1733.99981711714031	2.994329e+02
1735.00010576322961	2.994261e+02
1736.00061319661063	2.994196e+02
1736.99831962602411	2.994135e+02
1737.99942471794657	2.994081e+02
1739.00069142894085	2.994030e+02
1739.99879142569853	2.993980e+02
1740.99972082434397	2.993927e+02
1742.0002595753615	2.993871e+02
1743.00042499239476	2.993814e+02
1744.00033711463016	2.993748e+02
1745.00020420483202	2.993681e+02
1746.00020305081262	2.993620e+02
1747.00044924191297	2.993553e+02
1748.00098229104992	2.993492e+02
1748.99862559907751	2.993434e+02
1749.99937443698445	2.993375e+02
1750.99993341300956	2.993312e+02
1752.00020452842364	2.993244e+02
1753.00018539774965	2.993171e+02
1753.99995722605786	2.993096e+02
1754.99965172305224	2.993024e+02
1755.99937420901142	2.992957e+02
1756.99918398843283	2.992894e+02
1757.99905727546616	2.992835e+02
1758.99890197778745	2.992777e+02
1759.99861603758336	2.992717e+02
1760.99815084045258	2.992651e+02
1762.00064772574046	2.992581e+02
1763.00000454708311	2.992507e+02
1763.99944313344577	2.992432e+02
1764.99905837673236	2.992359e+02
1765.99888355959615	2.992290e+02
1766.99884729628457	2.992226e+02
1767.99883162080027	2.992166e+02
1768.99871689796737	2.992105e+02
1769.99837543997342	2.992041e+02
1771.00083206083377	2.991970e+02
1771.99993232871066	2.991895e+02
1772.99891571185594	2.991817e+02
1773.9979439962824	2.991739e+02
1775.00028853091226	2.991665e+02
1775.99985701588776	2.991597e+02
1776.9997644951352	2.991534e+02
1777.99990352173882	2.991475e+02
1779.00007262439976	2.991418e+02
1780.00005311805398	2.991358e+02
1780.99972359915159	2.991293e+02
1781.99911606461114	2.991225e+02
1782.99838244358966	2.991154e+02
1784.000824727397	2.991086e+02
1785.00041188977411	2.991025e+02
1786.00031015063769	2.990973e+02
1787.00047433238024	2.990929e+02
1788.00079576195844	2.990888e+02
1788.99804110645005	2.990848e+02
1789.99833056785428	2.990801e+02
1790.99854521824045	2.990748e+02
1791.99875201646159	2.990690e+02
1792.99905301074273	2.990631e+02
1793.99956153303106	2.990573e+02
1795.00037569769552	2.990520e+02
1795.99842001382149	2.990472e+02
1796.99984002621409	2.990427e+02
1797.99821822073977	2.990383e+02
1798.99947944337873	2.990336e+02
1800.00027864572485	2.990281e+02
1801.00056012321079	2.990222e+02
1802.00048960482559	2.990155e+02
1803.00033879808689	2.990081e+02
1804.00034899565208	2.990007e+02
1805.00070417638608	2.989934e+02
1805.99834349052003	2.989870e+02
1806.99936069278101	2.989813e+02
1808.0004092353056	2.989758e+02
1808.99812186720555	2.989702e+02
1809.99854570925777	2.989639e+02
1810.99856121576249	2.989576e+02
1811.99830226419863	2.989508e+02
1812.99798186818407	2.989442e+02
1814.00089884028694	2.989373e+02
1815.00095200638179	2.989308e+02
1815.99812846920872	2.989249e+02
1816.9985271850544	2.989192e+02
1817.99889735535976	2.989134e+02
1818.99913309599242	2.989074e+02
1819.99921614260279	2.989008e+02
1820.99922274400001	2.988939e+02
1821.9992828819145	2.988869e+02
1822.9994983329093	2.988800e+02
1823.99987717613885	2.988735e+02
1825.00031684566693	2.988673e+02
1826.00063631033709	2.988610e+02
1827.00065115859502	2.988544e+02
1828.0002588480736	2.988475e+02
1828.999521290345	2.988402e+02
1829.9986634692209	2.988323e+02
1830.99798581434948	2.988246e+02
1832.00082425095457	2.988166e+02
1832.99794337922572	2.988093e+02
1833.99852546420016	2.988025e+02
1834.99916815684355	2.987960e+02
1835.99950287222032	2.987893e+02
1836.99926197810851	2.987819e+02
1837.99845557101821	2.987741e+02
1839.0004610645974	2.987649e+02
1839.99946844884767	2.987560e+02
1840.99889490637406	2.987474e+02
1841.99882978537903	2.987393e+02
1842.99915568361689	2.987321e+02
1843.99962394086606	2.987255e+02
1844.9999339175306	2.987187e+02
1845.99984691075065	2.987114e+02
1846.99937196937162	2.987037e+02
1847.99875222213336	2.986955e+02
1848.9983355002023	2.986873e+02
1849.99841663746088	2.986790e+02
1850.99907064851641	2.986720e+02
1852.00023379756112	2.986662e+02
1852.99850626381544	2.986610e+02
1853.99957871549464	2.986559e+02
1855.00004137674819	2.986497e+02
1855.99993206196245	2.986428e+02
1856.99962127416029	2.986356e+02
1857.99947772035603	2.986284e+02
1858.99983540032395	2.986222e+02
1860.00087601343103	2.986174e+02
1860.99940074094002	2.986143e+02
1861.99821972287737	2.986118e+02
1862.99985620170742	2.986090e+02
1864.00073654599191	2.986050e+02
1865.00079823534224	2.986001e+02
1866.00023590001365	2.985943e+02
1866.99936799980014	2.985874e+02
1867.99851343587943	2.985796e+02
1869.0009532396025	2.985717e+02
1870.00041894692572	2.985647e+02
1870.99976274147139	2.985584e+02
1871.9987072297788	2.985523e+02
1873.00016324044873	2.985461e+02
1874.00096078780825	2.985395e+02
1874.99814290175391	2.985326e+02
1875.99817497179083	2.985255e+02
1876.99826133029728	2.985187e+02
1877.99858335500471	2.985126e+02
1878.99911000948509	2.985077e+02
1879.99959120604399	2.985036e+02
1880.99966701720768	2.984997e+02
1881.99906092747733	2.984956e+02
1883.00082289671991	2.984911e+02
1883.99895188739174	2.984855e+02
1884.99999827907118	2.984800e+02
1885.9982135368839	2.984754e+02
1887.00003193897987	2.984718e+02
1887.99923803263118	2.984698e+02
1888.9986619013298	2.984684e+02
1890.0009782374259	2.984669e+02
1890.9996120218068	2.984646e+02
1892.00060902208838	2.984609e+02
1892.99796475072867	2.984558e+02
1893.99834801076008	2.984503e+02
1894.99921205038618	2.984457e+02
1896.00078212942276	2.984427e+02
1896.99985531762559	2.984411e+02
1897.99922337217936	2.984405e+02
1898.998514202754	2.984398e+02
1900.00049934267236	2.984382e+02
1900.99893317374926	2.984351e+02
1902.00019646337023	2.984304e+02
1902.99848172231191	2.984251e+02
1904.00035835896188	2.984209e+02
1904.99983568619928	2.984185e+02
1905.99992277003275	2.984178e+02
1907.00032134021694	2.984184e+02
1908.0008322899414	2.984189e+02
1909.00093160232086	2.984185e+02
1910.00030599308934	2.984168e+02
1910.99915416881481	2.984132e+02
1912.00096180215701	2.984085e+02
1912.99985416341951	2.984042e+02
1913.99916159502141	2.984017e+02
1915.00183493017198	2.984008e+02
1915.99884508729065	2.984017e+02
1916.99943377915861	2.984033e+02
1918.00014863020897	2.984043e+02
1919.00056764200008	2.984039e+02
1920.00045193746428	2.984017e+02
1920.999817220767	2.983976e+02
1921.99885407788929	2.983926e+02
1923.00093528869252	2.983882e+02
1924.00015154858534	2.983856e+02
1924.9996942356795	2.983846e+02
1925.99951501246892	2.983853e+02
1926.9994556337756	2.983864e+02
1927.99924453677409	2.983866e+02
1929.00169876828068	2.983854e+02
1930.00053873376396	2.983827e+02
1930.99901672645274	2.983789e+02
1932.00052548632129	2.983750e+02
1932.99922801006664	2.983724e+02
1934.0015359973911	2.983713e+02
1935.00131940371921	2.983714e+02
1936.00158843669146	2.983723e+02
1936.99896437524126	2.983729e+02
1937.99915532118575	2.983722e+02
1939.00169088058715	2.983698e+02
1940.00026699132422	2.983658e+02
1941.00131005967296	2.983608e+02
1941.99907159494342	2.983562e+02
1943.00016854220166	2.983530e+02
1943.99876931042331	2.983518e+02
1945.0013154265514	2.983520e+02
1946.00145902451573	2.983531e+02
1947.00184707857534	2.983541e+02
1947.99894027443679	2.983537e+02
1949.00159173641941	2.983515e+02
1950.0005148195396	2.983479e+02
1950.99915708621666	2.983438e+02
1952.00121105374001	2.983398e+02
1953.00099918931824	2.983369e+02
1954.00175856958867	2.983349e+02
1955.00025833826953	2.983333e+02
1955.99891357040747	2.983313e+02
1956.99998347217434	2.983279e+02
1957.99995687250339	2.983224e+02
1958.99898139444576	2.983152e+02
1960.00060367275319	2.983078e+02
1960.99908875227379	2.983016e+02
1962.00098840628698	2.982974e+02
1963.00035636391385	2.982954e+02
1964.00013511165548	2.982954e+02
1964.99958884015041	2.982960e+02
1966.00117777936748	2.982967e+02
1967.00166040344834	2.982967e+02
1968.00103332507774	2.982952e+02
1968.99926208336751	2.982927e+02
1969.99984270938785	2.982898e+02
1971.00066921584312	2.982871e+02
1972.00156233056987	2.982852e+02
1973.00163917092277	2.982837e+02
1974.00116417228719	2.982824e+02
1975.00054692965341	2.982816e+02
1976.00169083237279	2.982815e+02
1977.00122177684921	2.982826e+02
1978.00073247297109	2.982854e+02
1979.00099174790853	2.982903e+02
1980.00060676208864	2.982971e+02
1980.9999655791205	2.983051e+02
1982.00038738718672	2.983133e+02
1982.99987281407948	2.983220e+02
1984.00023924400102	2.983307e+02
1985.00078188989801	2.983401e+02
1986.00130190178152	2.983502e+02
1987.00082094559184	2.983616e+02
1988.00124635556813	2.983747e+02
1989.00020087422172	2.983887e+02
1989.999123837252	2.984028e+02
1991.00087133326883	2.984170e+02
1991.99942744573468	2.984308e+02
1992.99978404438912	2.984431e+02
1993.99925602162261	2.984542e+02
1994.999169630285	2.984653e+02
1995.99991512042811	2.984771e+02
1997.00115585923368	2.984902e+02
1997.99970297082518	2.985046e+02
1999.00140827003497	2.985196e+02
1999.99864306339714	2.985345e+02
2001.00049341427098	2.985482e+02
2001.99871974126404	2.985606e+02
2002.99998310215051	2.985728e+02
2003.99892672382498	2.985859e+02
2004.99910086211912	2.986007e+02
2005.99975132704435	2.986174e+02
2006.99968559747913	2.986354e+02
2007.99838059500075	2.986539e+02
2008.99946407483458	2.986715e+02
2010.00017958868057	2.986878e+02
2010.99811436887239	2.987036e+02
2012.00009799786471	2.987199e+02
2013.00007377642805	2.987372e+02
2014.00024334006048	2.987558e+02
2014.99984687250253	2.987757e+02
2015.99872423445186	2.987955e+02
2017.00039146966742	2.988140e+02
2017.99944762206155	2.988308e+02
2018.99902973931535	2.988466e+02
2019.99926510331693	2.988629e+02
2021.00041439558163	2.988805e+02
2021.99893569980145	2.988996e+02
2023.00014567225253	2.989197e+02
2023.99799465514093	2.989392e+02
2024.99925690021951	2.989584e+02
2025.9981258396333	2.989764e+02
2026.99802969827783	2.989945e+02
2027.99863002482357	2.990135e+02
2028.99912882977151	2.990332e+02
2029.99940003971801	2.990532e+02
2030.99961806678425	2.990727e+02
2031.99984647913698	2.990914e+02
2033.00038005481906	2.991096e+02
2033.99871361746636	2.991278e+02
2035.0005466491109	2.991462e+02
2035.99886036417092	2.991643e+02
2036.99988564581076	2.991816e+02
2037.9982610211141	2.991980e+02
2039.00006026532355	2.992141e+02
2039.99878396542613	2.992307e+02
2040.99772480244224	2.992483e+02
2042.00012038723753	2.992663e+02
2042.99966677357202	2.992837e+02
2043.99909102798074	2.993009e+02
2044.99866566660921	2.993184e+02
2045.99868470683373	2.993361e+02
2046.99904399035381	2.993541e+02
2047.99968019166795	2.993724e+02
2049.00057878516054	2.993908e+02
2049.9985104174707	2.994090e+02
2050.99974557565474	2.994274e+02
2051.99827445028086	2.994459e+02
2053.00040170725606	2.994652e+02
2053.99975117620988	2.994850e+02
2054.99917963931011	2.995047e+02
2055.99906816382008	2.995240e+02
2057.00010239177618	2.995430e+02
2057.99957034940689	2.995626e+02
2059.00033855696984	2.995830e+02
2059.99877427408364	2.996038e+02
2061.00068028990472	2.996246e+02
2061.99967126352203	2.996454e+02
2062.9986247787715	2.996659e+02
2064.0005915181905	2.996867e+02
2064.99889326900075	2.997081e+02
2065.99960981869208	2.997305e+02
2066.99975605732197	2.997545e+02
2067.99950374386253	2.997803e+02
2068.99903816909227	2.998064e+02
2069.99854899783304	2.998302e+02
2070.99835310048456	2.998493e+02
2071.99848359109592	2.998633e+02
2072.99844596715275	2.998733e+02
2073.99778702077265	2.998821e+02
2074.99967222318037	2.998936e+02
2075.99810136242013	2.999111e+02
2076.99934962724456	2.999351e+02
2078.00007264182295	2.999612e+02
2078.9997303476639	2.999846e+02
2079.99798609703339	3.000056e+02
2080.99795342414836	3.000295e+02
2081.99986423388145	3.000609e+02
2082.99768968741637	3.000983e+02
2083.99737290915937	3.001360e+02
2084.99894619512907	3.001681e+02
2085.99976832878156	3.001939e+02
2087.00031337056316	3.002180e+02
2087.99766901176326	3.002436e+02
2088.99789846065732	3.002698e+02
2089.99794567799563	3.002925e+02
2090.99800346861957	3.003088e+02
2091.99812405934608	3.003199e+02
2092.99840201409143	3.003300e+02
2093.99876380594333	3.003450e+02
2094.99869089617778	3.003669e+02
2095.9978550317137	3.003933e+02
2096.9991733022307	3.004205e+02
2097.99977647816695	3.004478e+02
2098.99987393665151	3.004772e+02
2099.99979300803352	3.005104e+02
2101.00010186090003	3.005466e+02
2101.99846402574758	3.005815e+02
2102.99866839115339	3.006104e+02
2103.99813623537784	3.006315e+02
2104.99996692578725	3.006474e+02
2105.99816976857392	3.006626e+02
2106.99866919346414	3.006792e+02
2107.99782810185116	3.006962e+02
2108.9981657680155	3.007126e+02
2109.99908141417063	3.007283e+02
2111.00014270524571	3.007450e+02
2111.99784360021431	3.007660e+02
2112.9980692155591	3.007933e+02
2113.99772421590706	3.008262e+02
2115.00025172177084	3.008614e+02
2115.99995989037507	3.008960e+02
2116.99743479911331	3.009287e+02
2117.99936725192401	3.009597e+02
2118.99971794856356	3.009896e+02
2119.99836479931173	3.010182e+02
2120.99811993371668	3.010442e+02
2121.99882706652033	3.010675e+02
2122.9973407326479	3.010891e+02
2123.9997887224763	3.011100e+02
2124.99981503044955	3.011307e+02
2125.99746819986694	3.011512e+02
2126.99908667016416	3.011713e+02
2127.9985176557293	3.011900e+02
2128.99886088528137	3.012072e+02
2129.9999912036451	3.012224e+02
2130.99865504492345	3.012351e+02
2131.99786809570242	3.012446e+02
2132.99751634167706	3.012506e+02
2133.99753946215287	3.012531e+02
2134.99786540615605	3.012523e+02
2135.99851037891131	3.012484e+02
2136.9995630294261	3.012417e+02
2137.99793694486607	3.012329e+02
2138.99984749607711	3.012222e+02
2139.99877445712855	3.012105e+02
2140.99753084719578	3.011983e+02
2141.99917903327423	3.011851e+02
2142.99749645313159	3.011711e+02
2143.99886796876945	3.011570e+02
2144.99993714993252	3.011438e+02
2145.99733484778471	3.011327e+02
2147.00039487450886	3.011237e+02
2147.99976503022026	3.011162e+02
2148.99875176522892	3.011114e+02
2149.99746583337583	3.011100e+02
2150.99907529154007	3.011105e+02
2152.00030219342352	3.011116e+02
2152.99785677024329	3.011138e+02
2153.99733257606476	3.011177e+02
2154.99748501575414	3.011228e+02
2156.000377352143	3.011270e+02
2156.99863758590345	3.011294e+02
2157.99919717638477	3.011300e+02
2158.99807518371426	3.011278e+02
2159.9998077229543	3.011228e+02
2161.00031085701812	3.011156e+02
2162.00036355467819	3.011064e+02
2162.99924782493918	3.010968e+02
2163.99943658260054	3.010886e+02
2165.00044714256319	3.010827e+02
2165.99874920609682	3.010790e+02
2167.00033799808352	3.010776e+02
2167.99877640363593	3.010784e+02
2169.00023517328327	3.010808e+02
2169.99850800146805	3.010843e+02
2170.99994296293926	3.010886e+02
2171.99863989052164	3.010930e+02
2172.99750202157702	3.010969e+02
2173.9992223670597	3.011004e+02
2174.99740299741461	3.011040e+02
2175.99833749423806	3.011075e+02
2176.99911416738041	3.011101e+02
2177.99978870693667	3.011111e+02
2179.00033647576856	3.011106e+02
2179.9976957639301	3.011086e+02
2180.99803515688518	3.011049e+02
2181.99820458052909	3.010991e+02
2182.99845473769528	3.010920e+02
2183.99895209592114	3.010850e+02
2184.99950017484889	3.010790e+02
2186.00019397418373	3.010748e+02
2186.99787029970958	3.010723e+02
2187.99826391316947	3.010716e+02
2188.99771439201459	3.010729e+02
2189.99907864252827	3.010753e+02
2190.99935342400659	3.010780e+02
2191.99883265925837	3.010803e+02
2192.99795951929855	3.010818e+02
2193.99983017743807	3.010817e+02
2194.99780033080879	3.010796e+02
2195.99755666840838	3.010757e+02
2196.99925646415886	3.010703e+02
2197.99984148038402	3.010635e+02
2198.99928127135126	3.010553e+02
2199.99808676481643	3.010474e+02
2200.99998098248716	3.010400e+02
2201.99918517415335	3.010333e+02
2202.99908315789162	3.010282e+02
2203.9995327011743	3.010252e+02
2205.00010956640926	3.010245e+02
2205.9974725342804	3.010259e+02
2206.9976090697246	3.010291e+02
2208.0003674833938	3.010335e+02
2208.99940244910567	3.010386e+02
2209.99771086723058	3.010441e+02
2210.9985298354004	3.010494e+02
2211.99910742249858	3.010543e+02
2212.99971696180592	3.010581e+02
2213.99752000513672	3.010609e+02
2214.99894471088874	3.010628e+02
2215.9981775852375	3.010642e+02
2216.99840338094509	3.010653e+02
2217.99954605298126	3.010667e+02
2218.99848923973559	3.010685e+02
2219.99827675633151	3.010708e+02
2220.99872301500773	3.010736e+02
2221.99962852024055	3.010770e+02
2222.99777183598962	3.010812e+02
2223.99902753071365	3.010864e+02
2224.99982873955014	3.010930e+02
2225.9998707552727	3.011013e+02
2226.99913600122863	3.011114e+02
2227.99759010323805	3.011227e+02
2228.99846232958998	3.011340e+02
2229.99897909293577	3.011447e+02
2230.9996306599669	3.011539e+02
2232.00039433140728	3.011614e+02
2232.99787400434116	3.011676e+02
2233.99871370510118	3.011725e+02
2234.9999537612639	3.011764e+02
2235.99848415860879	3.011795e+02
2236.9976012285706	3.011825e+02
2237.9974617870439	3.011855e+02
2238.99784214628562	3.011889e+02
2239.99891322069834	3.011936e+02
2240.99789000996088	3.011998e+02
2242.00030983782108	3.012077e+02
2242.99914185837042	3.012171e+02
2243.99743710862595	3.012278e+02
2244.9984691276054	3.012397e+02
2245.9992081517712	3.012511e+02
2246.99974073588555	3.012609e+02
2248.00018196718929	3.012686e+02
2248.99762751118942	3.012741e+02
2249.99801405747576	3.012781e+02
2250.99809761508232	3.012812e+02
2251.99820086085674	3.012836e+02
2252.99882295924635	3.012853e+02
2254.00006169661992	3.012864e+02
2254.99875315346162	3.012878e+02
2255.99810970797625	3.012902e+02
2256.99824355901546	3.012942e+02
2257.99905473568333	3.013004e+02
2259.00019969251434	3.013092e+02
2259.9981875817798	3.013204e+02
2260.99919128155943	3.013333e+02
2262.00032459015301	3.013473e+02
2262.99873406835104	3.013604e+02
2264.0002081860398	3.013715e+02
2264.99863667349973	3.013790e+02
2266.00027632655883	3.013831e+02
2266.9985431275627	3.013845e+02
2267.99951118267973	3.013840e+02
2269.00016699129947	3.013823e+02
2269.99758185133123	3.013800e+02
2270.99786821735279	3.013777e+02
2271.99790892851388	3.013760e+02
2272.99816742215307	3.013755e+02
2273.99930044262283	3.013775e+02
2274.99835017376199	3.013831e+02
2275.99842348579068	3.013927e+02
2276.99740792660987	3.014064e+02
2277.99822741756543	3.014233e+02
2278.99984385249445	3.014411e+02
2279.99807266022026	3.014568e+02
2280.99875640573237	3.014692e+02
2281.99830753409651	3.014769e+02
2282.99894213778862	3.014795e+02
2283.99766376034813	3.014783e+02
2284.998243751882	3.014746e+02
2285.9982282519054	3.014695e+02
2286.99869785351211	3.014640e+02
2288.00041530655244	3.014586e+02
2288.99951252740084	3.014543e+02
2289.99786921335908	3.014526e+02
2290.99812690473073	3.014551e+02
2291.9977693247115	3.014630e+02
2292.99805242413095	3.014766e+02
2293.99830070155258	3.014944e+02
2294.9988735932684	3.015157e+02
2295.99737680840144	3.015373e+02
2296.997362918004	3.015556e+02
2297.99835026838127	3.015679e+02
2298.99810139530109	3.015727e+02
2299.99896535442485	3.015708e+02
2301.00015453566448	3.015642e+02
2301.99949696415069	3.015553e+02
2302.99774808424536	3.015458e+02
2303.99907972232177	3.015366e+02
2304.99849876808003	3.015282e+02
2305.99941864096763	3.015212e+02
2306.99814169517276	3.015173e+02
2307.99912113494747	3.015185e+02
2308.99866296727805	3.015263e+02
2309.99740859131316	3.015416e+02
2310.99987246703085	3.015632e+02
2311.99820423129177	3.015879e+02
2312.99859138255442	3.016123e+02
2313.9994256144837	3.016329e+02
2314.99908323351883	3.016468e+02
2316.00008394815541	3.016527e+02
2316.99989285751553	3.016515e+02
2317.99884932061877	3.016440e+02
2319.00006736875866	3.016319e+02
2319.99787336056079	3.016182e+02
2320.99868770266175	3.016052e+02
2322.00010910638866	3.015937e+02
2323.00034540120851	3.015850e+02
2323.99997020282581	3.015797e+02
2324.99781788980272	3.015783e+02
2325.99819909263806	3.015812e+02
2327.00007667975842	3.015896e+02
2328.00027143664965	3.016034e+02
2328.99961233529211	3.016213e+02
2329.999652867431	3.016411e+02
2330.99835263534351	3.016596e+02
2331.99841108730061	3.016743e+02
2332.99840211696892	3.016832e+02
2333.99763965347938	3.016863e+02
2334.99957929431184	3.016841e+02
2335.99803029698614	3.016778e+02
2336.99890683774356	3.016685e+02
2337.99955209680638	3.016573e+02
2339.00034084638401	3.016460e+02
2339.99829559317095	3.016359e+02
2340.99967267216425	3.016276e+02
2341.99800723161434	3.016221e+02
2342.99890011629896	3.016210e+02
2343.99892908347601	3.016251e+02
2344.99827801677657	3.016341e+02
2345.997805155278	3.016469e+02
2346.99903193915088	3.016625e+02
2347.99961710966136	3.016797e+02
2348.99858992739382	3.016952e+02
2350.00041670362452	3.017069e+02
2350.99831128024289	3.017141e+02
2351.99882692585015	3.017169e+02
2352.9983404695754	3.017153e+02
2353.99964050988183	3.017102e+02
2355.00015843287702	3.017029e+02
2356.00035204070218	3.016944e+02
2356.99748193251799	3.016858e+02
2357.99790440889547	3.016776e+02
2358.99840253773255	3.016715e+02
2359.99880880956607	3.016687e+02
2360.99891648527046	3.016701e+02
2361.99861574990382	3.016766e+02
2362.99863355898651	3.016880e+02
2364.00024669444701	3.017030e+02
2364.99810022804013	3.017197e+02
2365.99763788779637	3.017368e+02
2367.00011005986244	3.017522e+02
2367.99796373717663	3.017633e+02
2369.00042317796442	3.017697e+02
2369.99883797816256	3.017717e+02
2370.99953219971803	3.017696e+02
2371.99945387799426	3.017645e+02
2372.99897667841287	3.017573e+02
2373.99849069003858	3.017498e+02
2374.99828936273707	3.017431e+02
2375.99834002907892	3.017377e+02
2376.9986668221236	3.017346e+02
2377.99903901132166	3.017352e+02
2378.99908183994557	3.017398e+02
2379.9985360598921	3.017487e+02
2380.99748482587938	3.017613e+02
2381.99960393491756	3.017767e+02
2382.9995179112866	3.017927e+02
2383.99737201020798	3.018070e+02
2384.9987046308911	3.018185e+02
2385.99952367580681	3.018259e+02
2386.99957175900454	3.018293e+02
2387.99895135302222	3.018293e+02
2388.99773264053056	3.018260e+02
2389.99934795109812	3.018203e+02
2390.99794611844391	3.018134e+02
2392.000071067514	3.018065e+02
2392.99986942474106	3.018007e+02
2393.99735909048286	3.017971e+02
2394.99861755764323	3.017962e+02
2396.00038049822797	3.017984e+02
2396.999280046271	3.018042e+02
2397.9980206531327	3.018134e+02
2398.99936990546212	3.018250e+02
2400.00009661273771	3.018375e+02
2401.00022862171454	3.018497e+02
2401.99975452106037	3.018605e+02
2402.99857882436754	3.018688e+02
2403.99987990839827	3.018745e+02
2404.99771436263154	3.018777e+02
2405.99850742203034	3.018786e+02
2406.99943760110773	3.018777e+02
2407.99773064108285	3.018756e+02
2408.99994245487642	3.018729e+02
2410.00033731595931	3.018703e+02
2410.99895595835778	3.018680e+02
2411.99883692786898	3.018669e+02
2412.99975301639915	3.018680e+02
2413.99843709958805	3.018712e+02
2414.99756668073724	3.018767e+02
2415.99978622502795	3.018840e+02
2416.99856364521656	3.018922e+02
2418.00001604584122	3.019000e+02
2418.99799271498659	3.019069e+02
2419.9987927418324	3.019127e+02
2420.99938329038832	3.019167e+02
2421.99982983369091	3.019195e+02
2423.00018911715779	3.019214e+02
2423.99751364332587	3.019225e+02
2424.9981777602884	3.019227e+02
2425.99912214524238	3.019229e+02
2427.00019506984881	3.019237e+02
2427.9981607959844	3.019252e+02
2428.99928472065631	3.019271e+02
2429.99736154411175	3.019295e+02
2430.99842009405165	3.019327e+02
2431.99921838544333	3.019366e+02
2432.99973280321046	3.019408e+02
2433.99988832222334	3.019446e+02
2434.99956375596548	3.019483e+02
2435.99865888192835	3.019516e+02
2437.0001885427655	3.019542e+02
2437.99804783782565	3.019563e+02
2438.99856199650139	3.019581e+02
2439.9987412791188	3.019594e+02
2440.99863100579387	3.019605e+02
2441.99828404650953	3.019616e+02
2442.99768514480547	3.019630e+02
2443.99988470843846	3.019648e+02
2444.9987306353064	3.019675e+02
2445.99742126215824	3.019708e+02
2446.99919619922366	3.019744e+02
2447.99800719339055	3.019780e+02
2449.00008267641579	3.019817e+02
2449.99927919990387	3.019852e+02
2450.99861444218186	3.019883e+02
2451.99791152140278	3.019908e+02
2453.00013688460331	3.019927e+02
2453.99914594800839	3.019942e+02
2454.9979210174979	3.019947e+02
2455.99960560640875	3.019952e+02
2456.99819897199541	3.019972e+02
2457.99999726007673	3.020003e+02
2458.99811008820507	3.020060e+02
2459.99801173524884	3.020149e+02
2460.9973812106341	3.020264e+02
2461.999602100218	3.020384e+02
2462.99849580337514	3.020502e+02
2463.99949130303048	3.020609e+02
2464.99894132724648	3.020697e+02
2465.99884914598897	3.020764e+02
2466.99910480596418	3.020809e+02
2467.99937686812382	3.020829e+02
2468.99798518704938	3.020820e+02
2469.99991054773227	3.020778e+02
2470.99856156170927	3.020702e+02
2472.00010733379759	3.020598e+02
2472.99822254590345	3.020472e+02
2473.99863329917798	3.020331e+02
2474.99815405534582	3.020189e+02
2476.00005594850836	3.020050e+02
2476.99817209166258	3.019917e+02
2477.99865629239775	3.019777e+02
2478.99836041636036	3.019634e+02
2480.00023966126992	3.019485e+02
2480.99803662861541	3.019335e+02
2482.00039712141552	3.019193e+02
2482.9982461498239	3.019073e+02
2483.99807190137017	3.018978e+02
2484.99958241501281	3.018908e+02
2486.00013007160533	3.018862e+02
2487.00024099135953	3.018841e+02
2487.9997162465761	3.018841e+02
2488.99883911418601	3.018859e+02
2489.99813519589907	3.018895e+02
2490.99772194033585	3.018947e+02
2491.99765629056583	3.019013e+02
2492.9980162916745	3.019095e+02
2493.99889117297562	3.019192e+02
2495.00034273794836	3.019302e+02
2495.99936673973116	3.019419e+02
2496.99905960229626	3.019544e+02
2497.9994557521095	3.019675e+02
2498.99753238008907	3.019808e+02
2499.99947729902715	3.019938e+02
2500.99919630359909	3.020063e+02
2501.99967339764999	3.020179e+02
2503.00079409065529	3.020290e+02
2503.99938634722639	3.020390e+02
2504.99840853773048	3.020480e+02
2506.00086927230268	3.020556e+02
2507.0005589385014	3.020626e+02
2508.0005466460957	3.020690e+02
2509.00073594086234	3.020753e+02
2509.99805346357516	3.020817e+02
2510.99871320600323	3.020881e+02
2511.99973411103974	3.020947e+02
2512.99809854275554	3.021017e+02
2513.99994797670161	3.021095e+02
2514.99907669717004	3.021184e+02
2515.9987003076576	3.021285e+02
2516.99887012493264	3.021388e+02
2517.99960778680634	3.021485e+02
2519.00092831216534	3.021577e+02
2519.99953051158673	3.021662e+02
2520.99836085585366	3.021739e+02
2522.00036118810021	3.021804e+02
2522.99945027961076	3.021856e+02
2523.99842825720361	3.021899e+02
2525.00015672435393	3.021937e+02
2525.99848770081462	3.021972e+02
2526.99958009738111	3.022009e+02
2528.00036314507406	3.022050e+02
2529.00074844603978	3.022097e+02
2530.00064158086252	3.022152e+02
2531.00023862287844	3.022216e+02
2531.99958838139719	3.022291e+02
2532.99853022830484	3.022374e+02
2534.00025830022696	3.022467e+02
2534.99884392441436	3.022564e+02
2536.00048399108164	3.022659e+02
2536.99905064259292	3.022752e+02
2538.0008637657611	3.022844e+02
2538.9998327799799	3.022936e+02
2539.99901032525668	3.023032e+02
2540.99851782799442	3.023126e+02
2541.99855123628504	3.023219e+02
2542.99904870387536	3.023307e+02
2543.99996914063968	3.023380e+02
2544.99832916726973	3.023444e+02
2546.00021546476637	3.023499e+02
2546.99931673698256	3.023554e+02
2547.99881992875771	3.023605e+02
2548.99862262136003	3.023648e+02
2549.99845127508843	3.023682e+02
2550.99844442773247	3.023706e+02
2551.998593112035	3.023721e+02
2552.99871533058831	3.023729e+02
2553.9989976212928	3.023732e+02
2554.99952693893238	3.023729e+02
2556.00016099880759	3.023721e+02
2557.00094128681849	3.023710e+02
2557.99895570057834	3.023697e+02
2559.00036794657717	3.023683e+02
2559.99876402940254	3.023668e+02
2561.00029048555871	3.023651e+02
2561.99881457109268	3.023627e+02
2563.00036329194745	3.023596e+02
2563.99864794126188	3.023558e+02
2564.99997951802061	3.023512e+02
2565.99806654894201	3.023461e+02
2566.99887539327392	3.023403e+02
2567.99932199801924	3.023340e+02
2568.99937951830952	3.023277e+02
2569.99888282642405	3.023218e+02
2571.00088605964902	3.023165e+02
2571.99913804690959	3.023116e+02
2572.9997520523807	3.023074e+02
2573.99973460387309	3.023035e+02
2574.9991399030705	3.023002e+02
2575.99794255559391	3.022976e+02
2576.99933542342978	3.022961e+02
2578.00034653739704	3.022954e+02
2578.99793964354012	3.022956e+02
2579.99837141146509	3.022966e+02
2580.99860515131604	3.022984e+02
2581.99865806965227	3.023009e+02
2582.99858803817642	3.023043e+02
2583.99854520136341	3.023087e+02
2584.99860877221636	3.023135e+02
2585.99886769613204	3.023181e+02
2586.99940052540296	3.023222e+02
2588.00032822619914	3.023256e+02
2588.99868937208157	3.023285e+02
2590.00067251721293	3.023314e+02
2591.00007771264291	3.023342e+02
2591.999961690899	3.023370e+02
2593.00030722982319	3.023397e+02
2593.9979344911676	3.023421e+02
2594.998875517329	3.023444e+02
2596.00005991303124	3.023464e+02
2596.99857683497385	3.023482e+02
2598.00040491428535	3.023497e+02
2598.99919503987849	3.023507e+02
2599.99832176697328	3.023512e+02
2601.00078869902381	3.023513e+02
2602.00021481696558	3.023510e+02
2602.99993773763299	3.023506e+02
2604.00000663840683	3.023500e+02
2605.00028319116655	3.023492e+02
2606.00091222106585	3.023481e+02
2606.9987735065306	3.023466e+02
2607.99980269569915	3.023445e+02
2609.00076333192055	3.023417e+02
2609.99855893318454	3.023385e+02
2610.99928448174023	3.023348e+02
2611.99980045247003	3.023311e+02
2613.00014886259714	3.023276e+02
2614.00032546469038	3.023242e+02
2615.00027960245825	3.023209e+02
2615.99994637583222	3.023181e+02
2616.99924406199898	3.023160e+02
2617.9980576806588	3.023143e+02
2618.99938925570723	3.023128e+02
2620.00006816725318	3.023118e+02
2621.00010709850994	3.023114e+02
2621.99965731460088	3.023116e+02
2622.99882609439192	3.023127e+02
2624.00065838655109	3.023146e+02
2624.99906433560773	3.023173e+02
2626.00040335024778	3.023207e+02
2626.99848679841398	3.023245e+02
2627.99942005976436	3.023291e+02
2629.00021244846221	3.023341e+02
2629.99786268051685	3.023394e+02
2630.99851703354034	3.023446e+02
2631.99915995577385	3.023496e+02
2632.99999060617347	3.023545e+02
2633.998094927073	3.023595e+02
2634.99962825516013	3.023642e+02
2635.99843288546663	3.023682e+02
2636.99773663496444	3.023719e+02
2637.99760571516163	3.023754e+02
2638.99778690327184	3.023789e+02
2639.99830057556437	3.023822e+02
2640.99930329624567	3.023852e+02
2642.00049370648321	3.023878e+02
2642.99877582441013	3.023903e+02
2643.99757536305378	3.023925e+02
2644.99979533819624	3.023944e+02
2645.99889300449559	3.023959e+02
2646.99833597070574	3.023972e+02
2647.99813330419329	3.023981e+02
2648.99797848054914	3.023990e+02
2649.99826243877351	3.023997e+02
2650.99910091956144	3.024003e+02
2652.00022928678391	3.024003e+02
2652.99867573842175	3.023998e+02
2653.9975287735524	3.023985e+02
2654.99961209333287	3.023966e+02
2655.99870525406504	3.023941e+02
2656.99799105220563	3.023913e+02
2658.00045412392728	3.023881e+02
2658.99983573578857	3.023848e+02
2659.99931554451723	3.023813e+02
2660.99878235005872	3.023777e+02
2661.99808774638359	3.023744e+02
2663.00026451472104	3.023713e+02
2663.99897693488856	3.023686e+02
2665.0002880089196	3.023664e+02
2665.99801132077073	3.023651e+02
2666.99837887208196	3.023644e+02
2667.99829893663491	3.023642e+02
2668.99783730216404	3.023644e+02
2670.00017353254998	3.023652e+02
2670.99913104654706	3.023665e+02
2671.99782579633984	3.023684e+02
2672.99942548677382	3.023709e+02
2673.99778609802115	3.023740e+02
2674.99909865687141	3.023776e+02
2676.00029638023307	3.023816e+02
2676.99830942368817	3.023856e+02
2677.99935028333084	3.023901e+02
2679.0003654772695	3.023943e+02
2679.99830579483614	3.023984e+02
2680.99939321280681	3.024015e+02
2682.00055523101764	3.024043e+02
2682.99869837807182	3.024067e+02
2684.00004568391796	3.024091e+02
2684.99851993432549	3.024117e+02
2686.00031583854297	3.024144e+02
2686.99921593488534	3.024174e+02
2687.99831397159369	3.024203e+02
2688.99762290014041	3.024232e+02
2690.00027590692935	3.024260e+02
2690.99999547597145	3.024289e+02
2691.99977746517061	3.024320e+02
2692.99981644030277	3.024352e+02
2694.00017155536761	3.024382e+02
2694.99772649186116	3.024415e+02
2695.99885377340388	3.024443e+02
2697.00046887395001	3.024464e+02
2697.9993934163017	3.024477e+02
2698.99876738618514	3.024485e+02
2699.99865489591184	3.024486e+02
2700.9990826995313	3.024478e+02
2702.0000149007069	3.024461e+02
2702.99836930913671	3.024436e+02
2704.00033308723232	3.024405e+02
2704.99946880740708	3.024373e+02
2705.99874803743933	3.024341e+02
2706.99816590584351	3.024309e+02
2707.99756580653138	3.024278e+02
2708.99990188669699	3.024248e+02
2709.99895450594067	3.024219e+02
2710.99778392072312	3.024191e+02
2711.99940795776774	3.024167e+02
2712.99763720082137	3.024147e+02
2713.99872550815689	3.024131e+02
2714.99954709951135	3.024117e+02
2716.00015619130727	3.024111e+02
2716.99752266370433	3.024111e+02
2717.99786898524098	3.024117e+02
2718.9981179681904	3.024129e+02
2719.99833251796827	3.024147e+02
2720.99851282848158	3.024171e+02
2721.99865080398149	3.024199e+02
2722.99877233849793	3.024230e+02
2723.99886266513386	3.024261e+02
2724.99886657676097	3.024296e+02
2725.99873763257528	3.024331e+02
2726.99846546551362	3.024364e+02
2727.9981010648703	3.024389e+02
2728.9976843829736	3.024412e+02
2730.00035840969122	3.024435e+02
2730.99996070567022	3.024457e+02
2731.99961359939516	3.024482e+02
2732.99934192592218	3.024505e+02
2733.99919432913339	3.024529e+02
2734.99922580758403	3.024555e+02
2735.99946555459383	3.024581e+02
2736.99992229074496	3.024608e+02
2738.00057490861263	3.024636e+02
2738.99831257485448	3.024663e+02
2739.99937935182015	3.024690e+02
2740.99754048845125	3.024716e+02
2741.99902451592243	3.024741e+02
2742.99766334834021	3.024762e+02
2743.99971227169408	3.024781e+02
2744.99897148291438	3.024795e+02
2745.99862066898504	3.024802e+02
2746.99873735936671	3.024804e+02
2747.99934858969027	3.024800e+02
2749.00049996806138	3.024792e+02
2749.99909429389663	3.024777e+02
2750.9982082681945	3.024757e+02
2751.9978040475321	3.024733e+02
2752.99786482638046	3.024704e+02
2753.99834415190799	3.024672e+02
2754.99910241042335	3.024637e+02
2755.99998668010585	3.024601e+02
2756.9977270847462	3.024565e+02
2757.99846597625265	3.024531e+02
2758.99901732126773	3.024499e+02
2759.99933732970476	3.024470e+02
2760.99934944763163	3.024445e+02
2761.99903831849861	3.024423e+02
2762.99843229781391	3.024403e+02
2763.99753766924823	3.024385e+02
2764.9995297544956	3.024375e+02
2765.99824121572101	3.024371e+02
2766.99993920934639	3.024375e+02
2767.99840236972841	3.024387e+02
2768.99990027811918	3.024405e+02
2769.99817972866913	3.024428e+02
2770.99944623232204	3.024452e+02
2772.00056690254041	3.024478e+02
2772.99841457706179	3.024504e+02
2773.99920637450896	3.024528e+02
2774.99980997238254	3.024549e+02
2776.00022643083412	3.024566e+02
2777.00047745049324	3.024580e+02
2778.00059357119881	3.024595e+02
2779.00060210025686	3.024609e+02
2780.00053056490015	3.024622e+02
2781.00040933635682	3.024634e+02
2782.00025681299303	3.024645e+02
2783.00007981718772	3.024657e+02
2783.9999094651248	3.024670e+02
2784.99978609565824	3.024684e+02
2785.99970857577682	3.024698e+02
2786.99967699975059	3.024711e+02
2787.99973639800464	3.024723e+02
2788.9998819860084	3.024733e+02
2790.00011241906213	3.024742e+02
2791.00048445079892	3.024747e+02
2791.99792296568467	3.024749e+02
2792.99870966538174	3.024748e+02
2793.99980533089456	3.024741e+02
2794.99814324459066	3.024727e+02
2795.99998008805551	3.024705e+02
2796.99910140148131	3.024677e+02
2797.99864561077948	3.024643e+02
2798.99857346735871	3.024604e+02
2799.99882604556296	3.024561e+02
2800.99935140733623	3.024515e+02
2802.00007076547126	3.024468e+02
2802.99778266680732	3.024421e+02
2803.99870001165209	3.024377e+02
2804.99964568148607	3.024337e+02
2806.00055099140627	3.024302e+02
2806.99823017126346	3.024271e+02
2807.99890079282204	3.024244e+02
2808.99938861525698	3.024222e+02
2809.99969086145347	3.024200e+02
2810.99985466412863	3.024181e+02
2811.99987339113432	3.024167e+02
2812.99973711734629	3.024160e+02
2813.99949959149126	3.024159e+02
2814.99910169612394	3.024164e+02
2815.99850798087118	3.024173e+02
2816.99775242364149	3.024186e+02
2817.99993398254901	3.024200e+02
2818.99875278360332	3.024215e+02
2820.00041913608993	3.024231e+02
2820.99868258738843	3.024245e+02
2821.99975684999572	3.024258e+02
2823.00050025327755	3.024270e+02
2823.99781988198538	3.024280e+02
2824.99797953310508	3.024288e+02
2825.99787079712632	3.024295e+02
2826.99752400357602	3.024299e+02
2828.00009517123453	3.024303e+02
2828.99937309692905	3.024308e+02
2829.99848164044533	3.024313e+02
2831.00051385396773	3.024318e+02
2831.99934374564509	3.024321e+02
2832.99815101384183	3.024323e+02
2833.99993218959071	3.024323e+02
2834.99847098656801	3.024323e+02
2836.00002786650839	3.024322e+02
2836.99842692314951	3.024321e+02
2837.99997599358403	3.024319e+02
2838.99857233503189	3.024315e+02
2840.0004832745949	3.024309e+02
2840.99948532379813	3.024301e+02
2841.99869504890466	3.024291e+02
2842.99806443157513	3.024279e+02
2843.99754858404549	3.024263e+02
2845.00028381328593	3.024244e+02
2846.00007246186897	3.024224e+02
2847.00006165629793	3.024198e+02
2848.00031450211964	3.024169e+02
2848.99775783342284	3.024141e+02
2849.99863363367194	3.024110e+02
2850.99982555372026	3.024076e+02
2851.99817937527996	3.024041e+02
2852.99987255858059	3.024006e+02
2853.99860941159932	3.023971e+02
2855.00059105707669	3.023937e+02
2855.9995370689353	3.023906e+02
2856.99855813274007	3.023879e+02
2857.99766692333287	3.023856e+02
2858.9999956206334	3.023835e+02
2859.99930785326524	3.023816e+02
2860.99873526533247	3.023797e+02
2861.99826933368786	3.023779e+02
2862.99786879663861	3.023762e+02
2864.00062357392972	3.023746e+02
2865.00026576370419	3.023733e+02
2865.9998439128517	3.023722e+02
2866.99926004866938	3.023712e+02
2867.99855292796565	3.023702e+02
2868.99766193429832	3.023694e+02
2869.99965851680554	3.023687e+02
2870.99825992603019	3.023682e+02
2871.99965536026457	3.023679e+02
2872.99755919371	3.023677e+02
2873.99818645784126	3.023677e+02
2874.99840513695381	3.023678e+02
2875.99819912794965	3.023680e+02
2876.99757544710064	3.023683e+02
2877.99967094089698	3.023687e+02
2878.99828746838648	3.023691e+02
2879.99967835713323	3.023697e+02
2880.99765908685413	3.023702e+02
2881.99848382585424	3.023707e+02
2882.99907607965861	3.023713e+02
2883.99945711702321	3.023719e+02
2884.99956041807172	3.023726e+02
2885.99953928932428	3.023733e+02
2886.99940162959319	3.023740e+02
2887.99910088683737	3.023747e+02
2888.99866296788377	3.023752e+02
2889.99812889266923	3.023753e+02
2890.99754712771346	3.023751e+02
2892.00007764612064	3.023746e+02
2892.99957142305402	3.023739e+02
2893.99917356502283	3.023730e+02
2894.99891113235526	3.023718e+02
2895.99881272031462	3.023705e+02
2896.99890228911363	3.023690e+02
2897.99919440826079	3.023673e+02
2898.99969898907921	3.023653e+02
2900.00042538156822	3.023630e+02
2900.99827257065681	3.023605e+02
2901.99944926494891	3.023579e+02
2902.99772888530606	3.023552e+02
2903.99933826368306	3.023523e+02
2904.99804350447357	3.023493e+02
2906.00005878848015	3.023461e+02
2906.99916950012766	3.023429e+02
2907.99849670960748	3.023395e+02
2908.99806431657908	3.023360e+02
2909.99791295359046	3.023324e+02
2910.99807359191254	3.023288e+02
2911.99857211342396	3.023251e+02
2912.99942276642787	3.023214e+02
2914.00062368954741	3.023176e+02
2914.99903405660643	3.023138e+02
2915.99774740466	3.023100e+02
2916.99984136788544	3.023060e+02
2917.99902520207797	3.023020e+02
2918.99836946620962	3.022981e+02
2919.99782958261767	3.022942e+02
2921.00049845586864	3.022905e+02
2921.99997040520066	3.022870e+02
2922.99937649817048	3.022837e+02
2923.99866305935166	3.022807e+02
2924.99777637816533	3.022781e+02
2925.99978712385882	3.022758e+02
2926.99841892929589	3.022736e+02
2927.99989034549253	3.022716e+02
2928.99793172498221	3.022698e+02
2929.99874946110549	3.022683e+02
2930.99920424626862	3.022673e+02
2931.99927517524247	3.022668e+02
2932.99893598591143	3.022668e+02
2933.99816092099627	3.022670e+02
2935.00004464529275	3.022675e+02
2935.99834124196968	3.022682e+02
2936.99924771074438	3.022691e+02
2937.99964680275434	3.022701e+02
2938.99955002328579	3.022711e+02
2939.99898475730561	3.022722e+02
2940.99799142477559	3.022733e+02
2941.99969899304142	3.022745e+02
2942.99789763447097	3.022756e+02
2943.99900723070186	3.022766e+02
2944.99986880195729	3.022777e+02
2946.00050428817485	3.022788e+02
2946.99785858360246	3.022799e+02
2947.99816832813258	3.022809e+02
2948.99840250985471	3.022820e+02
2949.99862809933074	3.022831e+02
