#   Area   : 2.13000e-01
#   Time   areaAverage(T)
0.999427 3.031475e+02
2.00049 3.031485e+02
3.00031 3.031480e+02
3.99973 3.031469e+02
4.99982 3.031450e+02
6.00096 3.031425e+02
7.00036 3.031392e+02
8.00025 3.031345e+02
8.99988 3.031275e+02
10.001085 3.031166e+02
11.000692 3.030979e+02
12.001192 3.030741e+02
12.999654 3.030540e+02
14.001553 3.030421e+02
15.00191378 3.030385e+02
15.99990726 3.030383e+02
17.00021302 3.030395e+02
18.00201162 3.030405e+02
19.001665 3.030417e+02
20.001063064 3.030452e+02
21.000223408 3.030507e+02
22.000868674 3.030562e+02
22.999568146 3.030606e+02
24.00203262 3.030636e+02
25.00206209729 3.030656e+02
25.9997240433 3.030667e+02
27.00155800819 3.030672e+02
28.00198841907 3.030670e+02
29.00100132413 3.030661e+02
30.0012255059946 3.030648e+02
31.0020125996283 3.030630e+02
31.9997203434261 3.030612e+02
33.0000159367413 3.030600e+02
33.9999993471484 3.030619e+02
35.0001409482367123 3.030681e+02
36.0010399662744121 3.030787e+02
37.000256075600312 3.030941e+02
38.0011334139074748 3.031125e+02
39.0001093232681626 3.031323e+02
39.9994296677075454 3.031513e+02
41.001577972869228 3.031685e+02
42.000199945820512 3.031840e+02
43.0015357555295594 3.031978e+02
44.0000908474563985 3.032101e+02
44.999720034311153 3.032215e+02
46.0011036185372717 3.032324e+02
47.0017015365830488 3.032432e+02
48.001828578469862 3.032546e+02
49.0009987208578792 3.032669e+02
50.001646775172766 3.032804e+02
51.0004873107095733 3.032953e+02
52.0004965650810149 3.033113e+02
53.0016782245142934 3.033280e+02
54.0010911490910033 3.033450e+02
55.0018322131206503 3.033619e+02
56.0008311045826801 3.033784e+02
57.0009505745707656 3.033947e+02
58.0018173874204663 3.034106e+02
58.9998754286462415 3.034261e+02
60.0007253884735974 3.034414e+02
61.000729949421661 3.034564e+02
61.9994469747591523 3.034712e+02
62.9997307278246481 3.034859e+02
64.0016132336676264 3.035005e+02
65.0021195847200062 3.035152e+02
66.0013755148593475 3.035301e+02
66.9994618408717173 3.035450e+02
67.9995567282688285 3.035603e+02
69.0018710907051513 3.035756e+02
70.0005020403649496 3.035910e+02
71.0017759000867983 3.036065e+02
71.9997917061677697 3.036220e+02
73.0007626398363385 3.036377e+02
74.0017781164737585 3.036537e+02
74.9999419786135348 3.036698e+02
76.0015844890211554 3.036864e+02
77.00072239299773 3.037031e+02
78.0004746440082357 3.037202e+02
79.0007523688503994 3.037374e+02
80.0017080025030367 3.037548e+02
81.0004119802447349 3.037718e+02
81.9999292237897635 3.037739e+02
83.0001885797195058 3.037669e+02
84.0008505180802274 3.037560e+02
85.0015387397775584 3.037428e+02
86.0016440249805925 3.037276e+02
87.0005454702849761 3.037109e+02
88.0008545399135187 3.036932e+02
89.0021930695815655 3.036745e+02
90.0016302263138357 3.036552e+02
91.002174366868033 3.036353e+02
92.0010182300664496 3.036147e+02
93.0013450760332745 3.035937e+02
94.0003161743501465 3.035721e+02
95.0010570184568053 3.035499e+02
96.0007746328522842 3.035270e+02
96.9996630297850828 3.035035e+02
98.0009484938242394 3.034794e+02
99.0017864968606887 3.034548e+02
99.9993158549129504 3.034298e+02
100.999686726631666 3.034039e+02
101.999978489330886 3.033772e+02
103.000261993464633 3.033499e+02
104.000541499501338 3.033219e+02
105.000800443492778 3.032932e+02
106.001026051885219 3.032640e+02
107.001221026466325 3.032342e+02
108.001370521164162 3.032038e+02
109.001483834954172 3.031728e+02
110.001570880767829 3.031414e+02
111.001639397267027 3.031095e+02
112.001691850402395 3.030771e+02
113.001723550038278 3.030441e+02
114.001722531996805 3.030104e+02
115.001688189451627 3.029759e+02
116.001613455088133 3.029410e+02
117.001515885901682 3.029056e+02
118.001399825818325 3.028700e+02
119.00127979677535 3.028340e+02
120.001166177764588 3.027977e+02
121.001081732862403 3.027609e+02
122.001048584949245 3.027236e+02
123.001071870744425 3.026855e+02
124.001154706657402 3.026473e+02
125.001275712311497 3.026089e+02
126.001409099885151 3.025700e+02
127.001505571405914 3.025313e+02
128.001520918692876 3.024920e+02
129.001402911285169 3.024527e+02
130.001116511936488 3.024140e+02
131.000614246332248 3.023759e+02
131.999921018561707 3.023380e+02
133.002057892161417 3.022998e+02
134.001047481116501 3.022610e+02
134.999918542921648 3.022222e+02
136.001802808679997 3.021836e+02
137.000722192789738 3.021451e+02
137.999722857611772 3.021075e+02
139.001822047630924 3.020707e+02
140.001006477596889 3.020342e+02
141.000279937221819 3.019969e+02
141.999610839514531 3.019581e+02
143.002000997207233 3.019185e+02
144.001416430672435 3.018788e+02
145.000845281827281 3.018385e+02
146.000219852035571 3.017978e+02
146.999516132038053 3.017567e+02
148.001580804985281 3.017155e+02
149.00037623196738 3.016739e+02
150.002041994228136 3.016310e+02
151.000659972712299 3.015868e+02
151.999442445215436 3.015414e+02
153.001677289877819 3.014951e+02
154.00172177073722 3.014475e+02
154.999891828328799 3.014011e+02
155.999586603544287 3.013539e+02
157.001135382558516 3.013065e+02
158.001515024317882 3.012605e+02
159.000452904609233 3.012163e+02
160.000936841011566 3.011726e+02
160.999840760413548 3.011283e+02
162.000128449045548 3.010832e+02
163.001721118222179 3.010371e+02
164.001466615174991 3.009888e+02
164.999469516720637 3.009378e+02
166.001895769050151 3.008863e+02
166.999623230678878 3.008364e+02
168.001980176455106 3.007888e+02
168.999797111832464 3.007446e+02
169.999327931056797 3.007012e+02
171.000741704657912 3.006547e+02
172.000933317836058 3.006039e+02
172.999858258248878 3.005454e+02
174.000459309810481 3.004772e+02
174.999230964081022 3.004034e+02
176.001823974840363 3.003285e+02
177.001677528293413 3.002561e+02
178.001897432278639 3.001884e+02
178.999477284530741 3.001275e+02
180.000876929608779 3.000734e+02
181.000129702013908 3.000245e+02
182.000620718633769 2.999814e+02
182.999341833524653 2.999410e+02
183.999269602900625 2.998998e+02
185.000290159403136 2.998538e+02
185.999138254646653 2.998029e+02
187.00192819901423 2.997507e+02
188.002100753132737 2.997018e+02
188.999401948011354 2.996561e+02
190.000009576696584 2.996096e+02
191.000602512052552 2.995575e+02
192.000903248552049 2.994991e+02
193.000646632122681 2.994388e+02
193.999514181629451 2.993826e+02
195.000731162499932 2.993322e+02
196.001754937982156 2.992877e+02
197.000071045045672 2.992486e+02
198.002007170686312 2.992141e+02
199.000916881997426 2.991843e+02
199.999612353780066 2.991583e+02
201.001058917549273 2.991362e+02
202.002077889812654 2.991197e+02
202.99938204591723 2.991081e+02
204.002095543813795 2.990987e+02
205.000992474260471 2.990875e+02
205.999660504312885 2.990713e+02
207.001238886837569 2.990500e+02
207.999298004801517 2.990253e+02
208.999745348981605 2.989981e+02
210.001458903139991 2.989686e+02
211.000242198910087 2.989387e+02
212.001905389240108 2.989092e+02
213.000223120931452 2.988797e+02
214.001889103766104 2.988491e+02
215.001311938262972 2.988208e+02
216.001580318367957 2.988019e+02
217.001009526045266 2.987839e+02
218.001233887792552 2.987629e+02
219.000201883343749 2.987398e+02
220.000910902737701 2.987160e+02
220.999826318389324 2.986900e+02
221.999484042010948 2.986606e+02
222.999573556478197 2.986318e+02
223.999571260102471 2.986049e+02
224.999167544001807 2.985747e+02
226.001862355567113 2.985437e+02
227.00167849316307 2.985129e+02
228.001230841940497 2.984827e+02
229.000424212989913 2.984539e+02
229.99931272453972 2.984260e+02
231.00035149821332 2.983992e+02
232.000417678477731 2.983734e+02
232.999637483021473 2.983488e+02
234.000027860813049 2.983268e+02
235.001748350051628 2.983087e+02
235.999212579281817 2.982946e+02
237.000768684014673 2.982838e+02
238.000500060854421 2.982764e+02
238.999379413751882 2.982714e+02
240.000061065156473 2.982688e+02
240.999783874352488 2.982674e+02
241.999217412811873 2.982668e+02
243.001333347997786 2.982675e+02
244.000329816981377 2.982701e+02
244.999756118580478 2.982748e+02
245.999764393046519 2.982815e+02
247.000524241728925 2.982904e+02
247.999354188237049 2.983004e+02
248.999494081416515 2.983102e+02
250.001110696175971 2.983192e+02
251.001532993736845 2.983264e+02
252.000921614597075 2.983309e+02
252.999282849031687 2.983319e+02
253.999850497343544 2.983301e+02
255.00004543105274 2.983254e+02
256.000365920649983 2.983189e+02
257.001261638921392 2.983100e+02
257.999548103657958 2.982978e+02
258.99971364117971 2.982817e+02
260.002149025808819 2.982616e+02
261.000921947821837 2.982374e+02
261.99950686948381 2.982082e+02
263.001191272204949 2.981743e+02
263.999778419957408 2.981359e+02
265.00119059435292 2.980942e+02
265.999549940802126 2.980500e+02
267.000749356106553 2.980037e+02
268.000742203287302 2.979580e+02
269.00002621556996 2.979199e+02
270.002192130799926 2.978957e+02
271.001116008764257 2.978877e+02
271.999828284674436 2.978952e+02
273.001202936759398 2.979146e+02
274.001992594249884 2.979409e+02
274.999358152233697 2.979705e+02
276.000078489080693 2.979998e+02
277.001423281625193 2.980250e+02
277.999774269456566 2.980431e+02
279.000338809060509 2.980552e+02
279.999803239072378 2.980609e+02
281.00199923250301 2.980608e+02
282.001237742896592 2.980567e+02
283.000845865006283 2.980498e+02
284.000919283847736 2.980413e+02
285.001505169815289 2.980324e+02
286.001983379887918 2.980244e+02
287.000860649189406 2.980207e+02
287.99976925718363 2.980272e+02
289.001216652992298 2.980455e+02
289.999289276536729 2.980688e+02
291.001202684429529 2.980889e+02
292.001880769330967 2.981024e+02
293.001939873465119 2.981077e+02
294.001406762787269 2.981056e+02
294.999860841462578 2.980974e+02
296.00082332633508 2.980838e+02
296.999440942767023 2.980631e+02
297.999750996092871 2.980362e+02
299.001606963360757 2.980055e+02
300.00096349475109 2.979734e+02
300.999913314513492 2.979424e+02
302.001050523417859 2.979160e+02
303.001211162612037 2.978968e+02
304.000530831946662 2.978843e+02
304.999600659278087 2.978769e+02
306.001009509919697 2.978711e+02
307.001474429075984 2.978632e+02
308.001896955747839 2.978540e+02
309.00215953038952 2.978451e+02
310.002016522719316 2.978378e+02
311.002156067684552 2.978305e+02
312.000057874843549 2.978221e+02
313.001700906769599 2.978120e+02
314.000664442998186 2.978018e+02
314.99977162945703 2.977909e+02
316.001939997220234 2.977797e+02
317.000997667292268 2.977693e+02
317.999963426011846 2.977605e+02
319.001791186184562 2.977536e+02
320.000219021556404 2.977483e+02
321.001332443899855 2.977437e+02
322.002120766446581 2.977395e+02
322.999613956139115 2.977361e+02
324.000053809379779 2.977341e+02
325.000468122121561 2.977323e+02
326.000890696256192 2.977293e+02
327.001340404046516 2.977247e+02
328.00182603880279 2.977180e+02
328.999278542550144 2.977102e+02
329.999826816678308 2.977021e+02
331.000443477589613 2.976937e+02
332.001169817488744 2.976852e+02
333.002032037401875 2.976772e+02
333.999965515217639 2.976693e+02
335.001063632408773 2.976616e+02
335.999158109576854 2.976538e+02
337.000345463513611 2.976461e+02
338.001581848732201 2.976388e+02
338.999866861473265 2.976317e+02
340.001419974520957 2.976255e+02
341.000218753709873 2.976199e+02
341.99940043036537 2.976142e+02
343.002081691835315 2.976078e+02
344.002165716201716 2.976004e+02
344.999681204456522 2.975920e+02
346.000781392031456 2.975829e+02
346.999334514526993 2.975732e+02
348.001509094679818 2.975629e+02
349.001161782293025 2.975518e+02
350.001326394200078 2.975403e+02
351.001923782794222 2.975284e+02
351.999787371269576 2.975159e+02
353.00099769186096 2.975022e+02
353.999316873669443 2.974887e+02
355.00082920103489 2.974757e+02
355.999300697844262 2.974635e+02
357.000823793166319 2.974524e+02
357.999158030478213 2.974426e+02
359.00039992939594 2.974343e+02
360.001480671131844 2.974266e+02
360.9992815597804 2.974201e+02
361.999832472127878 2.974153e+02
362.999959745167416 2.974115e+02
363.999605892666068 2.974083e+02
365.001835951716942 2.974047e+02
366.000550017272076 2.974002e+02
367.0018850279655 2.973957e+02
367.999670433758126 2.973913e+02
369.000128039733795 2.973873e+02
370.000214705158442 2.973829e+02
370.999868519623192 2.973783e+02
371.999156450469172 2.973733e+02
373.001216022510619 2.973682e+02
373.999974084365817 2.973629e+02
375.001560862041572 2.973573e+02
375.999861740929703 2.973520e+02
377.000967028724972 2.973466e+02
378.001810983407267 2.973411e+02
378.999377343020058 2.973355e+02
379.999844133061458 2.973298e+02
381.000195256176255 2.973238e+02
382.000470770755555 2.973172e+02
383.000719578955398 2.973103e+02
384.000990581364249 2.973031e+02
385.001323372423997 2.972959e+02
386.001754888625783 2.972888e+02
386.999259078537648 2.972820e+02
387.999985820435654 2.972755e+02
389.000904470221769 2.972695e+02
390.002048686420665 2.972640e+02
391.000391269022714 2.972591e+02
392.002080357299462 2.972542e+02
393.001021889200786 2.972496e+02
394.000313761127586 2.972449e+02
394.999966805718827 2.972397e+02
396.000000737495156 2.972341e+02
397.000431194506007 2.972278e+02
398.001243466568894 2.972208e+02
398.999326681304808 2.972129e+02
400.000751341692762 2.972047e+02
400.999281060359692 2.971963e+02
402.000994149161556 2.971881e+02
402.999669211328353 2.971798e+02
404.001383904857562 2.971721e+02
404.999927130870162 2.971655e+02
406.001391002587809 2.971603e+02
406.999601684736604 2.971561e+02
408.000681472226745 2.971523e+02
409.001550340285974 2.971486e+02
410.002200812724368 2.971453e+02
410.999564337494576 2.971419e+02
411.999771379263905 2.971378e+02
412.999742635731366 2.971329e+02
413.999472666726717 2.971276e+02
415.002027021528761 2.971220e+02
416.001265735712195 2.971165e+02
417.00027961065382 2.971108e+02
418.002168361128668 2.971053e+02
419.000830570643586 2.971002e+02
419.999348062550951 2.970958e+02
421.000807412155893 2.970921e+02
422.002161809745814 2.970885e+02
423.000363478224813 2.970844e+02
424.001518449690877 2.970794e+02
424.999464893304832 2.970736e+02
426.00030369292142 2.970676e+02
427.00099127452637 2.970613e+02
428.001568160606212 2.970553e+02
429.002064812169294 2.970491e+02
429.99944102865561 2.970427e+02
430.999824061049083 2.970356e+02
432.000154087404724 2.970285e+02
433.000424325204449 2.970214e+02
434.00062092770537 2.970142e+02
435.000747573658373 2.970071e+02
436.00084101232062 2.970004e+02
437.000947099993482 2.969945e+02
438.001104957034727 2.969892e+02
439.001372516108916 2.969842e+02
440.001793093184403 2.969794e+02
440.999341095092859 2.969748e+02
442.000174895068085 2.969700e+02
443.001292886892941 2.969652e+02
443.999676892359332 2.969599e+02
445.001468249921118 2.969536e+02
446.0005412841561 2.969464e+02
446.999933551698859 2.969380e+02
447.99957269268856 2.969288e+02
448.99935313418041 2.969193e+02
449.99913949586778 2.969097e+02
451.001905425055099 2.969007e+02
452.001449724326449 2.968934e+02
453.000827018742655 2.968882e+02
454.000060016313171 2.968849e+02
455.002198157437931 2.968828e+02
456.001073655338701 2.968811e+02
456.999732738333421 2.968790e+02
458.00123783219243 2.968753e+02
458.999413706459279 2.968673e+02
460.000163836696743 2.968573e+02
461.000336822645636 2.968492e+02
462.000008779407551 2.968432e+02
462.999244201045997 2.968377e+02
464.001249828436698 2.968327e+02
465.000203846986892 2.968288e+02
465.999385247298903 2.968254e+02
467.001996124994605 2.968220e+02
468.001911059253757 2.968182e+02
469.002115217306198 2.968137e+02
469.999556206629677 2.968089e+02
471.000370882605068 2.968028e+02
472.001484397526838 2.967947e+02
472.999698394739198 2.967848e+02
474.000987097669451 2.967744e+02
475.002187011345541 2.967645e+02
476.000185397848838 2.967564e+02
477.001116975836737 2.967498e+02
478.001946023577034 2.967443e+02
478.999609814288533 2.967393e+02
480.000200582974514 2.967346e+02
481.000640765223636 2.967301e+02
482.000880314070741 2.967249e+02
483.000829945069484 2.967179e+02
484.000391984001851 2.967091e+02
484.999473983508892 2.967006e+02
486.001053223926704 2.966931e+02
487.002066538891711 2.966866e+02
487.999538386941651 2.966812e+02
488.999719400701622 2.966775e+02
489.999787496733063 2.966752e+02
490.999996222002039 2.966734e+02
492.000537937488446 2.966715e+02
493.001528185545851 2.966695e+02
494.000043348333691 2.966660e+02
494.999208302570253 2.966607e+02
496.002054096217819 2.966530e+02
496.999285033710748 2.966427e+02
497.999897188854902 2.966309e+02
499.000681167292043 2.966197e+02
500.001558474786805 2.966100e+02
500.999446010016641 2.966022e+02
502.000461577364092 2.965959e+02
503.001519412383175 2.965903e+02
503.999515874213841 2.965857e+02
505.000534591473297 2.965819e+02
506.001509888547616 2.965749e+02
507.002099204861224 2.965657e+02
508.001952459607026 2.965559e+02
509.000755663345956 2.965465e+02
510.001486862218997 2.965386e+02
511.001232487120603 2.965319e+02
512.000177563831585 2.965260e+02
513.001789287909901 2.965225e+02
514.00046415512486 2.965203e+02
514.99955479442508 2.965183e+02
515.999219044049141 2.965165e+02
516.999511772298206 2.965154e+02
518.000472374905598 2.965140e+02
519.002131619636771 2.965111e+02
520.001384632439681 2.965046e+02
521.001150454765366 2.964946e+02
522.001295794907037 2.964828e+02
523.001754521802923 2.964714e+02
523.999434406018167 2.964607e+02
525.000470145184181 2.964518e+02
526.001803413179573 2.964445e+02
527.000354396031071 2.964382e+02
527.99915328792224 2.964320e+02
529.001163035952914 2.964244e+02
529.999964345861144 2.964137e+02
531.0012454994461 2.964023e+02
532.001321133686361 2.963933e+02
532.999861796665527 2.963860e+02
534.000023953975301 2.963797e+02
535.001875234300201 2.963735e+02
535.99940115798131 2.963682e+02
536.99917090518386 2.963643e+02
538.001702907333424 2.963616e+02
539.001307213403038 2.963591e+02
540.001295571197147 2.963570e+02
541.001852747266639 2.963567e+02
542.000113862146009 2.963569e+02
542.99925261236649 2.963560e+02
543.999244945956434 2.963517e+02
544.999955860121077 2.963440e+02
546.001297232400361 2.963343e+02
547.000192963765812 2.963237e+02
547.999705276214399 2.963141e+02
548.9999173700038 2.963056e+02
550.000837994252493 2.962976e+02
550.999345650914734 2.962886e+02
552.001515635922487 2.962775e+02
553.001105488295934 2.962652e+02
554.00082469309541 2.962502e+02
555.000167760328509 2.962346e+02
556.001365889407907 2.962210e+02
557.000740602278597 2.962118e+02
558.001320209851997 2.962062e+02
559.000110213892867 2.962023e+02
560.000262559516386 2.961986e+02
560.99926184051003 2.961951e+02
562.0006160463181 2.961921e+02
563.00174009765351 2.961905e+02
564.00014104622926 2.961894e+02
564.999154569082179 2.961889e+02
566.001965079634488 2.961881e+02
566.999655573543009 2.961869e+02
568.001384470371249 2.961837e+02
569.000945280324004 2.961788e+02
570.001321185949223 2.961732e+02
570.999458110319438 2.961775e+02
572.001425298497111 2.961864e+02
573.001173122025079 2.961971e+02
574.001841467247459 2.962087e+02
575.000341047316283 2.962195e+02
575.999699363241348 2.962271e+02
576.999717356763654 2.962308e+02
577.999989358568769 2.962298e+02
578.999885849153543 2.962280e+02
580.001639232646653 2.962302e+02
581.001398899649303 2.962377e+02
582.001953020691985 2.962501e+02
583.000404394710699 2.962653e+02
584.000040789207219 2.962826e+02
585.000977102296929 2.963015e+02
586.000530345756715 2.963214e+02
586.999390607787518 2.963415e+02
588.001144122878259 2.963627e+02
589.000134475393111 2.963836e+02
589.999604690043157 2.964047e+02
590.999772563084207 2.964260e+02
592.000714664528573 2.964478e+02
592.999309139145566 2.964688e+02
594.001520821552276 2.964894e+02
595.001288064761411 2.965101e+02
596.001723137116073 2.965308e+02
596.999821477810087 2.965501e+02
598.00163901190831 2.965672e+02
599.001081933450678 2.965813e+02
600.001234037939525 2.965924e+02
601.001940910154531 2.966008e+02
601.999837888485331 2.966068e+02
603.00074770668266 2.966120e+02
604.001417181059651 2.966192e+02
605.001687215290872 2.966303e+02
606.001423520980666 2.966455e+02
607.000513557763156 2.966639e+02
608.00201169442164 2.966839e+02
609.000056043756331 2.967055e+02
610.001065509754426 2.967294e+02
610.999322067287608 2.967566e+02
612.001290099475682 2.967864e+02
613.00120910368264 2.968183e+02
613.999153626805764 2.968510e+02
615.001215520064648 2.968832e+02
616.001098613251429 2.969131e+02
617.001642391969199 2.969397e+02
617.999697263319149 2.969633e+02
619.001421452946829 2.969847e+02
620.000708426598749 2.970047e+02
621.000582813967867 2.970240e+02
622.001112512948225 2.970430e+02
622.999333074703259 2.970618e+02
624.001526337826249 2.970809e+02
625.001797992750539 2.971003e+02
626.00046178708601 2.971216e+02
627.000823918297669 2.971450e+02
627.99971611159765 2.971722e+02
629.000134610487748 2.972013e+02
630.001969376633838 2.972288e+02
631.002048189577636 2.972530e+02
632.0004285707289 2.972736e+02
633.000140181323104 2.972919e+02
634.000770489483443 2.973098e+02
635.001598749550453 2.973287e+02
636.002066656809347 2.973493e+02
637.001786905906442 2.973707e+02
637.999504703499269 2.973919e+02
639.000633690830796 2.974119e+02
639.99918786834246 2.974309e+02
641.001685653684603 2.974539e+02
641.999542269594372 2.974856e+02
642.999953332245013 2.975312e+02
644.000576416523131 2.975942e+02
645.001570642922729 2.976637e+02
645.999643539166868 2.977273e+02
647.000897338513028 2.977784e+02
647.999393108298932 2.978152e+02
649.001851529181295 2.978402e+02
649.999539178774853 2.978583e+02
651.001794109835942 2.978713e+02
651.999859218567849 2.978795e+02
652.999544433281699 2.978850e+02
653.999801568561224 2.978905e+02
654.999489441358605 2.978977e+02
656.000943333250348 2.979069e+02
657.000535376491371 2.979191e+02
658.000870871285201 2.979348e+02
659.001878863745446 2.979555e+02
660.001233104330709 2.979857e+02
661.000437464629726 2.980239e+02
662.001318534737948 2.980683e+02
662.9991663123335 2.981173e+02
664.000285830275857 2.981691e+02
665.000884472697294 2.982177e+02
666.000710235087126 2.982566e+02
667.000122997112726 2.982820e+02
668.001635112096551 2.982924e+02
669.000913257929483 2.982908e+02
669.999420760518205 2.982870e+02
670.999287944031153 2.982880e+02
672.002072327780297 2.982942e+02
673.000725547593561 2.983035e+02
674.001820541744451 2.983125e+02
675.000683714600314 2.983216e+02
675.999399580010731 2.983353e+02
677.002156536049142 2.983626e+02
678.000592297521962 2.984086e+02
679.002148617484863 2.984720e+02
680.001784788341638 2.985448e+02
680.999746126992932 2.986156e+02
682.001551099061089 2.986730e+02
683.001957194035526 2.987095e+02
683.99943363886166 2.987297e+02
684.999119040938353 2.987393e+02
686.000169280818113 2.987454e+02
687.000927326243527 2.987582e+02
688.001734230271609 2.987814e+02
689.000385540699199 2.988073e+02
690.000102986032516 2.988249e+02
691.000584174011692 2.988288e+02
692.001278119513586 2.988220e+02
692.998810184072113 2.988140e+02
694.000540359068509 2.988192e+02
694.999010773474538 2.988486e+02
695.999565635484373 2.989002e+02
697.001150977339762 2.989654e+02
698.001398222010494 2.990353e+02
698.999725805045159 2.991018e+02
700.001498724736734 2.991583e+02
700.999760782747671 2.992043e+02
702.00030560611242 2.992432e+02
703.001545842853716 2.992780e+02
703.998546867952086 2.993090e+02
705.000921811799685 2.993312e+02
705.99962011738819 2.993399e+02
706.999650543847679 2.993381e+02
708.000666672426519 2.993333e+02
708.999237894717226 2.993321e+02
710.001269207781093 2.993368e+02
711.00068407292008 2.993505e+02
711.999619119693762 2.993732e+02
713.000526590509253 2.994050e+02
713.998803280099537 2.994489e+02
715.000794775426357 2.995064e+02
715.999806607808409 2.995732e+02
717.001147277659015 2.996382e+02
717.999618727621851 2.996931e+02
719.001377582509349 2.997395e+02
719.999845347823111 2.997813e+02
721.000439443962705 2.998117e+02
721.998876129608675 2.998266e+02
722.998944888288406 2.998275e+02
724.00114311208813 2.998231e+02
724.998866032413844 2.998214e+02
726.001106170699586 2.998235e+02
727.001242939658482 2.998305e+02
727.999926591871031 2.998493e+02
728.998559988906209 2.998817e+02
730.001622066776122 2.999263e+02
731.000663074018917 2.999796e+02
731.999073254380278 3.000395e+02
732.999937744622798 3.001026e+02
733.999652488256629 3.001642e+02
735.000101756232084 3.002249e+02
735.999935767415082 3.002827e+02
737.001555677275633 3.003261e+02
737.998609831378303 3.003514e+02
739.000917515005426 3.003624e+02
739.999579389089149 3.003655e+02
741.000865824989205 3.003714e+02
742.001221721286811 3.003876e+02
742.9998251475198 3.004171e+02
743.999381362686222 3.004556e+02
745.000661640020667 3.004952e+02
745.999052092078955 3.005356e+02
746.999024049784566 3.005812e+02
748.001289256029395 3.006366e+02
748.99998594164947 3.006991e+02
750.000493470887022 3.007620e+02
751.00118734312548 3.008196e+02
752.000933119647812 3.008728e+02
752.998936581822591 3.009199e+02
754.001276251013905 3.009577e+02
754.999151737409875 3.009859e+02
755.999553005113967 3.010091e+02
756.999766152413599 3.010344e+02
757.999815231926959 3.010695e+02
758.999249365374908 3.011161e+02
760.00074675962378 3.011718e+02
761.001075912032888 3.012286e+02
762.000603060413027 3.012811e+02
763.000135315137868 3.013299e+02
764.000348738217554 3.013767e+02
765.001515277069643 3.014236e+02
766.000180917357966 3.014705e+02
766.998575464161149 3.015164e+02
767.998928480878021 3.015599e+02
769.0008602609538 3.016007e+02
770.001352425349751 3.016398e+02
771.000882636136907 3.016773e+02
771.999918369505622 3.017139e+02
772.998806968452868 3.017528e+02
774.000941714459373 3.017969e+02
775.000334162326453 3.018455e+02
776.000158078921004 3.018965e+02
777.000362560647091 3.019477e+02
778.000837514654791 3.019972e+02
779.001444253866225 3.020438e+02
779.998932096626277 3.020876e+02
780.999294900777159 3.021298e+02
781.999342827852388 3.021713e+02
782.999108211269913 3.022128e+02
783.998685302788545 3.022533e+02
785.001268894906502 3.022920e+02
786.000626433951197 3.023276e+02
786.999811633585182 3.023616e+02
787.998820800601152 3.023957e+02
789.000829230188174 3.024310e+02
789.999847145920967 3.024684e+02
790.999171168364683 3.025079e+02
791.99902125678841 3.025486e+02
792.999571968755276 3.025898e+02
794.000942685735822 3.026277e+02
795.000039267211605 3.026412e+02
795.999824847008995 3.026452e+02
797.00004227907823 3.026457e+02
798.000352229098212 3.026442e+02
799.000463290113203 3.026409e+02
800.000268040779247 3.026358e+02
800.999871383825734 3.026288e+02
801.999438918668716 3.026199e+02
802.999162635716857 3.026091e+02
803.999150184644463 3.025964e+02
804.999489574434278 3.025823e+02
806.000217659127884 3.025673e+02
807.001365643889585 3.025521e+02
807.99976032352879 3.025367e+02
809.001484647565803 3.025217e+02
810.000193134515371 3.025066e+02
810.998851293064718 3.024914e+02
812.000488119036959 3.024754e+02
812.998858862165093 3.024581e+02
814.000173863743385 3.024392e+02
815.001341913480928 3.024188e+02
815.999389005496141 3.023968e+02
817.000736505305099 3.023735e+02
817.999345361780456 3.023491e+02
819.001619323223736 3.023239e+02
820.001459451422306 3.022980e+02
820.998791650032786 3.022716e+02
821.999835648828935 3.022447e+02
823.001443597258117 3.022169e+02
824.000479166678019 3.021882e+02
825.000061539974695 3.021583e+02
826.000154788647023 3.021269e+02
827.000746153186583 3.020947e+02
827.998702254763771 3.020622e+02
829.000257981022514 3.020293e+02
829.999128928896084 3.019967e+02
831.001489294805879 3.019638e+02
832.000998249167878 3.019305e+02
833.00071269008447 3.018963e+02
834.000566630974504 3.018612e+02
835.000478943295093 3.018258e+02
836.000322319766724 3.017900e+02
836.999960958526117 3.017544e+02
837.999563778135894 3.017187e+02
838.999168539985249 3.016834e+02
839.998830256297879 3.016486e+02
840.998615871871266 3.016136e+02
842.00153524296104 3.015787e+02
843.001203686922736 3.015441e+02
844.000720130980653 3.015096e+02
845.000127664575871 3.014747e+02
845.999454980046153 3.014395e+02
846.998688989041057 3.014035e+02
848.000944380996543 3.013666e+02
848.999961869892672 3.013290e+02
849.998889864095986 3.012910e+02
851.000849864152087 3.012528e+02
851.999601594189471 3.012161e+02
853.001515988440019 3.011811e+02
854.000482909667198 3.011479e+02
854.999656519237647 3.011146e+02
855.99893769661162 3.010793e+02
857.001409319402342 3.010417e+02
858.000850150787869 3.010032e+02
859.00046238222626 3.009658e+02
860.000338609620371 3.009298e+02
861.00055942064489 3.008952e+02
862.00111120017948 3.008615e+02
862.998744885252336 3.008283e+02
863.999562963220342 3.007963e+02
865.000333438597977 3.007674e+02
866.000718484703725 3.007427e+02
867.000381215335096 3.007222e+02
867.999326859724874 3.007019e+02
869.000831713809248 3.006764e+02
869.998731560339024 3.006428e+02
870.99914408124846 3.006005e+02
871.998948856785773 3.005515e+02
873.001251550978509 3.004967e+02
873.999438886644043 3.004398e+02
874.999250714949312 3.003860e+02
876.000331079936132 3.003377e+02
876.999152904660036 3.002931e+02
877.999109606079287 3.002497e+02
879.001226105603337 3.002085e+02
880.000590679232914 3.001722e+02
881.001133877869847 3.001405e+02
882.000326707818431 3.001126e+02
882.998714442753908 3.000872e+02
883.999566477270491 3.000644e+02
884.999493633542215 3.000459e+02
886.001481871908709 3.000301e+02
886.999074026412359 3.000154e+02
888.001361691307693 2.999979e+02
888.998687333536395 2.999737e+02
889.999823340214903 2.999417e+02
891.000206741294278 2.999014e+02
892.001524768773493 2.998545e+02
892.999632733533304 2.998026e+02
893.998726334299249 2.997473e+02
895.001251636017628 2.996896e+02
895.99966766697446 2.996330e+02
897.000914273651915 2.995815e+02
897.99999523874294 2.995382e+02
899.0009590909807 2.995046e+02
900.002533407159831 2.994794e+02
901.001649579413879 2.994591e+02
902.002471845652622 2.994407e+02
903.00037772942153 2.994223e+02
904.002809723267433 2.994033e+02
904.999844958107929 2.993872e+02
905.999949295843749 2.993817e+02
907.000155261807322 2.993773e+02
908.000934451877697 2.993709e+02
909.002379459235726 2.993606e+02
910.001638080394969 2.993448e+02
911.001827591161145 2.993233e+02
912.002161111704822 2.992964e+02
913.000765935814343 2.992648e+02
914.00165379520945 2.992312e+02
915.000358634693953 2.992009e+02
916.000415810124309 2.991789e+02
917.000395916998968 2.991692e+02
918.002309347195592 2.991704e+02
919.001983037054401 2.991762e+02
920.000819481782173 2.991821e+02
921.002363494914448 2.991866e+02
922.000424353145945 2.991896e+02
923.000934642643074 2.991914e+02
923.999918588887567 2.991912e+02
925.002704718492851 2.991872e+02
926.002696914486023 2.991785e+02
927.000086321054596 2.991644e+02
928.001570287640334 2.991447e+02
929.001356130118779 2.991185e+02
930.002757190745569 2.990876e+02
931.001760013499052 2.990559e+02
932.002496640296386 2.990255e+02
933.002770722993091 2.989966e+02
934.001672547361977 2.989707e+02
935.002710266781264 2.989491e+02
936.00106170196193 2.989321e+02
937.001629816131526 2.989193e+02
938.000011724101114 2.989101e+02
939.000753615218969 2.989043e+02
940.001324817527461 2.989007e+02
941.001376824560111 2.988965e+02
942.000125615014554 2.988894e+02
943.000197233623226 2.988786e+02
944.001130840733822 2.988659e+02
945.002318494277233 2.988500e+02
946.000805384652267 2.988316e+02
946.999714333007546 2.988094e+02
948.002760436780932 2.987837e+02
949.000758457107054 2.987612e+02
950.00223440455909 2.987437e+02
950.999915305136028 2.987306e+02
952.002573059240035 2.987241e+02
953.00053643081435 2.987273e+02
953.999817725775301 2.987379e+02
955.000153551236735 2.987542e+02
956.001840701625952 2.987731e+02
957.002536753901836 2.987914e+02
958.002165369327372 2.988067e+02
959.000503621906432 2.988175e+02
960.001241601802349 2.988247e+02
961.00182415570373 2.988284e+02
962.002592048212477 2.988289e+02
963.000411513570498 2.988266e+02
964.001559919866963 2.988216e+02
964.999976972483296 2.988142e+02
966.001702405227775 2.988049e+02
967.000423207178301 2.987942e+02
968.002449167759096 2.987825e+02
969.001325984307641 2.987710e+02
970.002787921842923 2.987598e+02
971.000498195595242 2.987495e+02
972.000557081489774 2.987400e+02
973.002773597749297 2.987313e+02
974.000960477842796 2.987231e+02
975.001521410670648 2.987147e+02
976.001501783840467 2.987061e+02
977.001246241214403 2.986966e+02
978.001257707352806 2.986873e+02
979.001443710795343 2.986789e+02
980.001400281347969 2.986717e+02
981.000942252669802 2.986654e+02
982.000325255523308 2.986611e+02
983.002051484773006 2.986585e+02
984.002475988165884 2.986572e+02
985.002399010116505 2.986566e+02
986.001696966776649 2.986563e+02
986.999810322073017 2.986564e+02
988.00028649169144 2.986568e+02
989.000575804539949 2.986548e+02
990.000659609601257 2.986509e+02
991.000399298362254 2.986462e+02
991.999760921102165 2.986410e+02
993.001898745707194 2.986350e+02
994.000751777808432 2.986285e+02
995.002420509873673 2.986217e+02
996.000894017395353 2.986147e+02
997.002382656525015 2.986077e+02
998.000783479693723 2.986005e+02
999.0022674974648 2.985936e+02
1000.00085560744344 2.985869e+02
1001.00269509692077 2.985799e+02
1002.00166098345005 2.985723e+02
1003.00085863865502 2.985640e+02
1004.0003809664006 2.985548e+02
1005.00023397706707 2.985449e+02
1006.00038472691654 2.985342e+02
1007.00089075079302 2.985228e+02
1008.00176095633424 2.985109e+02
1008.99992234894955 2.984991e+02
1010.00150286438907 2.984878e+02
1011.00038192940849 2.984766e+02
1012.00263615528706 2.984650e+02
1013.00207769701899 2.984529e+02
1014.00173122067895 2.984403e+02
1015.00156740682974 2.984272e+02
1016.00158130024272 2.984140e+02
1017.00179324869418 2.984009e+02
1018.00220893405492 2.983883e+02
1018.99974171588326 2.983758e+02
1020.00057108310989 2.983642e+02
1021.00167020718982 2.983544e+02
1022.00001975314728 2.983463e+02
1023.00181891413922 2.983395e+02
1024.00096705349142 2.983330e+02
1025.00056589157703 2.983262e+02
1026.00061973882362 2.983186e+02
1027.00108111665872 2.983107e+02
1028.00189527269936 2.983030e+02
1028.99992399226335 2.982952e+02
1030.00124467002433 2.982872e+02
1031.00267731200938 2.982784e+02
1032.00105218086173 2.982688e+02
1033.00243969772782 2.982591e+02
1034.00061470947526 2.982498e+02
1035.00168359888221 2.982409e+02
1036.00249860069925 2.982325e+02
1036.99987937622768 2.982245e+02
1037.99987311999075 2.982171e+02
1039.0024032708186 2.982107e+02
1040.00135392480797 2.982060e+02
1040.999878712493 2.982039e+02
1042.00111745941422 2.982039e+02
1043.00206369308444 2.982050e+02
1044.00276709446734 2.982060e+02
1045.00018848085483 2.982057e+02
1046.00048858662194 2.982022e+02
1047.00049681895553 2.981945e+02
1048.00020112822381 2.981867e+02
1049.00268013289315 2.981787e+02
1050.00182109680622 2.981699e+02
1051.00087224398112 2.981626e+02
1051.99989462314875 2.981562e+02
1053.00187506253587 2.981511e+02
1054.00076610413726 2.981474e+02
1054.99973184103737 2.981441e+02
1056.00183053408614 2.981417e+02
1057.00089182120632 2.981392e+02
1057.99995816247588 2.981360e+02
1059.00213397608672 2.981310e+02
1060.00138246242204 2.981253e+02
1061.00080597989427 2.981200e+02
1062.00038595797014 2.981146e+02
1063.00010507932257 2.981091e+02
1063.99993240368121 2.981036e+02
1064.99983997466506 2.980980e+02
1065.99983784852839 2.980917e+02
1066.99997036446234 2.980852e+02
1068.00031321539632 2.980791e+02
1069.00093802167976 2.980731e+02
1070.00186504118665 2.980668e+02
1070.99999787082515 2.980600e+02
1072.00142011894172 2.980527e+02
1072.99992293207129 2.980447e+02
1074.00156718991116 2.980364e+02
1075.00010908368677 2.980282e+02
1076.00164440833282 2.980205e+02
1077.00001577052399 2.980135e+02
1078.00134937508915 2.980072e+02
1079.00261422088397 2.980014e+02
1080.0008004579272 2.979956e+02
1081.00203806036188 2.979892e+02
1082.0000936859808 2.979819e+02
1083.00099232441335 2.979737e+02
1084.00158448389084 2.979654e+02
1085.00184763915036 2.979582e+02
1086.00181224374819 2.979534e+02
1087.00150893746581 2.979508e+02
1088.00097722084752 2.979489e+02
1089.00023644996122 2.979473e+02
1090.00237091644681 2.979460e+02
1091.00128031511258 2.979453e+02
1092.00008777840162 2.979444e+02
1093.00193747221329 2.979421e+02
1094.00075467239367 2.979370e+02
1095.00269191563029 2.979289e+02
1096.00163632915996 2.979191e+02
1097.00066233535199 2.979088e+02
1097.99975699959123 2.978985e+02
1099.00197569590205 2.978890e+02
1100.00121817382069 2.978806e+02
1101.00051497928393 2.978740e+02
1101.99984050122021 2.978686e+02
1103.00230950820651 2.978639e+02
1104.00190742267068 2.978590e+02
1105.00168456578876 2.978524e+02
1106.00158856940266 2.978437e+02
1107.00157376966081 2.978337e+02
1108.00160616706557 2.978244e+02
1109.00165423799626 2.978168e+02
1110.00168722541184 2.978107e+02
1111.00167666294078 2.978052e+02
1112.00164100901338 2.977998e+02
1113.0016082368893 2.977953e+02
1114.0015811704302 2.977926e+02
1115.00158614022598 2.977914e+02
1116.00168214937594 2.977899e+02
1117.00178709406805 2.977848e+02
1118.00170395871783 2.977784e+02
1119.00131608142442 2.977721e+02
1120.00053988737955 2.977642e+02
1121.00244780601156 2.977558e+02
1122.00117117810055 2.977464e+02
1122.99996831972635 2.977385e+02
1124.00184955443547 2.977337e+02
1125.0008117509874 2.977299e+02
1126.00002150219325 2.977261e+02
1127.00255074076676 2.977215e+02
1128.00223106746057 2.977156e+02
1129.00200920869338 2.977068e+02
1130.00177712908544 2.976953e+02
1131.00147374108451 2.976833e+02
1132.00101893863257 2.976738e+02
1133.00041017420335 2.976681e+02
1134.00278128124137 2.976652e+02
1135.00207804170077 2.976635e+02
1136.00142492683199 2.976627e+02
1137.00087033014893 2.976624e+02
1138.00028922801084 2.976620e+02
1139.00244747980901 2.976598e+02
1140.0012223033134 2.976555e+02
1141.00237404415998 2.976493e+02
1142.00238371320052 2.976423e+02
1143.00166866327754 2.976340e+02
1144.00045207131211 2.976244e+02
1145.00140896645394 2.976146e+02
1146.00193472379215 2.976062e+02
1147.0024819924347 2.975982e+02
1148.0000594589801 2.975917e+02
1149.0007810781276 2.975877e+02
1150.00177227282438 2.975856e+02
1151.00016715046763 2.975841e+02
1152.00213740417257 2.975797e+02
1153.0015451623583 2.975712e+02
1154.00134472899663 2.975598e+02
1155.00153888477121 2.975483e+02
1156.00213266585183 2.975394e+02
1157.00006491856539 2.975327e+02
1158.00144956452573 2.975263e+02
1159.00018702758234 2.975198e+02
1160.00243290755111 2.975127e+02
1161.00199624302377 2.975056e+02
1162.00182318344082 2.974991e+02
1163.00178616921221 2.974919e+02
1164.00159441893129 2.974827e+02
1165.00091842607435 2.974729e+02
1166.00231310010463 2.974649e+02
1167.00246377691292 2.974594e+02
1168.00145692360547 2.974537e+02
1168.99942723795084 2.974467e+02
1169.99979268127572 2.974411e+02
1170.9998482534013 2.974363e+02
1171.99977573618571 2.974329e+02
1172.99970711423748 2.974308e+02
1173.99984895071702 2.974291e+02
1175.00048398354443 2.974275e+02
1176.0017852294759 2.974231e+02
1177.00067111765429 2.974148e+02
1178.00000052079463 2.974040e+02
1178.99964776748902 2.973929e+02
1179.9996500149507 2.973847e+02
1181.00011751790998 2.973793e+02
1182.00109274378019 2.973750e+02
1182.99953844046445 2.973709e+02
1184.00161975154674 2.973662e+02
1185.0010952845264 2.973601e+02
1186.00082077057436 2.973526e+02
1187.00052259694871 2.973425e+02
1187.99981967165877 2.973292e+02
1189.00100104239505 2.973165e+02
1190.00075818430082 2.973061e+02
1191.00229925142048 2.972984e+02
1192.00238138700774 2.972915e+02
1193.00115142059485 2.972848e+02
1194.00229233991195 2.972794e+02
1194.99991325910969 2.972740e+02
1196.00023564771027 2.972696e+02
1197.00049059507842 2.972670e+02
1198.00096832561576 2.972658e+02
1199.00196906711221 2.972645e+02
1200.00072330591365 2.972615e+02
1201.00032337418634 2.972561e+02
1202.00070921642305 2.972487e+02
1203.00178901727554 2.972412e+02
1204.00053344729099 2.972349e+02
1205.00006089014664 2.972296e+02
1206.00039809618579 2.972242e+02
1207.00151598089246 2.972180e+02
1208.00035781096744 2.972102e+02
1208.99987153087022 2.971997e+02
1209.99979481689934 2.971871e+02
1210.99990631732817 2.971724e+02
1211.99983363515344 2.971553e+02
1213.0017097821742 2.971408e+02
1214.0021506782607 2.971302e+02
1215.00116107686085 2.971233e+02
1216.00141195242895 2.971186e+02
1217.00038530247593 2.971138e+02
1218.00163738450669 2.971101e+02
1219.00191638025217 2.971087e+02
1220.00175449950575 2.971068e+02
1221.00164270278879 2.971044e+02
1222.00177634713282 2.971025e+02
1223.00238456964007 2.971008e+02
1224.00073988087343 2.970979e+02
1224.99994067277544 2.970926e+02
1225.99988755455593 2.970867e+02
1227.00052770662251 2.970817e+02
1228.00185086165811 2.970781e+02
1229.00085501987633 2.970754e+02
1230.00063862211573 2.970721e+02
1231.00120464337965 2.970679e+02
1231.99946905427805 2.970611e+02
1233.00143015099479 2.970503e+02
1234.00073198825248 2.970376e+02
1235.00016940806972 2.970213e+02
1236.00243736717289 2.970022e+02
1237.00067041578154 2.969841e+02
1238.00048635038979 2.969686e+02
1239.00190729616907 2.969567e+02
1240.00200350179421 2.969481e+02
1241.00072930942611 2.969416e+02
1242.00120417448375 2.969372e+02
1243.00079487614312 2.969351e+02
1244.00003539312388 2.969351e+02
1245.00239127967575 2.969343e+02
1246.00203964125558 2.969331e+02
1247.00225056698514 2.969318e+02
1248.00021967876341 2.969294e+02
1249.00209280594663 2.969250e+02
1250.0017432442155 2.969198e+02
1251.00223105776399 2.969156e+02
1252.00042478383716 2.969130e+02
1253.00236105416661 2.969108e+02
1254.00199279181561 2.969080e+02
1255.00239793528704 2.969033e+02
1256.0004753739197 2.968958e+02
1257.00226193670846 2.968854e+02
1258.00142996505519 2.968725e+02
1259.00078220803221 2.968554e+02
1259.99991128766237 2.968364e+02
1261.00125664209122 2.968190e+02
1262.00120878328926 2.968029e+02
1262.99986208942869 2.967890e+02
1264.00044668269834 2.967768e+02
1264.99972316733647 2.967685e+02
1266.0003879788535 2.967640e+02
1267.00033864845113 2.967612e+02
1267.99998568574119 2.967591e+02
1269.00241130910103 2.967607e+02
1270.00212418921797 2.967614e+02
1270.99949781502346 2.967600e+02
1272.00069961486156 2.967565e+02
1272.99960364584672 2.967521e+02
1274.00234622308585 2.967471e+02
1274.99986669649093 2.967429e+02
1276.00123938136585 2.967405e+02
1277.000207835541 2.967391e+02
1277.99978615834652 2.967373e+02
1278.99999296406304 2.967335e+02
1280.00078588853944 2.967273e+02
1281.00218925132981 2.967208e+02
1282.001000308627 2.967091e+02
1282.99989982189345 2.966909e+02
1284.00160128966195 2.966706e+02
1284.99949913572163 2.966515e+02
1285.99948525349669 2.966336e+02
1287.00143195195619 2.966169e+02
1288.0022296618929 2.966018e+02
1289.00193007721691 2.965904e+02
1290.00039502276127 2.965826e+02
1291.00113276644925 2.965776e+02
1292.00123467932281 2.965747e+02
1293.00090210048734 2.965751e+02
1294.00087284951906 2.965773e+02
1295.00153186770967 2.965788e+02
1295.99987680909931 2.965767e+02
1297.00202598392593 2.965725e+02
1298.00198132145988 2.965676e+02
1298.99978490434228 2.965633e+02
1300.00148177374126 2.965602e+02
1301.00084461737083 2.965584e+02
1302.0007922119737 2.965561e+02
1303.00126152487223 2.965520e+02
1304.00222154247763 2.965484e+02
1305.00055956380015 2.965454e+02
1306.00236143979669 2.965348e+02
1307.00113861308932 2.965180e+02
1307.99970352336413 2.964990e+02
1309.00082301903626 2.964793e+02
1310.00105060529063 2.964602e+02
1311.0001943644661 2.964410e+02
1312.00149514521718 2.964237e+02
1313.00181865880609 2.964103e+02
1314.00101850295437 2.964011e+02
1314.99966948671727 2.963940e+02
1316.00094251422252 2.963903e+02
1317.00175474054163 2.963895e+02
1317.99973445341038 2.963908e+02
1319.0011838583041 2.963917e+02
1320.00006145143266 2.963915e+02
1320.9998786588244 2.963892e+02
1322.00059475559601 2.963858e+02
1323.00210252745683 2.963834e+02
1324.00150249071521 2.963811e+02
1325.001828280268 2.963790e+02
1325.99982418465379 2.963772e+02
1327.00134061151948 2.963744e+02
1327.99995232619585 2.963694e+02
1329.00180752360143 2.963623e+02
1330.00047049555064 2.963523e+02
1331.00202380001542 2.963388e+02
1332.00022600971192 2.963217e+02
1333.00110556656159 2.963024e+02
1334.00157945354044 2.962823e+02
1335.00132119213072 2.962630e+02
1336.00020147994837 2.962457e+02
1337.00144249976211 2.962315e+02
1338.00187539297303 2.962211e+02
1339.00179980415351 2.962143e+02
1340.0016842205041 2.962096e+02
1341.00129452928695 2.962063e+02
1342.00090668375151 2.962039e+02
1343.00106692536019 2.962020e+02
1344.00164754809566 2.962007e+02
1344.9995518319779 2.961994e+02
1346.00117803193439 2.961980e+02
1347.00058294570135 2.961961e+02
1348.00065221684781 2.961932e+02
1349.00136195362552 2.961894e+02
1349.99964389572051 2.961854e+02
1351.00132676663816 2.961803e+02
1352.00010720266232 2.961745e+02
1353.00215635971608 2.961682e+02
1354.00093085089838 2.961588e+02
1355.00229045060428 2.961464e+02
1356.00039744744981 2.961314e+02
1357.00151050956129 2.961146e+02
1358.00223619059966 2.960969e+02
1358.99939708340594 2.960790e+02
1359.99940372392257 2.960623e+02
1361.00212330046543 2.960478e+02
1362.00134583883619 2.960362e+02
1363.00052368254137 2.960271e+02
1363.99970074483099 2.960200e+02
1365.00189773459147 2.960145e+02
1366.00131001497152 2.960099e+02
1367.00107700075932 2.960064e+02
1368.0010993491303 2.960035e+02
1369.00152064225426 2.960012e+02
1370.00242757796013 2.960025e+02
1371.00061275779763 2.960131e+02
1372.00225436233609 2.960270e+02
1373.00132172492476 2.960414e+02
1374.00072976524916 2.960557e+02
1375.00047486011385 2.960697e+02
1376.00057610548834 2.960827e+02
1377.00094119779419 2.960943e+02
1378.00147969323575 2.961040e+02
1379.00206281419082 2.961117e+02
1379.99960835852539 2.961174e+02
1381.00035315717696 2.961217e+02
1382.00117982417487 2.961254e+02
1383.00188842857392 2.961295e+02
1384.00238074751178 2.961350e+02
1384.99956844715962 2.961420e+02
1385.9995144857171 2.961513e+02
1387.00206609297879 2.961622e+02
1388.00113261640308 2.961739e+02
1388.99979272700102 2.961858e+02
1390.00100797844289 2.961977e+02
1391.00175440717067 2.962096e+02
1392.00207531668116 2.962215e+02
1393.00194194733967 2.962335e+02
1394.00136542118298 2.962455e+02
1395.00040574753643 2.962576e+02
1396.00215173643983 2.962698e+02
1397.00054185882527 2.962821e+02
1398.0017606700294 2.962943e+02
1398.99976246545953 2.963066e+02
1400.00067484689248 2.963191e+02
1401.00147965706424 2.963320e+02
1402.00219265735041 2.963451e+02
1402.99974176259661 2.963582e+02
1404.00022969408224 2.963714e+02
1405.00059873208011 2.963847e+02
1406.00078672673521 2.963977e+02
1407.0007648413191 2.964103e+02
1408.00052971976174 2.964228e+02
1409.00002698930848 2.964352e+02
1410.00228156024286 2.964477e+02
1411.00118097564541 2.964604e+02
1411.99975509059163 2.964735e+02
1413.00107292269581 2.964875e+02
1414.00213952720424 2.965028e+02
1414.99992407696914 2.965193e+02
1416.00048167130171 2.965371e+02
1417.00075655608157 2.965560e+02
1418.00076763720131 2.965757e+02
1419.000554672622 2.965965e+02
1420.00014793516266 2.966181e+02
1420.99955837955667 2.966405e+02
1422.00182019670569 2.966634e+02
1423.00086064730885 2.966865e+02
1423.99974808299248 2.967099e+02
1425.00155270657524 2.967335e+02
1426.00021303310587 2.967569e+02
1427.00180606315939 2.967802e+02
1428.00027117868967 2.968034e+02
1429.0017150724359 2.968268e+02
1430.00009498698455 2.968502e+02
1431.00148637769485 2.968741e+02
1431.99983459352961 2.968982e+02
1433.00122372700935 2.969231e+02
1433.99958504823076 2.969488e+02
1435.00099013086469 2.969755e+02
1436.00243049145433 2.970032e+02
1437.00092542327593 2.970320e+02
1437.99958640234604 2.970619e+02
1439.00155438035927 2.970929e+02
1440.0008606903175 2.971249e+02
1441.00067439768281 2.971577e+02
1442.00115921649444 2.971914e+02
1442.9994869696277 2.972260e+02
1444.00200200168956 2.972615e+02
1444.99983316629164 2.972976e+02
1446.00244001918691 2.973343e+02
1447.0009158599828 2.973712e+02
1448.00162168231577 2.974085e+02
1449.00147096406477 2.974459e+02
1450.00031629733826 2.974824e+02
1451.00110556522736 2.975171e+02
1452.00062725779549 2.975488e+02
1453.00189060908019 2.975773e+02
1454.00168470785093 2.976035e+02
1454.99982438806978 2.976282e+02
1456.00234023965163 2.976510e+02
1457.00247151166786 2.976706e+02
1457.99978250547156 2.976866e+02
1459.0000124022597 2.977005e+02
1459.9995264321692 2.977131e+02
1461.0012289927638 2.977262e+02
1462.00232118737358 2.977426e+02
1463.00029809577313 2.977646e+02
1464.00179723596398 2.977924e+02
1465.00072702734246 2.978259e+02
1466.00032453342374 2.978635e+02
1467.0007842909647 2.979034e+02
1468.00233265395582 2.979421e+02
1469.0024429164198 2.979767e+02
1470.00076987063153 2.980050e+02
1471.0020755894061 2.980305e+02
1472.00185651071888 2.980549e+02
1473.0019727176757 2.980776e+02
1474.0018970851163 2.980987e+02
1475.00196698163882 2.981188e+02
1476.00021590997676 2.981398e+02
1477.0006522291103 2.981647e+02
1478.00060194689854 2.981985e+02
1479.00007764097563 2.982449e+02
1479.99938356386815 2.983004e+02
1480.99952132620911 2.983613e+02
1482.00159064828904 2.984196e+02
1483.00023121288996 2.984696e+02
1483.99944084453546 2.985104e+02
1485.00228560442292 2.985426e+02
1486.00048169832712 2.985668e+02
1487.00101512764513 2.985815e+02
1487.99948263876536 2.985877e+02
1489.00164878039186 2.985882e+02
1490.00120211845046 2.985866e+02
1491.00149582673566 2.985862e+02
1491.99957597045659 2.985900e+02
1493.00217855849564 2.986023e+02
1494.00152038810575 2.986267e+02
1495.00232985045204 2.986656e+02
1495.99957868875367 2.987184e+02
1497.00041299866211 2.987795e+02
1498.00228026435752 2.988376e+02
1499.0019717056748 2.988874e+02
1499.99944198550452 2.989277e+02
1501.00197434916413 2.989597e+02
1502.00097798465208 2.989835e+02
1503.00095592908497 2.990031e+02
1504.00100045218869 2.990230e+02
1505.00138450374584 2.990424e+02
1505.99963133765618 2.990574e+02
1507.00218859816141 2.990664e+02
1508.00215459009792 2.990704e+02
1509.00145067798485 2.990705e+02
1510.0004111013784 2.990731e+02
1511.00043633165319 2.990890e+02
1512.00090013349381 2.991197e+02
1513.00150129576082 2.991639e+02
1514.00045613390421 2.992211e+02
1515.0004895439115 2.992857e+02
1516.00064640102619 2.993500e+02
1517.00025946888468 2.994059e+02
1518.00180260865295 2.994512e+02
1519.00094428725606 2.994903e+02
1519.99947743220218 2.995227e+02
1520.99967138157922 2.995414e+02
1522.00110347006535 2.995458e+02
1523.00085806139145 2.995393e+02
1524.00227354593676 2.995312e+02
1525.00214313299193 2.995296e+02
1526.00015786992503 2.995352e+02
1527.00225177713651 2.995450e+02
1528.0001851478421 2.995587e+02
1529.00168708036381 2.995803e+02
1530.00184077485028 2.996157e+02
1531.00138248521512 2.996674e+02
1532.00054613347834 2.997307e+02
1532.99935756371656 2.997958e+02
1534.00080229890591 2.998531e+02
1535.00063800180737 2.999018e+02
1536.00044809441829 2.999430e+02
1537.0024513020403 2.999749e+02
1538.00021715961134 2.999943e+02
1539.00022536233246 3.000024e+02
1539.99965146088675 3.000008e+02
1541.00160632775419 2.999954e+02
1542.00242846992796 2.999947e+02
1543.00146703839664 3.000012e+02
1544.00122770013149 3.000156e+02
1545.00229609782764 3.000406e+02
1546.00005043585611 3.000778e+02
1547.00231625834817 3.001278e+02
1548.00075620504799 3.001889e+02
1549.0018650204122 3.002587e+02
1550.00243819486718 3.003313e+02
1551.0020190543928 3.004002e+02
1552.00188377580912 3.004622e+02
1553.00061469208367 3.005151e+02
1554.00061680319368 3.005550e+02
1555.00160644996754 3.005829e+02
1556.00103445746504 3.006020e+02
1556.9994068021947 3.006157e+02
1558.00018298727855 3.006315e+02
1559.00006911144374 3.006541e+02
1560.00154254704034 3.006837e+02
1561.00136399896451 3.007187e+02
1562.00043796229738 3.007572e+02
1563.00021025949127 3.007999e+02
1564.0019983830025 3.008483e+02
1565.00040247734796 3.009043e+02
1566.00159256775419 3.009660e+02
1567.00076829848354 3.010285e+02
1567.99969698232621 3.010864e+02
1569.00080821864981 3.011371e+02
1570.00041200809414 3.011798e+02
1571.0017829885478 3.012156e+02
1572.00230063813865 3.012452e+02
1572.9994080157328 3.012709e+02
1573.99991457438978 3.012967e+02
1575.00099178592723 3.013282e+02
1575.99936336314477 3.013671e+02
1577.00090348195931 3.014118e+02
1578.0023832285392 3.014579e+02
1579.0006851629214 3.015027e+02
1580.00212364575168 3.015471e+02
1581.00060599417634 3.015940e+02
1582.0022305594332 3.016442e+02
1583.00067724483029 3.016949e+02
1584.00192758469302 3.017452e+02
1585.00235790405236 3.017944e+02
1586.00149275982881 3.018414e+02
1587.00222385816323 3.018860e+02
1588.00146541143567 3.019304e+02
1588.99958546689709 3.019765e+02
1590.00006341164863 3.020253e+02
1591.00005538963728 3.020764e+02
1591.99975114748372 3.021291e+02
1593.00243515408761 3.021828e+02
1594.00204142697703 3.022352e+02
1595.00164709542446 3.022854e+02
1596.00119063272928 3.023330e+02
1597.00052817956089 3.023781e+02
1597.99952182841821 3.024206e+02
1599.00130684936221 3.024614e+02
1599.99981535713846 3.025009e+02
1601.00145051019399 3.025401e+02
1602.00010329296651 3.025791e+02
1603.00191414534584 3.026176e+02
1604.00051873423399 3.026445e+02
1605.00191450489137 3.026468e+02
1605.99975262272596 3.026398e+02
1607.00023190400702 3.026288e+02
1608.00043648950623 3.026154e+02
1609.00055999963502 3.026004e+02
1610.0009170024116 3.025843e+02
1611.001741257418 3.025680e+02
1612.0001706721118 3.025527e+02
1612.999404804264 3.025386e+02
1613.9995002829116 3.025257e+02
1615.0003973314017 3.025136e+02
1616.00190457780104 3.025015e+02
1617.00081760004173 3.024890e+02
1618.00021618120877 3.024759e+02
1619.00012759630522 3.024622e+02
1620.00058389813239 3.024477e+02
1621.00153054397197 3.024317e+02
1621.99990632452636 3.024143e+02
1623.00186297378309 3.023957e+02
1624.00109695929541 3.023764e+02
1625.00060884548589 3.023560e+02
1626.00037577899548 3.023349e+02
1627.00034948603729 3.023130e+02
1628.00057745026311 3.022895e+02
1629.00102148624933 3.022650e+02
1630.00169563352665 3.022386e+02
1630.99943060590749 3.022109e+02
1632.00040985007013 3.021815e+02
1633.00151218209294 3.021512e+02
1633.99962168989737 3.021211e+02
1635.00099494452138 3.020915e+02
1635.99951230194438 3.020631e+02
1637.0015764402583 3.020356e+02
1638.00095035058303 3.020090e+02
1639.00084290852033 3.019820e+02
1640.00127968392349 3.019534e+02
1641.00231041250436 3.019216e+02
1642.00085439373447 3.018854e+02
1643.00006424387175 3.018454e+02
1643.99993741584012 3.018031e+02
1645.00046120292927 3.017596e+02
1646.00154547154466 3.017162e+02
1646.99998948904863 3.016736e+02
1648.0019560656674 3.016319e+02
1649.00108395298275 3.015913e+02
1650.00040923495135 3.015517e+02
1650.9998145295267 3.015130e+02
1652.00228328488492 3.014756e+02
1653.00135786075043 3.014396e+02
1653.99990519593848 3.014044e+02
1655.00094263863707 3.013700e+02
1656.00144990515332 3.013350e+02
1657.001486180342 3.012994e+02
1658.00114828848768 3.012634e+02
1659.00056125673336 3.012269e+02
1659.99983203648662 3.011897e+02
1661.00217269050086 3.011522e+02
1662.00136381713992 3.011155e+02
1663.00060897905269 3.010797e+02
1664.00000080221275 3.010458e+02
1664.99961876574889 3.010138e+02
1665.9994337060391 3.009822e+02
1666.99945094847817 3.009504e+02
1667.99969823608831 3.009169e+02
1669.0002503347398 3.008816e+02
1670.00112697989584 3.008465e+02
1671.00223801401739 3.008143e+02
1672.00029298165714 3.007876e+02
1673.00147125443232 3.007669e+02
1674.0024235614801 3.007494e+02
1674.99991810012102 3.007309e+02
1676.00018549485685 3.007067e+02
1677.00034258195728 3.006740e+02
1678.0006078432657 3.006336e+02
1679.00074318016118 3.005878e+02
1680.00061815672484 3.005391e+02
1680.99996409869118 3.004899e+02
1682.00176703641841 3.004415e+02
1682.9994812510713 3.003934e+02
1684.00210582807949 3.003456e+02
1684.9997232986882 3.002979e+02
1686.00162352087023 3.002497e+02
1686.99928511856547 3.002048e+02
1688.00013261928802 3.001652e+02
1689.00208923491664 3.001313e+02
1689.99973834586353 3.001036e+02
1690.99948128723213 3.000818e+02
1692.00121101059153 3.000655e+02
1693.00136240399593 3.000537e+02
1693.99957141443906 3.000447e+02
1695.00190741234201 3.000344e+02
1696.00013208434189 3.000190e+02
1697.00077737072206 2.999942e+02
1698.00160860480719 2.999609e+02
1699.00195378476951 2.999188e+02
1700.00183178807356 2.998712e+02
1701.00212652200298 2.998200e+02
1702.00197227292597 2.997657e+02
1702.99924638317179 2.997103e+02
1704.00077320654168 2.996570e+02
1704.99997854296589 2.996113e+02
1706.00161548434903 2.995745e+02
1707.00146394703415 2.995459e+02
1707.99926734734345 2.995247e+02
1709.00170158088281 2.995090e+02
1710.00025709872853 2.994954e+02
1711.00200663532223 2.994816e+02
1712.00099446604986 2.994663e+02
1713.00023424793358 2.994488e+02
1713.99943710887783 2.994406e+02
1715.00202866329209 2.994345e+02
1716.00197178756753 2.994261e+02
1716.99942580786842 2.994133e+02
1718.00083168834226 2.993955e+02
1718.99953573065409 2.993732e+02
1720.00078094724836 2.993470e+02
1721.00014633540104 2.993184e+02
1721.99924175523415 2.992902e+02
1723.00042829580616 2.992659e+02
1724.00113965048058 2.992478e+02
1724.99954316198364 2.992377e+02
1726.0002667158908 2.992338e+02
1727.00192361754353 2.992333e+02
1727.99944069978505 2.992347e+02
1728.99928636835784 2.992367e+02
1730.00114352220453 2.992380e+02
1731.00170482415865 2.992356e+02
1732.00057964351049 2.992286e+02
1733.00037499755285 2.992178e+02
1734.00094982649284 2.992029e+02
1734.99938763210798 2.991831e+02
1736.00232569371678 2.991579e+02
1737.00073653296545 2.991272e+02
1738.0009665585801 2.990945e+02
1739.00225875173533 2.990620e+02
1739.99989089831297 2.990305e+02
1741.00141984554466 2.989993e+02
1741.99934770596747 2.989684e+02
1742.99990019412962 2.989389e+02
1744.00091572768224 2.989133e+02
1745.00068450912227 2.988932e+02
1746.00062133516371 2.988787e+02
1747.00198500961801 2.988715e+02
1748.00224695144425 2.988701e+02
1749.00126858479257 2.988694e+02
1750.00161968650377 2.988664e+02
1750.9997092020028 2.988615e+02
1752.00144777802461 2.988564e+02
1753.00026170735805 2.988498e+02
1754.00218669342166 2.988398e+02
1755.00139858895091 2.988294e+02
1756.00128267370133 2.988164e+02
1757.00205770201205 2.988052e+02
1758.00002264717455 2.987990e+02
1759.00062327042133 2.987954e+02
1760.00025216299309 2.987943e+02
1761.00187348628788 2.987978e+02
1762.00212852821619 2.988061e+02
1763.00081485484156 2.988181e+02
1764.00107686984484 2.988321e+02
1764.9998568213789 2.988461e+02
1766.00019417094722 2.988592e+02
1767.0017915733315 2.988704e+02
1768.00125262652091 2.988784e+02
1768.99937462505045 2.988840e+02
1769.99997874569317 2.988868e+02
1771.00060046397971 2.988866e+02
1772.00124592962334 2.988831e+02
1773.00211127545663 2.988775e+02
1774.00011331133851 2.988697e+02
1775.00109214504914 2.988606e+02
1776.00195505511169 2.988506e+02
1776.99985129126799 2.988399e+02
1778.00076166344184 2.988291e+02
1779.00138012028287 2.988181e+02
1780.00177172110102 2.988074e+02
1781.00190062878801 2.987971e+02
1782.00144119139713 2.987879e+02
1783.00066928198794 2.987786e+02
1783.99998476426481 2.987689e+02
1785.00226558580243 2.987587e+02
1786.00144910440167 2.987486e+02
1787.00124547982864 2.987377e+02
1788.00168827893708 2.987268e+02
1789.0022080209028 2.987151e+02
1789.9995911069966 2.987035e+02
1791.00010002287286 2.986917e+02
1792.00026048073732 2.986808e+02
1792.99940565161046 2.986723e+02
1794.00095048029311 2.986651e+02
1795.0022039799876 2.986593e+02
1796.0023919818257 2.986543e+02
1797.0014321338056 2.986496e+02
1798.0031820424424 2.986475e+02
1799.00156390193 2.986445e+02
1800.00253116195722 2.986415e+02
1801.00297931816453 2.986388e+02
1802.00299992428063 2.986358e+02
1803.0026530194275 2.986321e+02
1804.00192578488122 2.986274e+02
1805.000839223203 2.986219e+02
1806.00251118268443 2.986163e+02
1807.00089268304328 2.986111e+02
1808.00212839875189 2.986060e+02
1809.00322868427702 2.986008e+02
1810.00123368741583 2.985952e+02
1811.00235695240326 2.985891e+02
1812.00364398830607 2.985824e+02
1813.00213186630731 2.985748e+02
1814.00095316821785 2.985665e+02
1815.00329309993526 2.985571e+02
1816.00313267045703 2.985469e+02
1817.00359492397411 2.985355e+02
1818.00164024281912 2.985234e+02
1819.00338250235836 2.985107e+02
1820.0026825321338 2.984982e+02
1821.00259879485566 2.984857e+02
1822.00308566601916 2.984729e+02
1823.0010054460347 2.984600e+02
1824.00245336836861 2.984466e+02
1825.00125472971558 2.984331e+02
1826.00354656955096 2.984192e+02
1827.00317555549532 2.984054e+02
1828.00316531953194 2.983918e+02
1829.00344495855757 2.983777e+02
1830.00091375567354 2.983643e+02
1831.00170963893424 2.983523e+02
1832.00275104385969 2.983422e+02
1833.00099577118704 2.983343e+02
1834.00262212345956 2.983281e+02
1835.00145909217144 2.983229e+02
1836.00363627737488 2.983175e+02
1837.00284107066341 2.983118e+02
1838.0020743905136 2.983068e+02
1839.00126184375517 2.983020e+02
1840.00347155332656 2.982967e+02
1841.0025508381018 2.982908e+02
1842.00155061300438 2.982835e+02
1843.00350071229127 2.982760e+02
1844.00220903286663 2.982689e+02
1845.00068662928334 2.982630e+02
1846.00192323909232 2.982582e+02
1847.00263463570627 2.982538e+02
1848.00268451952502 2.982494e+02
1849.00213299693814 2.982452e+02
1850.00100608008006 2.982424e+02
1851.0022153825455 2.982416e+02
1852.00270173464378 2.982430e+02
1853.00272756874369 2.982445e+02
1854.00229258205809 2.982447e+02
1855.0012055603006 2.982429e+02
1856.00257166980896 2.982391e+02
1857.00343100416558 2.982339e+02
1858.00078343365203 2.982281e+02
1859.00083484139236 2.982218e+02
1860.00369642245778 2.982146e+02
1861.00354752279736 2.982073e+02
1862.00350560142761 2.981994e+02
1863.0035626065021 2.981918e+02
1864.00370203119996 2.981853e+02
1865.00088835834981 2.981806e+02
1866.00129610488921 2.981777e+02
1867.0019502342202 2.981756e+02
1868.00292411733312 2.981735e+02
1869.00119235790589 2.981706e+02
1870.00291698685533 2.981662e+02
1871.00203684173857 2.981604e+02
1872.00166842417707 2.981537e+02
1873.00183204891277 2.981463e+02
1874.00253244347687 2.981382e+02
1875.00067797616498 2.981299e+02
1876.00235570301584 2.981219e+02
1877.00134049012922 2.981130e+02
1878.00370017286377 2.981031e+02
1879.00323184173499 2.980933e+02
1880.00296275255596 2.980841e+02
1881.00285955580875 2.980761e+02
1882.00289861750957 2.980686e+02
1883.00301181904797 2.980614e+02
1884.00309687418894 2.980544e+02
1885.00306864686081 2.980472e+02
1886.00284294952485 2.980398e+02
1887.00234465961034 2.980326e+02
1888.00154075534124 2.980257e+02
1889.00351601047259 2.980196e+02
1890.00211980521772 2.980144e+02
1891.00345882449597 2.980099e+02
1892.00132752346803 2.980056e+02
1893.00179110609611 2.980014e+02
1894.00172549117133 2.979977e+02
1895.00114435379396 2.979948e+02
1896.00317729971152 2.979927e+02
1897.00176541026667 2.979909e+02
1898.00310227232353 2.979890e+02
1899.00112432637047 2.979865e+02
1900.00199415479256 2.979829e+02
1901.00268508550562 2.979782e+02
1902.00324489102627 2.979724e+02
1903.00067780807171 2.979655e+02
1904.00116893688096 2.979578e+02
1905.00172753394645 2.979499e+02
1906.00243050581662 2.979419e+02
1907.00331604072176 2.979338e+02
1908.00133635087923 2.979255e+02
1909.00263672734468 2.979172e+02
1910.00112222546841 2.979094e+02
1911.00296088655296 2.979020e+02
1912.00207679922892 2.978951e+02
1913.00157131657738 2.978885e+02
1914.0014659620997 2.978818e+02
1915.00176211387065 2.978745e+02
1916.00241713867035 2.978658e+02
1917.00337970135502 2.978560e+02
1918.00152410672695 2.978462e+02
1919.00295446820815 2.978364e+02
1920.00147821812379 2.978279e+02
1921.00319250787675 2.978204e+02
1922.00190018356329 2.978136e+02
1923.00367667732939 2.978074e+02
1924.00231320394983 2.978020e+02
1925.00085054596752 2.977977e+02
1926.00234658928684 2.977943e+02
1927.00066827513706 2.977911e+02
1928.00197339102033 2.977877e+02
1929.00317185618997 2.977833e+02
1930.00115662418966 2.977771e+02
1931.0020289618908 2.977693e+02
1932.00266997339349 2.977610e+02
1933.00304026816934 2.977523e+02
1934.00312706944919 2.977443e+02
1935.00293311370251 2.977373e+02
1936.00249483846096 2.977315e+02
1937.00187742966887 2.977270e+02
1938.00107481601731 2.977229e+02
1939.00308913791719 2.977180e+02
1940.00173789337691 2.977118e+02
1941.00314031610674 2.977051e+02
1942.00119715363758 2.976989e+02
1943.00207359093361 2.976938e+02
1944.00276290757347 2.976900e+02
1945.00332228851448 2.976877e+02
1946.00069841411573 2.976857e+02
1947.00100086764428 2.976826e+02
1948.00112948035917 2.976777e+02
1949.00105557928305 2.976717e+02
1950.00082971662141 2.976656e+02
1951.00361115546343 2.976595e+02
1952.00337636038716 2.976528e+02
1953.00321626309483 2.976444e+02
1954.00312215679037 2.976345e+02
1955.00307609289462 2.976242e+02
1956.00305144581966 2.976140e+02
1957.00301968329859 2.976041e+02
1958.00297924992606 2.975950e+02
1959.00297882971608 2.975874e+02
1960.00312658187727 2.975815e+02
1961.00358033289103 2.975768e+02
1962.00136260513614 2.975727e+02
1963.00265034820723 2.975675e+02
1964.00129665287682 2.975600e+02
1965.0033080088167 2.975504e+02
1966.00242611211615 2.975406e+02
1967.00166093293751 2.975313e+02
1968.00098542149908 2.975228e+02
1969.003452924155 2.975150e+02
1970.00293097017425 2.975078e+02
1971.00246494421754 2.975012e+02
1972.00199676307739 2.974961e+02
1973.00145048211289 2.974925e+02
1974.00077325672851 2.974897e+02
1975.00299685821983 2.974853e+02
1976.00181342653332 2.974799e+02
1977.00312543315886 2.974737e+02
1978.00365643496116 2.974667e+02
1979.00344036292677 2.974588e+02
1980.0026816542811 2.974513e+02
1981.00158498880023 2.974432e+02
1982.00346116157039 2.974367e+02
1983.002419493557 2.974319e+02
1984.00170847316303 2.974281e+02
1985.00132753220259 2.974247e+02
1986.00126051317852 2.974217e+02
1987.00152162155882 2.974171e+02
1988.00204114705662 2.974097e+02
1989.00275316103739 2.974001e+02
1990.00360847035699 2.973902e+02
1991.00149199161046 2.973821e+02
1992.00253880279774 2.973771e+02
1993.00068093046866 2.973736e+02
1994.00206961461663 2.973705e+02
1995.00364827253907 2.973674e+02
1996.0023038099821 2.973645e+02
1997.00096741491438 2.973606e+02
1998.0024228172017 2.973544e+02
1999.00350276918516 2.973467e+02
2000.00075446259234 2.973389e+02
2001.00296706496329 2.973315e+02
2002.0012220535034 2.973235e+02
2003.00192095665057 2.973143e+02
2004.00176193355696 2.973050e+02
2005.00108269350926 2.972973e+02
2006.00338639999222 2.972897e+02
2007.0027700639771 2.972832e+02
2008.00233465768588 2.972785e+02
2009.00225032238359 2.972761e+02
2010.00273508872078 2.972740e+02
2011.00083002076485 2.972699e+02
2012.00260824764155 2.972627e+02
2013.00191475351971 2.972532e+02
2014.00177235648471 2.972436e+02
2015.00216108675841 2.972352e+02
2016.00306214790498 2.972279e+02
2017.00143718481513 2.972210e+02
2018.00339522475929 2.972149e+02
2019.00281029238272 2.972083e+02
2020.00267571088489 2.972008e+02
2021.00281098375672 2.971923e+02
2022.00296304469157 2.971812e+02
2023.00271257443978 2.971681e+02
2024.00124321984322 2.971565e+02
2025.00122630078977 2.971483e+02
2026.00286915903871 2.971428e+02
2027.00303655528046 2.971379e+02
2028.00179934005905 2.971325e+02
2029.00278567070768 2.971279e+02
2030.00323845515754 2.971245e+02
2031.00350808922417 2.971210e+02
2032.00084460318817 2.971177e+02
2033.0015562340775 2.971152e+02
2034.00281575636041 2.971120e+02
2035.00179230511208 2.971072e+02
2036.0015614141937 2.971008e+02
2037.00202313901968 2.970935e+02
2038.00318164159421 2.970871e+02
2039.00196530910466 2.970817e+02
2040.00143296293118 2.970770e+02
2041.00161664371512 2.970719e+02
2042.00252340873794 2.970669e+02
2043.00111591430982 2.970604e+02
2044.00342272583976 2.970507e+02
2045.00301109498173 2.970380e+02
2046.00267185356074 2.970210e+02
2047.00202035945949 2.970019e+02
2048.00326126993423 2.969857e+02
2049.00286771681613 2.969726e+02
2050.00098288773688 2.969633e+02
2051.00356602766078 2.969569e+02
2052.00170870704915 2.969518e+02
2053.00194536252684 2.969478e+02
2054.00136057740929 2.969463e+02
2055.00356838141215 2.969447e+02
2056.00292317413505 2.969431e+02
2057.00267008224546 2.969416e+02
2058.00304079799389 2.969400e+02
2059.00126023695793 2.969368e+02
2060.00344594271428 2.969320e+02
2061.00341804538948 2.969270e+02
2062.00119629217079 2.969225e+02
2063.0028516889297 2.969188e+02
2064.00222567329592 2.969153e+02
2065.00239829428983 2.969112e+02
2066.00341150416216 2.969060e+02
2067.00219639353782 2.968983e+02
2068.00171200319846 2.968877e+02
2069.0016618419404 2.968727e+02
2070.00171616364332 2.968539e+02
2071.0015048238688 2.968346e+02
2072.00334501653242 2.968169e+02
2073.00342561357093 2.968025e+02
2074.0019323071092 2.967907e+02
2075.00222941611082 2.967814e+02
2076.00096495335811 2.967754e+02
2077.00115350474061 2.967722e+02
2078.00372173416645 2.967702e+02
2079.00288396348196 2.967705e+02
2080.00198859696138 2.967714e+02
2081.00155863485861 2.967708e+02
2082.00185503933471 2.967683e+02
2083.00295785878325 2.967640e+02
2084.00184358332945 2.967594e+02
2085.00162963801267 2.967550e+02
2086.00239181526513 2.967524e+02
2087.00097364334943 2.967513e+02
2088.00332476475933 2.967501e+02
2089.00330772718553 2.967476e+02
2090.0009166415839 2.967432e+02
2091.00225344570572 2.967367e+02
2092.0012445459829 2.967296e+02
2093.0006934425769 2.967156e+02
2094.0032326763012 2.966955e+02
2095.0025080074879 2.966741e+02
2096.00101780323212 2.966541e+02
2097.00124825450257 2.966349e+02
2098.0032595536909 2.966173e+02
2099.00129492441147 2.966029e+02
2100.00075973148159 2.965945e+02
2101.00185287318254 2.965895e+02
2102.00249111287667 2.965863e+02
2103.00240377888713 2.965858e+02
2104.00202410932661 2.965884e+02
2105.00223081911054 2.965920e+02
2106.00310211248643 2.965928e+02
2107.00164171949382 2.965897e+02
2108.00104572009877 2.965843e+02
2109.00142436276656 2.965791e+02
2110.00277566998011 2.965754e+02
2111.00196703177608 2.965733e+02
2112.00191128419783 2.965720e+02
2113.00244528067424 2.965698e+02
2114.003485032551 2.965655e+02
2115.0019373895957 2.965639e+02
2116.00083694385967 2.965605e+02
2117.00311810845051 2.965479e+02
2118.00229165387236 2.965299e+02
2119.0012222957198 2.965096e+02
2120.00269066419878 2.964890e+02
2121.003144314981 2.964681e+02
2122.0024150366994 2.964481e+02
2123.00092105317572 2.964311e+02
2124.00145393584626 2.964186e+02
2125.00094681794053 2.964097e+02
2126.00310919082358 2.964050e+02
2127.00171237041377 2.964033e+02
2128.00296901846423 2.964041e+02
2129.0014414031516 2.964058e+02
2130.00337991044671 2.964064e+02
2131.00294446678481 2.964056e+02
2132.00335781073318 2.964032e+02
2133.00151957377284 2.964005e+02
2134.00361650851119 2.963979e+02
2135.00358297861021 2.963956e+02
2136.00128483326444 2.963938e+02
2137.00275044738373 2.963919e+02
2138.00152180095256 2.963881e+02
2139.00354819323184 2.963830e+02
2140.00265016500089 2.963759e+02
2141.00146836417889 2.963653e+02
2142.00318211652984 2.963512e+02
2143.00171898960298 2.963337e+02
2144.00293483093992 2.963145e+02
2145.00370166064613 2.962948e+02
2146.00083282030437 2.962761e+02
2147.00336573237473 2.962591e+02
2148.00218501494828 2.962454e+02
2149.00370381196899 2.962353e+02
2150.00185310760025 2.962284e+02
2151.00267934925841 2.962236e+02
2152.00352558224495 2.962200e+02
2153.00156079542103 2.962176e+02
2154.00277182069476 2.962162e+02
2155.00126391157755 2.962149e+02
2156.00337579065899 2.962135e+02
2157.00295903740016 2.962120e+02
2158.0031103561796 2.962102e+02
2159.00089488253207 2.962077e+02
2160.00224171053605 2.962042e+02
2161.00088277653049 2.961997e+02
2162.00295674707922 2.961945e+02
2163.0022145830485 2.961884e+02
2164.00151641944831 2.961812e+02
2165.0037007761407 2.961720e+02
2166.0026573043883 2.961603e+02
2167.0046533909699 2.961449e+02
2168.003601550879 2.961279e+02
2169.0024720152578 2.961103e+02
2170.00427070776459 2.960929e+02
2171.00291971750903 2.960764e+02
2172.00451722358275 2.960620e+02
2173.00293606658306 2.960500e+02
2174.00440079226973 2.960401e+02
2175.00287674348783 2.960320e+02
2176.00445491961227 2.960254e+02
2177.00306363457867 2.960200e+02
2178.00493823364604 2.960154e+02
2179.00393298125437 2.960118e+02
2180.00316521739842 2.960087e+02
2181.00270729721115 2.960056e+02
2182.00255340593776 2.960078e+02
2183.0027612512522 2.960173e+02
2184.00343312634368 2.960284e+02
2185.00455711753602 2.960399e+02
2186.00304032911936 2.960513e+02
2187.0050750398068 2.960624e+02
2188.0045447959078 2.960725e+02
2189.00446784087035 2.960816e+02
2190.00478689352713 2.960900e+02
2191.00233478928112 2.960977e+02
2192.00317310535047 2.961043e+02
2193.00414791706407 2.961107e+02
2194.00520597156537 2.961172e+02
2195.00315193152665 2.961240e+02
2196.00401482119923 2.961311e+02
2197.00462871744367 2.961383e+02
2198.00485833761195 2.961462e+02
2199.00465061427531 2.961544e+02
2200.0039397326027 2.961630e+02
2201.00269980830899 2.961719e+02
2202.0039898191972 2.961813e+02
2203.0047052543105 2.961912e+02
