#         Time      average
     0.999427          500
      1.99748          500
      2.99726          500
      3.99974          500
      4.99984          500
      5.99802          500
      6.99747          500
      7.99741          500
      8.99706          500
      9.99819          500
      10.9976          500
      11.9977          500
      12.9982          500
      13.9998          500
      14.9997          500
      15.9996          500
      16.9985          500
      17.9972          500
      18.9973          500
      19.9988          500
      20.9996          500
       21.999          500
      22.9993          500
      23.9974          500
      24.9989          500
      25.9978          500
      26.9976          500
      27.9987          500
       28.998          500
      29.9979          500
       30.998          500
      31.9977          500
      32.9999          500
      33.9988          500
      34.9979          500
      35.9977          500
      36.9987          500
       37.998          500
      38.9985          500
      39.9996          500
      40.9975          500
      41.9979          500
      42.9978          500
      43.9975          500
      44.9976          500
      45.9987          500
      46.9979          500
      47.9988          500
      48.9985          500
      49.9999          500
      50.9997          500
      51.9977          500
           53          500
      53.9973          500
       54.999          500
      55.9988          500
      56.9998          500
      57.9987          500
      58.9985          500
      59.9991          500
       60.997          500
      61.9982          500
      62.9991          500
      63.9994          500
       64.999          500
      65.9976          500
      66.9987          500
      67.9991          500
      68.9993          500
       69.999          500
      70.9984          500
      71.9973          500
      72.9987          500
      73.9998          500
      74.9974          500
      75.9979          500
       76.998          500
      77.9978          500
      78.9972          500
      79.9993      1764.74
       80.998      1763.68
      81.9997      1764.18
      82.9983      1765.24
      83.9999       1766.6
      84.9988      1768.18
      85.9978      1769.94
           87      1771.88
      87.9989      1773.96
      88.9973      1776.17
       89.998      1778.48
      90.9978      1780.88
      91.9995      1783.36
       92.997      1785.89
      93.9996       1788.5
      94.9982      1791.16
       95.999      1793.89
       96.999      1796.69
      97.9984      1799.57
      98.9973       1802.5
      99.9989      1805.52
      100.997      1808.56
      101.998       1811.7
          103       1814.9
      103.998       1818.2
      104.999      1821.61
      105.997      1825.09
      106.999      1828.69
          108      1832.38
      108.998      1836.16
      109.999      1840.02
      110.997      1843.96
      111.998      1847.98
      112.999      1852.09
      113.999      1856.27
          115      1860.53
          116      1864.87
          117      1869.28
          118      1873.77
          119      1878.33
      119.999      1882.95
      120.999      1887.66
      121.998      1892.47
      122.997      1897.38
      123.999      1902.39
      124.998      1907.46
      125.999      1912.72
      126.998      1918.02
      127.999      1923.41
      128.999      1928.76
          130      1934.15
      130.997      1939.61
          132      1945.07
      132.999      1950.49
      133.998      1955.83
          135      1961.12
      135.998      1966.39
          137      1971.65
      137.998      1977.04
          139      1982.53
      139.998      1987.93
      140.998      1993.21
      141.998      1998.48
      142.998      2003.78
      143.997       2009.2
          145      2014.79
      145.997      2020.48
      146.999      2026.33
      147.999      2032.27
          149      2038.36
      149.998      2044.58
      150.998      2050.94
          152      2057.39
      152.999      2063.99
      153.997      2070.61
      154.999       2077.4
      155.999      2084.15
      156.997         2091
      157.999      2098.02
      158.999      2105.23
          160      2112.65
      160.998      2120.16
      161.997      2127.73
      162.998      2135.31
      163.999      2142.78
      164.998      2150.02
      165.998      2156.97
      166.999       2163.6
      167.998      2169.91
          169      2175.95
      169.999      2182.53
      170.997      2190.34
          172       2199.7
      172.997      2210.06
      173.999         2221
      174.997       2231.8
          176       2241.8
          177      2250.31
      177.997      2257.39
      178.998      2263.39
          180      2269.02
      180.998      2274.94
      181.997      2281.75
          183      2289.37
      183.998      2297.39
      184.999      2305.19
      185.997      2312.59
      186.998      2320.46
      187.999      2329.05
          189       2337.8
      189.998         2346
      190.998      2353.61
      191.999      2360.92
      192.997      2368.19
      193.998      2374.73
      194.998       2379.7
      195.998      2383.08
      196.997       2385.6
          198      2388.25
      198.999      2391.83
      199.999      2396.52
      200.998       2401.9
      201.998      2407.38
          203      2412.67
      203.999      2417.96
      204.999      2423.44
      205.998      2429.52
      206.998      2436.08
          208      2442.75
          209      2449.29
          210      2455.59
      210.998      2461.72
      211.997      2467.84
      212.997      2474.43
      213.997      2481.53
      214.997      2486.77
      215.998      2490.96
      216.998      2495.12
      217.999      2499.78
      218.998      2504.05
      219.997      2508.04
      220.999      2511.99
      221.997      2515.95
      222.997      2519.96
      223.997      2523.64
      224.998      2527.42
      225.999      2531.55
      226.999      2535.75
      227.998      2539.97
      228.999      2544.24
      229.998      2548.59
          231      2552.64
      231.998      2556.06
      232.997      2558.79
      233.999       2560.8
          235      2562.23
      235.998       2563.1
      236.998      2563.83
      237.998      2564.42
      238.999      2564.84
      239.999      2565.19
      240.997      2565.62
      241.999      2566.31
      242.998      2567.29
      243.999      2568.54
      244.998      2569.96
      245.998      2571.45
          247      2572.95
          248      2574.61
      248.999      2576.22
      249.997      2578.89
      250.998      2582.23
          252      2586.08
      252.997      2590.42
          254      2595.09
      254.998      2600.21
      255.998      2605.74
      256.999      2611.85
          258      2618.31
      258.999      2625.07
      259.998      2632.05
      260.997      2638.89
      261.999         2645
      262.997      2649.72
      263.998      2652.43
      264.997      2652.81
      265.999      2650.58
      266.999      2646.33
      267.997       2640.3
      268.998       2634.5
      269.997      2629.65
      270.997      2626.52
      271.999      2625.02
      272.999      2624.91
      273.997       2625.7
      274.998      2626.79
      275.998      2627.95
      276.997      2629.21
      277.998      2630.42
      278.997      2630.98
      279.998      2630.19
      280.998      2627.84
      281.997      2624.52
      282.998      2621.12
      283.998      2618.44
      284.999      2616.73
      285.999      2616.39
      286.998      2617.71
          288       2620.7
      288.999      2625.04
          290      2630.17
      290.999      2635.72
      291.997      2640.94
      292.999      2645.65
      293.999      2649.96
      294.999      2653.71
      295.998      2656.62
      296.998      2658.24
      297.997       2658.8
          299      2659.15
      299.999       2660.1
      300.999      2662.04
      301.998      2664.74
      302.999      2667.75
      303.997      2670.88
          305      2674.01
          306      2677.12
      306.997      2680.18
      307.999       2683.1
          309      2685.63
      309.998      2687.63
      310.997      2688.85
          312      2689.23
          313       2688.9
      313.998      2688.23
      314.999      2687.62
      315.999      2687.41
      316.999      2688.17
      317.999      2689.45
          319      2691.02
      319.998      2693.02
      320.997      2695.43
          322      2698.06
          323      2700.41
      323.999      2702.74
      324.998      2705.08
          326      2707.37
      326.997      2709.48
      327.999      2711.18
      328.997      2711.91
      329.997      2710.92
          331      2708.21
      331.998      2704.74
      332.999       2701.8
      333.999      2700.41
      334.998      2701.36
          336      2704.11
      336.998       2707.6
      337.999      2710.75
      338.997      2713.42
      339.999      2715.69
      340.998      2717.47
      341.997      2718.53
      342.999      2719.09
      343.998      2719.59
      344.997       2720.3
      345.999      2721.55
          347      2723.52
      347.998      2726.09
      348.999      2728.86
      349.997      2731.61
      350.999      2734.23
      351.997      2736.82
      352.999      2739.28
      353.998      2741.66
          355      2743.93
      355.998      2745.88
          357      2747.33
      357.998      2748.29
      358.999      2748.94
      359.998      2749.38
      360.999      2749.61
      361.998      2749.69
          363      2749.74
      363.999      2749.88
      364.999      2750.14
      365.999      2750.63
      366.998      2751.56
          368      2753.04
      368.999      2755.01
      369.999      2757.47
      370.999      2760.33
      371.999      2763.17
      372.998      2765.87
      373.998      2768.33
      374.997      2770.24
          376       2771.3
      376.999      2771.35
      377.999      2770.61
          379       2769.4
      379.997         2769
      380.998      2768.95
      381.998      2769.89
      382.998       2771.3
      383.998      2772.66
      384.999      2774.06
          386      2775.64
      386.998      2777.34
          388      2778.94
      388.998      2780.45
      389.997       2781.9
      390.999      2783.85
      391.997      2785.83
      392.998      2788.14
      393.998      2790.95
      394.997      2793.72
      395.998      2795.71
      396.999      2796.27
      397.999      2795.27
      398.999      2793.36
      399.999      2791.69
      400.998      2791.87
      401.999      2793.33
      402.999      2795.75
          404       2798.4
          405      2800.59
      405.999      2802.35
      406.998      2803.71
      407.998      2804.53
      408.998      2804.83
      409.999      2804.91
          411      2805.14
      411.998      2805.71
          413      2806.64
      413.999      2807.84
      414.998      2809.34
      415.999      2811.26
          417      2813.68
      417.998      2816.52
      418.999      2819.39
      419.998      2822.06
          421      2824.44
      421.999      2826.49
      422.998      2828.17
      423.998      2829.25
      424.998      2829.72
      425.998      2829.78
      426.997      2829.55
      427.997      2829.47
      428.997      2829.94
      429.997      2830.88
      430.998      2832.05
      431.999      2833.22
          433       2834.4
      433.998      2835.71
      434.997      2837.13
          436      2838.73
          437      2840.57
      437.999       2842.8
      438.999      2845.46
      439.999      2848.59
      440.998      2851.71
      441.999      2854.42
      442.997      2856.26
      443.998       2856.9
      444.998      2856.43
      445.998      2855.17
      446.998      2854.09
      447.998       2853.9
      448.997      2854.68
      449.998      2856.25
      450.998      2858.42
      451.999      2860.72
      452.997      2862.93
      453.997      2864.83
      454.997      2866.17
      455.998      2867.01
      456.999       2867.5
      457.997      2867.87
      458.999      2868.32
      459.998      2868.93
      460.998      2869.91
      461.998      2871.67
      462.998      2874.22
      463.999      2877.05
      464.997       2879.8
      465.998      2882.31
          467      2884.71
      467.998      2886.92
      468.999      2888.78
      469.998      2890.22
      470.999      2891.42
      471.998      2892.42
      472.999      2893.17
      473.999      2893.56
      474.999      2894.02
      475.999      2895.05
      476.997      2896.47
      477.998      2897.91
      478.999      2899.15
          480      2900.19
      480.997      2901.07
      481.998      2901.83
      482.997      2902.56
      483.999      2903.41
      484.999      2904.65
          486      2906.58
      486.998      2909.11
      487.999      2911.91
      488.997       2914.7
      489.999      2917.35
      490.997      2919.53
      491.998      2921.13
          493      2922.24
      493.998      2922.99
          495       2923.5
      495.998      2924.08
          497      2925.92
      497.997      2927.86
          499      2929.59
      499.998      2931.26
      500.997      2932.92
      501.999      2934.55
      502.998      2935.96
      503.997      2937.07
          505      2937.95
          506      2938.57
      506.997         2939
      507.998      2939.44
          509      2940.14
      509.999      2941.58
      510.999      2943.79
          512      2946.58
      512.997      2949.48
      513.998       2952.1
      514.999      2954.39
      515.998      2956.32
      516.999      2957.94
      517.998      2959.36
      518.997      2960.67
      519.999       2962.4
      520.997      2964.87
      521.998      2967.06
      522.997      2968.53
      523.997      2969.47
      524.999      2970.35
          526      2971.55
      526.999      2972.75
      527.999      2973.64
      528.999      2974.54
      529.999      2975.49
      530.999      2976.34
      531.997      2976.88
      532.999      2977.37
      533.999       2978.4
      534.999      2980.07
      535.997      2982.35
      536.999      2984.84
      537.998      2987.17
      538.998      2989.37
      539.998      2991.45
      540.998      2993.48
      541.999      2995.57
      542.998      2997.74
      543.999      2999.99
      544.997      3003.28
      545.998       3006.5
      546.997       3008.9
      547.998      3010.37
      548.999       3011.1
          550      3011.77
      550.999      3012.62
      551.997      3013.31
      552.999      3014.16
      553.998      3015.13
          555      3016.02
          556      3016.65
      556.997      3017.17
      557.999      3018.01
      558.998      3019.35
      559.998      3021.28
      560.999      3023.46
      561.998      3025.65
          563       3027.6
      563.999      3029.41
      564.999      3031.32
      565.997      3033.47
      566.999      3035.92
      567.997      3039.03
      568.999      3043.07
      569.997      3047.17
          571      3050.56
      571.997       3052.5
      572.999      3053.42
      573.999      3053.91
      574.998      3054.42
      575.998      3055.04
      576.998      3055.72
      577.999      3056.66
      578.999      3057.62
      579.997      3058.41
      580.999      3059.08
      581.999      3059.85
      582.997      3061.04
      583.999      3062.64
      584.998      3064.33
      585.999      3065.97
      586.999       3067.4
      587.998      3068.76
      588.998      3070.42
      589.998      3072.68
      590.999      3075.72
      591.997      3079.63
      592.999      3084.66
      593.997      3089.95
      594.997       3094.2
      595.998      3096.86
      596.997      3098.22
      597.998      3098.81
          599      3099.07
          600      3099.26
      600.999      3099.58
      601.999      3099.94
      602.998      3100.57
      603.999      3101.32
          605       3102.2
      605.999      3103.09
      606.999      3104.27
          608      3105.65
      608.999      3107.09
      609.998      3108.29
      610.999          500
          612          500
      612.999          500
      613.998          500
      614.999          500
      615.997          500
      616.998          500
          618          500
      618.999          500
      619.998          500
      620.997          500
      621.998          500
          623          500
          624          500
      624.999          500
      625.997          500
      626.999          500
      627.997          500
          629          500
      629.999          500
          631          500
      631.998          500
          633          500
      633.999          500
      634.999          500
      635.999          500
      636.999          500
      637.998          500
      638.999          500
      639.998          500
          641          500
      641.999          500
          643          500
      643.997          500
      644.997          500
      645.999          500
      646.997          500
      647.998          500
      648.997          500
      649.997          500
      650.997          500
      651.998          500
      652.997          500
      653.997          500
      654.999          500
      655.998          500
      656.999          500
      657.998          500
      658.998          500
      659.998          500
      660.997          500
      661.997          500
      662.998          500
      663.997          500
      664.998          500
      665.999          500
      666.999          500
      667.998          500
      668.998          500
      669.999          500
      670.997          500
      671.997          500
      672.998          500
      673.999          500
      674.997          500
      675.998          500
      676.998          500
      677.999          500
      678.998          500
      679.998          500
      680.997          500
      681.999          500
      682.997          500
      683.999          500
      684.998          500
      685.998          500
      686.999          500
      687.999          500
      688.997          500
          690          500
      690.998          500
      691.998          500
      692.998          500
      693.998          500
      694.999          500
      695.997          500
      696.999          500
      697.998          500
      698.998          500
      699.999          500
      700.999          500
      701.997          500
      702.997          500
          704          500
      704.998          500
      705.998          500
          707          500
      707.998          500
          709          500
      709.999          500
      710.999          500
      711.999          500
          713          500
      713.997          500
      714.999          500
      715.998          500
      716.999          500
          718          500
      718.998          500
      719.997          500
      720.997          500
      721.999          500
      722.999          500
      723.998          500
      724.999          500
          726          500
          727          500
      727.997          500
      728.998          500
      729.998          500
      730.999          500
      731.997          500
      732.999          500
      733.999          500
      734.999          500
      735.998          500
      736.998          500
          738          500
      738.999          500
      739.998          500
      740.997          500
      741.998          500
          743          500
      743.998          500
      744.999          500
      745.997          500
          747          500
      747.999          500
      748.998          500
      749.997          500
      750.998          500
      751.997          500
          753          500
      753.997          500
      754.999          500
      755.998          500
      756.998          500
      757.999          500
      758.999          500
          760          500
      760.999          500
      761.999          500
      762.999          500
      763.997          500
      764.998          500
      765.997          500
      766.998          500
      767.999          500
      768.997          500
      769.997          500
          771          500
      771.999          500
          773          500
      773.998          500
          775          500
      775.999          500
          777          500
      777.999          500
          779          500
      779.997          500
      780.997          500
          782          500
      782.998          500
      783.997          500
          785          500
          786          500
      786.998          500
          788          500
          789          500
      789.997          500
          791          500
      791.997          500
      792.999          500
      793.998          500
      794.999          500
          796          500
      796.998          500
      797.998          500
      798.999          500
      799.999          500
      800.998          500
      801.998          500
      802.998          500
      803.998          500
          805          500
      805.998          500
      806.998          500
      807.997          500
      808.997          500
      809.999          500
          811          500
      811.997          500
      812.999          500
      813.998          500
      814.998          500
          816          500
      816.999          500
      817.999          500
      818.997          500
      819.998          500
      820.999          500
      821.999          500
      822.999          500
      823.997          500
      824.998          500
      825.999          500
      826.998          500
      827.999          500
      828.997          500
      829.998          500
          831          500
      831.999          500
      832.998      1919.77
      833.997      1918.44
      834.997      1918.49
      835.997      1919.13
      836.997      1920.06
          838       1921.2
      838.999      1922.49
      839.999      1923.97
      840.999      1925.66
      841.998      1927.58
      842.998       1929.7
      843.998      1932.01
      844.999      1934.51
      845.999      1937.11
      846.997      1939.77
      847.998      1942.45
      848.997       1945.1
      849.999       1947.8
      850.999      1950.56
      851.999      1953.48
      852.999       1956.6
      853.999      1959.92
      854.999      1963.38
      855.998      1966.94
      856.998       1970.6
          858      1974.29
      858.999      1977.99
      859.999      1981.79
      860.999      1985.73
      861.999      1989.82
      862.997      1994.04
      863.998      1998.35
          865      2002.73
      865.999      2007.18
      866.998      2011.65
      867.999      2016.11
          869      2020.59
      869.999      2025.14
      870.998      2029.92
      871.999      2034.97
      872.999      2040.25
      873.997      2045.67
      874.998      2051.19
          876      2056.79
      876.998      2062.27
          878      2067.59
      878.998      2072.69
      879.999      2077.61
      880.997      2082.41
      881.998      2087.16
      882.999      2091.95
      883.999       2096.8
          885      2101.61
          886      2106.34
          887      2110.99
      887.999      2115.68
      888.999      2120.29
      889.998       2124.8
      890.997      2129.39
      891.997      2134.29
          893         2140
          894       2146.3
      894.999      2152.95
      895.999      2159.51
      896.999      2165.66
      897.999      2171.25
      898.999      2176.26
      899.999      2180.65
      900.999      2184.46
      901.999      2187.67
      902.998      2190.52
      903.998       2193.4
          905      2196.84
      905.998      2201.42
      906.999      2207.59
      907.998      2215.11
      908.999      2223.33
      909.999      2231.71
      910.999      2239.82
      911.997      2247.14
      912.999      2253.63
      913.997      2259.55
      914.997      2265.46
      915.998      2270.95
          917      2275.37
      917.998      2278.61
      918.997      2281.26
      919.999      2284.12
      920.999       2287.8
      921.998      2292.22
      922.998      2297.03
      923.999      2301.96
      924.997      2306.89
      925.999      2311.95
      926.999       2317.4
      927.997      2323.55
      928.999      2330.55
      929.999      2338.11
      930.999      2346.04
      931.997       2354.1
      932.998       2362.2
      933.997      2369.98
      934.998      2377.37
      935.999      2384.54
      936.999      2391.51
      937.998      2398.21
      938.997      2404.61
      939.999      2409.27
      940.999      2411.71
      941.999      2413.71
      942.999      2415.67
      943.999      2417.68
      944.999      2419.69
      945.999       2421.9
      946.998      2424.44
      947.997      2427.52
      948.999      2431.13
      949.998         2435
      950.998      2438.76
      951.999      2442.06
      952.999      2444.71
      953.999       2446.6
      954.997      2447.76
      955.998       2448.5
      956.999      2449.28
      957.999      2450.37
      958.998      2451.94
      959.998      2454.29
      960.999      2457.26
      961.997      2460.44
      962.999      2463.37
      963.998      2465.78
          965      2467.56
      965.999      2468.74
      966.998       2469.5
      967.997      2470.16
          969      2470.96
      969.997      2472.08
      970.998      2473.66
      971.999      2475.34
      972.998      2477.13
      973.998       2479.4
      974.998      2482.38
      975.998      2486.02
      976.999      2490.08
      977.997      2494.15
      978.999      2498.05
      979.998       2501.6
      980.998      2504.78
          982      2507.66
      982.998      2509.35
      983.998      2510.04
      984.997      2510.13
      985.998      2509.96
          987      2509.81
      987.998      2509.79
      988.999      2509.91
          990      2510.14
      990.997       2510.5
      991.997      2510.88
      992.997      2511.25
          994      2511.74
      994.999      2512.13
          996      2512.06
      996.997      2511.36
          998      2510.25
      998.999      2509.16
         1000       2508.2
         1001      2507.51
         1002      2507.31
         1003       2507.9
         1004      2509.28
         1005      2511.28
         1006      2513.62
         1007      2516.16
         1008      2519.13
         1009      2522.29
         1010      2525.14
         1011      2527.35
         1012      2528.99
         1013       2530.4
         1014       2531.9
         1015      2533.83
         1016      2536.34
         1017      2539.06
         1018      2541.74
         1019      2544.21
         1020      2546.71
         1021      2549.17
         1022      2551.61
         1023      2553.78
         1024       2555.4
         1025      2556.36
         1026      2556.71
         1027       2556.4
         1028      2555.69
         1029      2554.95
         1030      2554.58
         1031       2554.7
         1032       2555.4
         1033      2556.68
         1034      2558.56
         1035      2560.91
         1036       2563.3
         1037      2565.52
         1038      2567.76
         1039      2569.99
         1040      2571.69
         1041      2572.85
         1042      2573.58
         1043      2573.84
         1044       2573.3
         1045      2571.97
         1046      2570.59
         1047       2570.3
         1048       2571.6
         1049      2573.98
         1050      2576.59
         1051      2579.01
         1052      2581.06
         1053      2582.77
         1054      2584.16
         1055      2585.22
         1056       2585.9
         1057      2586.33
         1058       2586.8
         1059      2587.49
         1060      2588.59
         1061      2590.14
         1062      2592.26
         1063      2594.76
         1064      2597.37
         1065      2599.86
         1066      2602.06
         1067      2604.05
         1068      2605.99
         1069      2607.85
         1070      2609.41
         1071      2610.47
         1072      2611.01
         1073      2611.23
         1074      2611.64
         1075      2612.38
         1076      2613.16
         1077      2614.03
         1078      2615.34
         1079      2617.12
         1080      2619.04
         1081      2620.63
         1082      2622.05
         1083      2623.56
         1084      2625.14
         1085      2626.61
         1086      2627.69
         1087      2628.04
         1088      2627.19
         1089       2625.2
         1090      2622.73
         1091      2620.76
         1092      2619.86
         1093      2620.18
         1094      2621.64
         1095      2623.66
         1096      2626.05
         1097       2628.3
         1098      2630.43
         1099      2632.32
         1100      2633.95
         1101      2635.26
         1102      2636.23
         1103      2636.94
         1104      2637.68
         1105      2638.65
         1106      2639.88
         1107      2641.19
         1108      2642.69
         1109      2644.53
         1110      2646.55
         1111      2648.52
         1112      2650.41
         1113       2652.2
         1114      2653.98
         1115      2655.72
         1116      2657.29
         1117      2658.52
         1118      2659.48
         1119       2660.3
         1120      2661.03
         1121      2661.67
         1122      2662.29
         1123      2663.06
         1124      2664.11
         1125      2665.41
         1126      2666.99
         1127       2668.8
         1128       2670.7
         1129      2672.67
         1130      2674.83
         1131      2676.96
         1132       2678.7
         1133      2679.73
         1134      2679.83
         1135      2679.19
         1136      2678.17
         1137      2677.09
         1138      2676.48
         1139      2676.93
         1140      2678.45
         1141      2680.52
         1142      2682.77
         1143      2684.95
         1144      2686.98
         1145      2688.69
         1146      2690.01
         1147      2690.98
         1148      2691.78
         1149      2692.59
         1150      2693.67
         1151      2695.21
         1152      2697.34
         1153      2699.74
         1154      2701.97
         1155      2703.96
         1156      2705.62
         1157      2706.79
         1158      2707.62
         1159      2708.22
         1160      2708.64
         1161      2708.93
         1162      2709.31
         1163      2710.08
         1164       2711.2
         1165      2712.47
         1166      2713.92
         1167      2715.44
         1168      2716.84
         1169      2718.13
         1170      2719.26
         1171      2720.21
         1172      2721.12
         1173      2722.16
         1174       2723.5
         1175      2725.33
         1176      2727.73
         1177       2730.3
         1178      2732.67
         1179       2734.5
         1180      2735.67
         1181      2736.26
         1182       2736.5
         1183      2736.67
         1184      2736.81
         1185      2737.08
         1186      2737.82
         1187      2739.26
         1188      2741.03
         1189      2742.89
         1190      2744.86
         1191       2746.8
         1192      2748.59
         1193      2750.12
         1194      2751.27
         1195       2752.1
         1196      2752.75
         1197      2753.49
         1198       2754.6
         1199      2756.44
         1200      2758.85
         1201      2761.41
         1202      2763.61
         1203      2765.36
         1204      2766.62
         1205      2767.53
         1206      2768.27
         1207      2769.04
         1208      2769.81
         1209      2770.66
         1210      2771.73
         1211      2773.05
         1212      2774.53
         1213      2776.12
         1214      2777.96
         1215      2779.91
         1216      2781.68
         1217       2783.2
         1218      2784.45
         1219      2785.39
         1220      2786.12
         1221      2786.83
         1222      2787.79
         1223      2789.51
         1224      2791.87
         1225      2794.29
         1226      2796.36
         1227      2797.91
         1228      2798.95
         1229      2799.66
         1230      2800.41
         1231      2801.41
         1232      2802.63
         1233      2804.02
         1234      2806.53
         1235      2809.21
         1236      2811.37
         1237      2813.03
         1238      2814.43
         1239      2815.73
         1240      2817.27
         1241      2818.83
         1242      2820.04
         1243      2820.83
         1244      2821.35
         1245      2821.72
         1246      2822.39
         1247      2823.85
         1248         2826
         1249      2828.34
         1250      2830.45
         1251      2832.09
         1252      2833.35
         1253       2834.4
         1254      2835.67
         1255      2837.39
         1256      2839.54
         1257      2841.95
         1258      2845.32
         1259      2848.32
         1260       2850.6
         1261      2852.01
         1262      2852.81
         1263      2853.61
         1264      2854.56
         1265      2855.85
         1266      2857.07
         1267      2858.03
         1268      2858.65
         1269      2859.06
         1270      2859.79
         1271      2861.15
         1272      2863.03
         1273      2865.12
         1274      2866.99
         1275      2868.46
         1276      2869.57
         1277      2870.58
         1278      2871.81
         1279      2873.73
         1280      2876.43
         1281      2880.05
         1282      2884.43
         1283      2888.34
         1284      2891.01
         1285      2892.43
         1286      2893.24
         1287      2894.06
         1288       2894.8
         1289      2895.39
         1290      2896.22
         1291       2897.1
         1292      2897.69
         1293      2898.05
         1294      2898.74
         1295      2899.95
         1296      2901.55
         1297      2903.17
         1298      2904.52
         1299       2905.7
         1300      2906.78
         1301      2907.92
         1302      2909.31
         1303      2911.37
         1304      2914.49
         1305      2918.73
         1306      2923.69
         1307      2927.92
         1308       2930.7
         1309      2932.64
         1310      2934.12
         1311      2935.16
         1312      2935.85
         1313       2936.2
         1314      2936.64
         1315      2937.24
         1316       2937.7
         1317      2938.21
         1318      2938.95
         1319      2940.06
         1320      2941.39
         1321      2942.52
         1322       2943.4
         1323      2944.21
         1324      2945.15
         1325      2946.36
         1326      2947.98
         1327      2950.43
         1328      2953.63
         1329      2957.91
         1330      2962.83
         1331      2967.31
         1332      2970.96
         1333      2973.82
         1334      2976.18
         1335      2977.86
         1336      2978.85
         1337      2979.49
         1338      2979.55
         1339      2979.57
         1340      2979.86
         1341      2980.55
         1342      2981.59
         1343      2982.69
         1344      2983.62
         1345      2984.25
         1346      2984.86
         1347      2985.63
         1348      2986.69
         1349      2987.99
         1350      2989.68
         1351      2992.06
         1352      2994.97
         1353      2999.28
         1354      3004.06
         1355      3008.49
         1356      3012.59
         1357      3016.28
         1358       3019.6
         1359      3022.11
         1360      3023.63
         1361      3024.34
         1362      3024.36
         1363      3024.15
         1364      3024.29
         1365      3025.09
         1366       3026.3
         1367      3027.52
         1368      3028.38
         1369         3029
         1370      3029.61
         1371      3030.42
         1372      3031.43
         1373      3032.75
         1374      3034.28
         1375      3035.78
         1376      3038.43
         1377      3042.63
         1378      3047.41
         1379      3052.24
         1380      3056.76
         1381       3061.2
         1382      3065.18
         1383      3068.32
         1384      3070.35
         1385      3071.51
         1386      3072.23
         1387      3072.67
         1388      3073.05
         1389      3073.52
         1390       3074.3
         1391       3075.2
         1392      3075.97
         1393      3076.59
         1394      3077.08
         1395      3077.65
         1396      3078.36
         1397      3079.39
         1398      3080.77
         1399      3082.74
         1400      3085.61
         1401      3089.38
         1402      3093.91
         1403      3098.88
         1404      3103.77
         1405      3108.36
         1406      3112.46
         1407      3115.85
         1408      3118.49
         1409      3120.62
         1410      3122.53
         1411      3124.33
         1412      3126.03
         1413      3127.51
         1414      3128.71
         1415      3129.71
         1416      3130.57
         1417      3131.41
         1418      3132.33
         1419      3133.44
         1420      3134.96
         1421      3137.05
         1422      3139.78
         1423      3142.84
         1424      3146.24
         1425      3150.13
         1426      3154.23
         1427      3158.35
         1428      3162.23
         1429      3165.83
         1430      3169.15
         1431      3172.22
         1432      3175.01
         1433      3177.47
         1434      3179.61
         1435      3181.45
         1436      3183.12
         1437       3184.7
         1438      3186.25
         1439          500
         1440          500
         1441          500
         1442          500
         1443          500
         1444          500
         1445          500
         1446          500
         1447          500
         1448          500
         1449          500
         1450          500
         1451          500
         1452          500
         1453          500
         1454          500
         1455          500
         1456          500
         1457          500
         1458          500
         1459          500
         1460          500
         1461          500
         1462          500
         1463          500
         1464          500
         1465          500
         1466          500
         1467          500
         1468          500
         1469          500
         1470          500
         1471          500
         1472          500
         1473          500
         1474          500
         1475          500
         1476          500
         1477          500
         1478          500
         1479          500
         1480          500
         1481          500
         1482          500
         1483          500
         1484          500
         1485          500
         1486          500
         1487          500
         1488          500
         1489          500
         1490          500
         1491          500
         1492          500
         1493          500
         1494          500
         1495          500
         1496          500
         1497          500
         1498          500
         1499          500
         1500          500
         1501          500
         1502          500
         1503          500
         1504          500
         1505          500
         1506          500
         1507          500
         1508          500
         1509          500
         1510          500
         1511          500
         1512          500
         1513          500
         1514          500
         1515          500
         1516          500
         1517          500
         1518          500
         1519          500
         1520          500
         1521          500
         1522          500
         1523          500
         1524          500
         1525          500
         1526          500
         1527          500
         1528          500
         1529          500
         1530          500
         1531          500
         1532          500
         1533          500
         1534          500
         1535          500
         1536          500
         1537          500
         1538          500
         1539          500
         1540          500
         1541          500
         1542          500
         1543          500
         1544          500
         1545          500
         1546          500
         1547          500
         1548          500
         1549          500
         1550          500
         1551          500
         1552          500
         1553          500
         1554          500
         1555          500
         1556          500
         1557          500
         1558          500
         1559          500
         1560          500
         1561          500
         1562          500
         1563          500
         1564          500
         1565          500
         1566          500
         1567          500
         1568          500
         1569          500
         1570          500
         1571          500
         1572          500
         1573          500
         1574          500
         1575          500
         1576          500
         1577          500
         1578          500
         1579          500
         1580          500
         1581          500
         1582          500
         1583          500
         1584          500
         1585          500
         1586          500
         1587          500
         1588          500
         1589          500
         1590          500
         1591          500
         1592          500
         1593          500
         1594          500
         1595          500
         1596          500
         1597          500
         1598          500
         1599          500
         1600          500
         1601          500
         1602          500
         1603          500
         1604          500
         1605          500
         1606          500
         1607          500
         1608          500
         1609          500
         1610          500
         1611          500
         1612          500
         1613          500
         1614          500
         1615          500
         1616          500
         1617          500
         1618          500
         1619          500
         1620          500
         1621          500
         1622          500
         1623          500
         1624          500
         1625          500
         1626          500
         1627          500
         1628          500
         1629          500
         1630          500
         1631          500
         1632          500
         1633          500
         1634          500
         1635          500
         1636          500
         1637          500
         1638          500
         1639          500
         1640          500
         1641          500
         1642          500
         1643          500
         1644          500
         1645          500
         1646          500
         1647          500
         1648          500
         1649          500
         1650          500
         1651          500
         1652          500
         1653          500
         1654          500
         1655          500
         1656          500
         1657          500
         1658          500
         1659          500
         1660          500
         1661          500
         1662          500
         1663          500
         1664          500
         1665          500
         1666          500
         1667          500
         1668          500
         1669          500
         1670          500
         1671          500
         1672      1916.12
         1673      1913.59
         1674      1913.24
         1675      1913.64
         1676      1914.44
         1677      1915.54
         1678      1916.91
         1679      1918.53
         1680       1920.4
         1681      1922.45
         1682      1924.64
         1683      1926.93
         1684      1929.28
         1685      1931.68
         1686      1934.12
         1687      1936.58
         1688       1939.1
         1689      1941.68
         1690      1944.36
         1691      1947.16
         1692      1950.05
         1693      1953.08
         1694      1956.24
         1695      1959.55
         1696      1962.99
         1697      1966.52
         1698      1970.16
         1699      1973.89
         1700      1977.79
         1701      1981.82
         1702      1985.98
         1703      1990.15
         1704      1994.33
         1705      1998.46
         1706      2002.54
         1707      2006.55
         1708       2010.6
         1709      2014.76
         1710      2019.04
         1711       2023.6
         1712      2028.48
         1713      2033.66
         1714      2038.93
         1715      2044.05
         1716      2049.02
         1717       2053.9
         1718      2058.68
         1719      2063.43
         1720      2068.11
         1721      2072.66
         1722      2077.19
         1723      2081.77
         1724       2086.4
         1725      2091.07
         1726      2095.83
         1727      2100.67
         1728      2105.61
         1729      2110.74
         1730      2116.14
         1731      2121.94
         1732      2128.01
         1733      2134.29
         1734      2140.72
         1735       2146.8
         1736      2152.44
         1737      2157.52
         1738       2162.1
         1739      2166.45
         1740      2170.67
         1741      2174.91
         1742      2179.18
         1743      2183.52
         1744      2188.27
         1745       2193.5
         1746      2199.15
         1747      2205.36
         1748      2212.22
         1749      2219.67
         1750      2227.31
         1751      2234.67
         1752      2241.89
         1753      2248.95
         1754      2255.63
         1755      2261.63
         1756      2266.41
         1757      2270.21
         1758      2273.12
         1759      2275.85
         1760      2278.93
         1761       2282.4
         1762      2285.91
         1763      2289.53
         1764      2293.54
         1765      2298.04
         1766      2303.24
         1767      2309.42
         1768      2316.62
         1769       2324.6
         1770       2333.2
         1771      2341.77
         1772      2350.64
         1773      2359.39
         1774      2367.56
         1775      2374.79
         1776      2380.83
         1777      2385.85
         1778      2390.52
         1779      2395.34
         1780      2398.26
         1781      2399.81
         1782       2401.2
         1783      2402.85
         1784       2404.8
         1785      2407.11
         1786      2409.82
         1787      2412.95
         1788      2416.53
         1789       2420.5
         1790      2424.74
         1791       2429.1
         1792      2433.26
         1793      2436.91
         1794       2439.8
         1795      2442.05
         1796      2443.78
         1797      2445.04
         1798      2446.04
         1799      2446.98
         1800      2448.19
         1801       2449.7
         1802       2451.4
         1803      2453.69
         1804      2456.69
         1805      2459.94
         1806       2462.6
         1807      2464.37
         1808      2465.28
         1809      2465.84
         1810      2466.39
         1811      2467.07
         1812      2468.06
         1813      2468.97
         1814       2469.7
         1815      2470.56
         1816      2471.92
         1817      2473.98
         1818       2476.6
         1819      2479.69
         1820      2483.28
         1821      2487.36
         1822      2491.82
         1823      2495.87
         1824       2498.9
         1825       2500.8
         1826      2501.86
         1827      2502.21
         1828      2502.07
         1829       2501.7
         1830      2501.27
         1831      2500.79
         1832      2500.39
         1833       2500.2
         1834      2500.16
         1835      2500.22
         1836       2500.4
         1837      2500.58
         1838      2500.59
         1839      2500.54
         1840      2500.71
         1841      2501.25
         1842      2502.07
         1843      2503.13
         1844      2504.55
         1845      2506.48
         1846      2508.88
         1847      2511.29
         1848       2513.4
         1849      2515.29
         1850      2517.22
         1851      2519.28
         1852      2521.22
         1853      2522.92
         1854       2524.5
         1855      2526.18
         1856      2528.22
         1857      2530.61
         1858      2533.24
         1859      2535.92
         1860      2538.42
         1861      2540.76
         1862      2542.84
         1863      2544.49
         1864      2545.78
         1865      2546.63
         1866      2546.84
         1867      2546.32
         1868      2545.38
         1869      2544.48
         1870      2543.99
         1871      2544.17
         1872      2545.01
         1873      2546.36
         1874      2548.22
         1875       2550.4
         1876      2552.85
         1877      2555.25
         1878      2557.45
         1879      2559.65
         1880      2561.91
         1881      2564.07
         1882      2565.81
         1883      2566.95
         1884      2567.38
         1885      2566.97
         1886      2565.52
         1887      2563.47
         1888      2562.03
         1889      2562.22
         1890      2563.78
         1891      2566.28
         1892       2568.7
         1893      2570.76
         1894      2572.52
         1895      2574.12
         1896      2575.36
         1897      2576.18
         1898      2576.69
         1899       2577.1
         1900      2577.69
         1901       2578.7
         1902      2580.08
         1903       2581.7
         1904      2583.42
         1905      2585.31
         1906      2587.42
         1907      2589.66
         1908      2591.73
         1909      2593.63
         1910      2595.39
         1911      2597.08
         1912      2598.65
         1913       2599.9
         1914      2600.74
         1915      2601.34
         1916      2601.91
         1917      2602.51
         1918      2603.33
         1919      2604.55
         1920      2606.08
         1921      2607.75
         1922      2609.45
         1923      2611.11
         1924      2612.83
         1925      2614.67
         1926      2616.64
         1927      2618.37
         1928      2619.45
         1929      2619.41
         1930      2618.03
         1931      2615.72
         1932      2613.48
         1933      2612.25
         1934      2611.93
         1935      2612.46
         1936      2613.97
         1937      2615.75
         1938      2618.01
         1939      2620.29
         1940      2622.16
         1941      2623.67
         1942      2625.04
         1943      2626.27
         1944      2627.41
         1945      2628.75
         1946      2630.51
         1947      2632.51
         1948      2634.32
         1949      2635.76
         1950      2637.02
         1951       2638.1
         1952      2639.01
         1953      2639.78
         1954      2640.54
         1955       2641.3
         1956      2642.17
         1957       2643.4
         1958      2644.92
         1959      2646.36
         1960      2647.61
         1961      2648.77
         1962      2649.88
         1963      2650.82
         1964      2651.66
         1965      2652.45
         1966      2653.24
         1967      2654.25
         1968      2655.63
         1969      2657.41
         1970      2659.58
         1971      2661.96
         1972      2664.26
         1973      2666.29
         1974      2667.92
         1975       2669.1
         1976      2669.79
         1977      2670.01
         1978      2669.92
         1979      2669.65
         1980      2669.62
         1981      2670.24
         1982      2671.49
         1983      2673.13
         1984      2674.92
         1985       2676.7
         1986       2678.4
         1987       2679.9
         1988      2681.12
         1989      2682.17
         1990      2683.23
         1991      2684.49
         1992      2686.18
         1993      2688.25
         1994       2690.6
         1995      2693.01
         1996      2695.19
         1997      2696.81
         1998      2697.65
         1999      2697.76
         2000      2697.44
         2001      2696.94
         2002      2696.59
         2003      2696.86
         2004      2697.86
         2005      2699.39
         2006      2700.74
         2007      2702.02
         2008       2703.5
         2009      2705.05
         2010      2706.62
         2011      2707.89
         2012      2708.87
         2013      2709.71
         2014      2710.56
         2015      2711.64
         2016      2713.19
         2017      2715.27
         2018      2717.68
         2019      2719.86
         2020      2721.68
         2021      2723.17
         2022      2724.22
         2023         2725
         2024      2725.74
         2025      2726.53
         2026      2727.39
         2027      2728.38
         2028       2729.7
         2029      2731.17
         2030      2732.56
         2031      2734.01
         2032      2735.68
         2033      2737.38
         2034      2738.93
         2035      2740.25
         2036      2741.32
         2037      2742.16
         2038         2743
         2039      2744.11
         2040      2745.66
         2041       2747.9
         2042      2750.43
         2043      2752.79
         2044      2754.66
         2045      2756.04
         2046      2756.94
         2047      2757.58
         2048      2758.24
         2049      2759.05
         2050         2760
         2051      2761.23
         2052      2762.77
         2053      2764.54
         2054      2766.26
         2055      2767.98
         2056      2769.86
         2057      2771.76
         2058       2773.5
         2059      2774.97
         2060      2776.11
         2061      2776.98
         2062      2777.75
         2063      2778.55
         2064      2779.83
         2065       2781.8
         2066       2784.1
         2067       2786.2
         2068      2787.87
         2069       2789.1
         2070      2789.93
         2071      2790.66
         2072       2791.6
         2073      2792.85
         2074      2794.34
         2075      2796.08
         2076       2798.4
         2077      2801.31
         2078      2803.31
         2079       2804.7
         2080      2805.99
         2081      2807.19
         2082      2808.78
         2083      2810.36
         2084      2811.58
         2085      2812.41
         2086      2812.95
         2087      2813.44
         2088      2814.48
         2089      2816.27
         2090      2818.38
         2091      2820.37
         2092      2821.94
         2093      2823.15
         2094      2824.04
         2095      2824.92
         2096      2826.22
         2097      2828.13
         2098       2830.5
         2099      2833.74
         2100      2837.32
         2101      2840.26
         2102      2842.26
         2103      2843.33
         2104      2844.13
         2105         2845
         2106      2846.21
         2107      2847.53
         2108      2848.63
         2109      2849.41
         2110      2849.85
         2111      2850.35
         2112      2851.45
         2113      2853.06
         2114      2854.95
         2115      2856.72
         2116      2858.18
         2117      2859.34
         2118       2860.3
         2119      2861.38
         2120      2862.97
         2121      2865.44
         2122      2868.63
         2123      2872.76
         2124      2876.94
         2125      2880.21
         2126       2882.4
         2127       2883.6
         2128      2884.48
         2129      2885.44
         2130      2886.22
         2131       2886.9
         2132      2887.73
         2133       2888.5
         2134      2888.99
         2135      2889.49
         2136      2890.46
         2137      2891.89
         2138      2893.47
         2139      2894.88
         2140         2896
         2141      2897.02
         2142      2898.08
         2143      2899.35
         2144      2901.13
         2145      2903.75
         2146      2907.35
         2147      2911.89
         2148       2916.4
         2149      2919.76
         2150      2922.16
         2151      2924.03
         2152      2925.44
         2153      2926.37
         2154      2926.97
         2155      2927.35
         2156      2927.95
         2157       2928.5
         2158      2928.91
         2159      2929.56
         2160      2930.54
         2161      2931.82
         2162      2933.07
         2163      2933.99
         2164      2934.81
         2165      2935.71
         2166      2936.82
         2167      2938.19
         2168       2940.2
         2169      2943.05
         2170      2946.61
         2171       2951.3
         2172      2955.91
         2173      2959.86
         2174      2963.06
         2175      2965.72
         2176      2967.84
         2177      2969.22
         2178      2970.03
         2179      2970.37
         2180      2970.27
         2181      2970.46
         2182      2971.06
         2183      2972.05
         2184      2973.19
         2185      2974.22
         2186      2974.99
         2187      2975.61
         2188      2976.34
         2189      2977.33
         2190      2978.58
         2191      2980.08
         2192       2982.1
         2193      2984.59
         2194      2988.16
         2195      2992.74
         2196      2997.33
         2197      3001.62
         2198      3005.51
         2199      3008.96
         2200      3011.86
         2201      3013.87
         2202      3014.96
         2203      3015.21
         2204      3015.05
         2205      3015.11
         2206      3015.69
         2207       3016.8
         2208      3018.13
         2209      3019.27
         2210      3020.03
         2211      3020.68
         2212      3021.42
         2213      3022.36
         2214      3023.53
         2215      3024.95
         2216      3026.52
         2217      3028.35
         2218      3031.88
         2219      3036.46
         2220      3041.25
         2221      3045.65
         2222       3050.1
         2223      3054.41
         2224      3057.71
         2225       3060.2
         2226      3061.86
         2227      3062.78
         2228      3063.37
         2229      3063.82
         2230      3064.36
         2231      3065.06
         2232      3065.98
         2233      3066.82
         2234      3067.47
         2235      3068.01
         2236      3068.59
         2237      3069.23
         2238      3070.13
         2239      3071.39
         2240      3073.07
         2241      3075.55
         2242      3078.92
         2243      3083.09
         2244      3087.85
         2245      3092.71
         2246      3097.34
         2247      3101.61
         2248      3105.27
         2249       3108.2
         2250      3110.52
         2251      3112.53
         2252      3114.38
         2253      3116.16
         2254      3117.77
         2255      3119.13
         2256      3120.28
         2257      3121.34
         2258      3122.29
         2259      3123.31
         2260      3124.47
         2261      3125.91
         2262      3127.94
         2263      3130.55
         2264      3133.43
         2265      3136.65
         2266       3140.4
         2267      3144.31
         2268      3148.22
         2269      3152.02
         2270      3155.61
         2271      3158.98
         2272      3162.14
         2273      3165.04
         2274      3167.67
         2275         3170
         2276      3172.02
         2277      3173.85
         2278      3175.54
         2279      3177.15
         2280      3178.83
         2281      3180.58
         2282      3182.38
         2283          500
         2284          500
         2285          500
         2286          500
         2287          500
         2288          500
         2289          500
         2290          500
         2291          500
         2292          500
         2293          500
         2294          500
         2295          500
         2296          500
         2297          500
         2298          500
         2299          500
         2300          500
         2301          500
         2302          500
         2303          500
         2304          500
         2305          500
         2306          500
         2307          500
         2308          500
         2309          500
         2310          500
         2311          500
         2312          500
         2313          500
         2314          500
         2315          500
         2316          500
         2317          500
         2318          500
         2319          500
         2320          500
         2321          500
         2322          500
         2323          500
         2324          500
         2325          500
         2326          500
         2327          500
         2328          500
         2329          500
         2330          500
         2331          500
         2332          500
         2333          500
         2334          500
         2335          500
         2336          500
         2337          500
         2338          500
         2339          500
         2340          500
         2341          500
         2342          500
         2343          500
         2344          500
         2345          500
         2346          500
         2347          500
         2348          500
         2349          500
         2350          500
         2351          500
         2352          500
         2353          500
         2354          500
         2355          500
         2356          500
         2357          500
         2358          500
         2359          500
         2360          500
         2361          500
         2362          500
         2363          500
         2364          500
         2365          500
         2366          500
         2367          500
         2368          500
         2369          500
         2370          500
         2371          500
         2372          500
         2373          500
         2374          500
         2375          500
         2376          500
         2377          500
         2378          500
         2379          500
         2380          500
         2381          500
         2382          500
         2383          500
         2384          500
         2385          500
         2386          500
         2387          500
         2388          500
         2389          500
         2390          500
         2391          500
         2392          500
         2393          500
         2394          500
         2395          500
         2396          500
         2397          500
         2398          500
         2399          500
         2400          500
         2401          500
         2402          500
         2403          500
         2404          500
         2405          500
         2406          500
         2407          500
         2408          500
         2409          500
         2410          500
         2411          500
         2412          500
         2413          500
         2414          500
         2415          500
         2416          500
         2417          500
         2418          500
         2419          500
         2420          500
         2421          500
         2422          500
         2423          500
         2424          500
         2425          500
         2426          500
         2427          500
         2428          500
         2429          500
         2430          500
         2431          500
         2432          500
         2433          500
         2434          500
         2435          500
         2436          500
         2437          500
         2438          500
         2439          500
         2440          500
         2441          500
         2442          500
         2443          500
         2444          500
         2445          500
         2446          500
         2447          500
         2448          500
         2449          500
         2450          500
         2451          500
         2452          500
         2453          500
         2454          500
         2455          500
         2456          500
         2457          500
         2458          500
         2459          500
         2460          500
         2461          500
         2462          500
         2463          500
         2464          500
         2465          500
         2466          500
         2467          500
         2468          500
         2469          500
         2470          500
         2471          500
         2472          500
         2473          500
         2474          500
         2475          500
         2476          500
         2477          500
         2478          500
         2479          500
         2480          500
         2481          500
         2482          500
         2483          500
         2484          500
         2485          500
         2486          500
         2487          500
         2488          500
         2489          500
         2490          500
         2491          500
         2492          500
         2493          500
         2494          500
         2495          500
         2496          500
         2497          500
         2498          500
         2499          500
         2500          500
         2501          500
         2502          500
         2503          500
         2504          500
         2505          500
         2506          500
         2507          500
         2508          500
         2509          500
         2510          500
         2511          500
         2512          500
         2513          500
         2514          500
         2515          500
         2516          500
         2517      1916.75
         2518      1913.98
         2519      1913.62
         2520      1914.08
         2521      1914.93
         2522      1916.06
         2523      1917.44
         2524      1919.05
         2525      1920.89
         2526      1922.94
         2527      1925.11
         2528      1927.39
         2529      1929.74
         2530      1932.16
         2531      1934.61
         2532      1937.11
         2533      1939.63
         2534      1942.21
         2535      1944.86
         2536      1947.63
         2537      1950.49
         2538       1953.5
         2539      1956.68
         2540      1959.96
         2541      1963.41
         2542      1966.94
         2543       1970.6
         2544      1974.36
         2545      1978.26
         2546      1982.36
         2547       1986.5
         2548      1990.77
         2549      1994.95
         2550      1999.11
         2551      2003.17
         2552      2007.17
         2553      2011.19
         2554       2015.3
         2555      2019.49
         2556      2023.97
         2557       2028.8
         2558      2033.96
         2559      2039.22
         2560      2044.33
         2561      2049.28
         2562      2054.12
         2563      2058.89
         2564      2063.63
         2565      2068.29
         2566      2072.87
         2567      2077.46
         2568       2082.1
         2569       2086.8
         2570      2091.49
         2571      2096.26
         2572       2101.1
         2573      2106.07
         2574      2111.26
         2575      2116.72
         2576      2122.56
         2577      2128.69
         2578      2135.02
         2579      2141.42
         2580      2147.46
         2581      2153.06
         2582      2158.06
         2583      2162.61
         2584      2166.93
         2585      2171.14
         2586      2175.37
         2587      2179.62
         2588      2183.96
         2589       2188.7
         2590      2193.91
         2591      2199.52
         2592      2205.72
         2593      2212.59
         2594      2220.05
         2595       2227.7
         2596      2235.08
         2597      2242.34
         2598      2249.46
         2599      2256.15
         2600      2262.07
         2601      2266.75
         2602      2270.45
         2603      2273.27
         2604      2275.96
         2605      2279.05
         2606      2282.49
         2607      2285.95
         2608      2289.52
         2609      2293.47
         2610      2297.93
         2611      2303.15
         2612      2309.37
         2613      2316.67
         2614      2324.73
         2615      2333.46
         2616      2342.06
         2617      2350.94
         2618      2359.71
         2619       2367.9
         2620      2375.14
         2621      2381.15
         2622       2386.1
         2623      2390.74
         2624      2395.44
         2625      2397.93
         2626      2399.36
         2627      2400.72
         2628      2402.38
         2629      2404.34
         2630      2406.66
         2631      2409.38
         2632      2412.51
         2633      2416.08
         2634      2420.02
         2635      2424.26
         2636       2428.6
         2637      2432.75
         2638      2436.38
         2639      2439.22
         2640       2441.4
         2641      2443.09
         2642      2444.34
         2643      2445.35
         2644      2446.34
         2645      2447.61
         2646      2449.17
         2647       2450.9
         2648      2453.19
         2649      2456.15
         2650      2459.36
         2651      2461.97
         2652      2463.69
         2653      2464.58
         2654      2465.13
         2655      2465.67
         2656      2466.32
         2657       2467.3
         2658      2468.21
         2659      2468.95
         2660      2469.79
         2661      2471.15
         2662      2473.17
         2663      2475.77
         2664      2478.85
         2665      2482.43
         2666      2486.49
         2667      2490.94
         2668      2494.99
         2669      2498.02
         2670      2499.91
         2671      2500.95
         2672      2501.28
         2673       2501.1
         2674      2500.72
         2675      2500.29
         2676      2499.83
         2677      2499.45
         2678      2499.31
         2679      2499.31
         2680      2499.42
         2681      2499.61
         2682      2499.81
         2683      2499.82
         2684       2499.8
         2685      2499.97
         2686      2500.52
         2687      2501.35
         2688       2502.4
         2689      2503.77
         2690      2505.66
         2691      2508.02
         2692      2510.41
         2693      2512.48
         2694      2514.33
         2695      2516.21
         2696      2518.21
         2697      2520.19
         2698      2521.98
         2699      2523.64
         2700      2525.36
         2701      2527.45
         2702      2529.89
         2703      2532.56
         2704      2535.25
         2705      2537.74
         2706      2540.08
         2707      2542.14
         2708      2543.75
         2709         2545
         2710      2545.81
         2711      2545.96
         2712       2545.4
         2713      2544.42
         2714      2543.47
         2715         2543
         2716      2543.24
         2717      2544.13
         2718      2545.51
         2719      2547.37
         2720      2549.54
         2721      2551.99
         2722      2554.36
         2723      2556.56
         2724      2558.75
         2725         2561
         2726      2563.16
         2727      2564.89
         2728      2565.97
         2729       2566.4
         2730      2565.98
         2731      2564.53
         2732       2562.5
         2733      2561.11
         2734      2561.33
         2735      2562.93
         2736      2565.45
         2737      2567.85
         2738      2569.89
         2739      2571.64
         2740      2573.24
         2741      2574.46
         2742      2575.24
         2743      2575.74
         2744      2576.15
         2745      2576.76
         2746      2577.79
         2747      2579.19
         2748      2580.82
         2749      2582.55
         2750      2584.45
         2751      2586.56
         2752      2588.77
         2753      2590.82
         2754      2592.69
         2755      2594.41
         2756      2596.07
         2757       2597.6
         2758      2598.83
         2759      2599.65
         2760      2600.25
         2761      2600.82
         2762      2601.43
         2763      2602.28
         2764      2603.53
         2765      2605.08
         2766      2606.75
         2767      2608.47
         2768      2610.13
         2769      2611.85
         2770       2613.7
         2771      2615.66
         2772      2617.38
         2773      2618.44
         2774      2618.37
         2775      2616.95
         2776      2614.62
         2777      2612.38
         2778      2611.15
         2779      2610.88
         2780      2611.42
         2781      2612.92
         2782      2614.69
         2783      2616.94
         2784      2619.22
         2785      2621.09
         2786      2622.61
         2787      2623.99
         2788      2625.23
         2789      2626.36
         2790      2627.72
         2791       2629.5
         2792      2631.49
         2793      2633.29
         2794      2634.72
         2795      2635.97
         2796      2637.05
         2797      2637.96
         2798      2638.75
         2799      2639.51
         2800      2640.28
         2801      2641.16
         2802      2642.39
         2803       2643.9
         2804      2645.33
         2805      2646.56
         2806      2647.72
         2807      2648.81
         2808      2649.75
         2809       2650.6
         2810      2651.39
         2811      2652.19
         2812      2653.22
         2813      2654.63
         2814      2656.44
         2815       2658.6
         2816      2660.99
         2817      2663.27
         2818      2665.28
         2819      2666.89
         2820      2668.03
         2821      2668.68
         2822      2668.87
         2823      2668.76
         2824      2668.48
         2825      2668.46
         2826       2669.1
         2827      2670.38
         2828      2672.03
         2829      2673.82
         2830       2675.6
         2831      2677.31
         2832       2678.8
         2833      2680.02
         2834      2681.08
         2835      2682.14
         2836      2683.42
         2837      2685.13
         2838      2687.21
         2839      2689.58
         2840      2691.98
         2841      2694.15
         2842      2695.75
         2843      2696.57
         2844      2696.64
         2845       2696.3
         2846      2695.83
         2847      2695.49
         2848      2695.81
         2849      2696.81
         2850      2698.31
         2851      2699.67
         2852      2700.94
         2853      2702.42
         2854      2703.95
         2855      2705.52
         2856      2706.79
         2857      2707.79
         2858      2708.63
         2859      2709.49
         2860       2710.6
         2861      2712.18
         2862       2714.3
         2863       2716.7
         2864      2718.88
         2865      2720.67
         2866      2722.15
         2867      2723.16
         2868      2723.92
         2869      2724.63
         2870      2725.41
         2871      2726.26
         2872      2727.25
         2873      2728.59
         2874      2730.07
         2875      2731.47
         2876      2732.93
         2877       2734.6
         2878      2736.29
         2879      2737.84
         2880      2739.16
         2881      2740.22
         2882      2741.07
         2883      2741.92
         2884      2743.04
         2885      2744.62
         2886      2746.88
         2887      2749.41
         2888      2751.74
         2889      2753.59
         2890      2754.94
         2891      2755.82
         2892      2756.45
         2893      2757.12
         2894      2757.95
         2895      2758.91
         2896      2760.15
         2897       2761.7
         2898      2763.47
         2899      2765.17
         2900      2766.88
         2901      2768.75
         2902      2770.65
         2903      2772.39
         2904      2773.84
         2905      2774.97
         2906      2775.85
         2907      2776.64
         2908      2777.46
         2909      2778.78
         2910      2780.77
         2911      2783.07
         2912      2785.16
         2913      2786.81
         2914      2788.01
         2915      2788.82
         2916      2789.54
         2917      2790.48
         2918      2791.73
         2919      2793.22
         2920      2794.97
         2921       2797.3
         2922      2800.19
         2923      2802.18
         2924      2803.56
         2925       2804.9
         2926      2806.18
         2927       2807.7
         2928      2809.24
         2929      2810.48
         2930      2811.36
         2931      2811.91
         2932       2812.4
         2933      2813.46
         2934      2815.25
         2935      2817.37
         2936      2819.35
         2937      2820.91
         2938      2822.11
         2939      2822.98
         2940      2823.85
         2941      2825.15
         2942      2827.08
         2943      2829.47
         2944      2832.78
         2945      2836.35
         2946      2839.33
         2947      2841.28
         2948       2842.3
         2949      2843.08
         2950      2843.93
         2951      2845.14
         2952      2846.43
         2953      2847.51
         2954      2848.26
         2955      2848.69
         2956      2849.22
         2957      2850.35
         2958         2852
         2959      2853.89
         2960      2855.65
         2961      2857.09
         2962      2858.23
         2963      2859.17
         2964      2860.24
         2965      2861.85
         2966      2864.35
         2967      2867.58
         2968      2871.74
         2969      2875.88
         2970      2879.03
         2971      2881.16
         2972      2882.38
         2973      2883.29
         2974      2884.23
         2975      2884.86
         2976      2885.69
         2977      2886.61
         2978      2887.35
         2979      2887.73
         2980      2888.23
         2981      2889.24
         2982      2890.73
         2983      2892.34
         2984      2893.74
         2985      2894.85
         2986      2895.85
         2987      2896.92
         2988       2898.2
         2989      2899.99
         2990      2902.66
         2991       2906.3
         2992      2910.82
         2993      2915.29
         2994      2918.56
         2995      2920.91
         2996      2922.76
         2997      2924.17
         2998       2925.1
         2999      2925.81
         3000      2926.18
         3001      2926.69
         3002      2927.21
         3003       2927.7
         3004      2928.44
         3005      2929.45
         3006      2930.71
         3007      2931.91
         3008      2932.81
         3009      2933.62
         3010      2934.55
         3011      2935.68
         3012      2937.07
         3013       2939.1
         3014      2941.95
         3015      2945.54
         3016      2950.22
         3017      2954.82
         3018      2958.74
         3019      2961.93
         3020      2964.62
         3021      2966.73
         3022      2968.08
         3023      2968.88
         3024      2969.21
         3025      2969.08
         3026      2969.24
         3027      2969.85
         3028      2970.86
         3029      2972.01
         3030      2973.04
         3031       2973.8
         3032      2974.41
         3033      2975.13
         3034      2976.12
         3035      2977.36
         3036      2978.86
         3037      2980.89
         3038      2983.36
         3039      2986.97
         3040      2991.54
         3041       2996.1
         3042      3000.41
         3043      3004.27
         3044      3007.74
         3045      3010.68
         3046      3012.71
         3047      3013.73
         3048      3013.91
         3049      3013.79
         3050      3013.92
         3051       3014.5
         3052      3015.61
         3053      3016.95
         3054      3018.11
         3055      3018.88
         3056      3019.54
         3057      3020.29
         3058      3021.22
         3059      3022.39
         3060      3023.78
         3061      3025.35
         3062      3027.22
         3063      3030.81
         3064      3035.37
         3065      3040.18
         3066      3044.57
         3067      3049.04
         3068      3053.34
         3069      3056.64
         3070       3059.1
         3071       3060.7
         3072      3061.59
         3073      3062.18
         3074      3062.66
         3075      3063.17
         3076      3063.86
         3077      3064.77
         3078      3065.63
         3079      3066.26
         3080      3066.74
         3081      3067.35
         3082         3068
         3083      3068.95
         3084      3070.25
         3085      3071.98
         3086      3074.48
         3087      3077.87
         3088      3082.06
         3089      3086.83
         3090      3091.68
         3091      3096.28
         3092      3100.52
         3093      3104.17
         3094      3107.08
         3095      3109.37
         3096      3111.38
         3097      3113.25
         3098      3115.02
         3099      3116.61
         3100      3117.96
         3101      3119.11
         3102      3120.18
         3103      3121.16
         3104      3122.22
         3105      3123.52
         3106         3125
         3107      3127.08
         3108      3129.71
         3109      3132.64
         3110      3135.89
         3111      3139.59
         3112      3143.48
         3113      3147.36
         3114      3151.11
         3115      3154.65
         3116      3157.97
         3117      3161.07
         3118      3163.95
         3119      3166.54
         3120      3168.83
         3121      3170.83
         3122      3172.65
         3123      3174.34
         3124      3175.96
         3125      3177.67
         3126      3179.43
         3127      3181.25
         3128      3183.18
         3129          500
         3130          500
         3131          500
         3132          500
         3133          500
         3134          500
         3135          500
         3136          500
         3137          500
         3138          500
         3139          500
         3140          500
         3141          500
         3142          500
         3143          500
         3144          500
         3145          500
         3146          500
         3147          500
         3148          500
         3149          500
         3150          500
         3151          500
         3152          500
         3153          500
         3154          500
         3155          500
         3156          500
         3157          500
         3158          500
         3159          500
         3160          500
         3161          500
         3162          500
         3163          500
         3164          500
         3165          500
         3166          500
         3167          500
         3168          500
         3169          500
         3170          500
         3171          500
         3172          500
         3173          500
         3174          500
         3175          500
         3176          500
         3177          500
         3178          500
         3179          500
         3180          500
         3181          500
         3182          500
         3183          500
         3184          500
         3185          500
         3186          500
         3187          500
         3188          500
         3189          500
         3190          500
         3191          500
         3192          500
         3193          500
         3194          500
         3195          500
         3196          500
         3197          500
         3198          500
         3199          500
         3200          500
         3201          500
         3202          500
         3203          500
         3204          500
         3205          500
         3206          500
         3207          500
         3208          500
         3209          500
         3210          500
         3211          500
         3212          500
         3213          500
         3214          500
         3215          500
         3216          500
         3217          500
         3218          500
         3219          500
         3220          500
         3221          500
         3222          500
         3223          500
         3224          500
         3225          500
         3226          500
         3227          500
         3228          500
         3229          500
         3230          500
         3231          500
         3232          500
         3233          500
         3234          500
         3235          500
         3236          500
         3237          500
         3238          500
         3239          500
         3240          500
         3241          500
         3242          500
         3243          500
         3244          500
         3245          500
         3246          500
         3247          500
         3248          500
         3249          500
         3250          500
         3251          500
         3252          500
         3253          500
         3254          500
         3255          500
         3256          500
         3257          500
         3258          500
         3259          500
         3260          500
         3261          500
         3262          500
         3263          500
         3264          500
         3265          500
         3266          500
         3267          500
         3268          500
         3269          500
         3270          500
         3271          500
         3272          500
         3273          500
         3274          500
         3275          500
         3276          500
         3277          500
         3278          500
         3279          500
         3280          500
         3281          500
         3282          500
         3283          500
         3284          500
         3285          500
         3286          500
         3287          500
         3288          500
         3289          500
         3290          500
         3291          500
         3292          500
         3293          500
         3294          500
         3295          500
         3296          500
         3297          500
         3298          500
         3299          500
         3300          500
         3301          500
         3302          500
         3303          500
         3304          500
         3305          500
         3306          500
         3307          500
         3308          500
         3309          500
         3310          500
         3311          500
         3312          500
         3313          500
         3314          500
         3315          500
         3316          500
         3317          500
         3318          500
         3319          500
         3320          500
         3321          500
         3322          500
         3323          500
         3324          500
         3325          500
         3326          500
         3327          500
         3328          500
         3329          500
         3330          500
         3331          500
         3332          500
         3333          500
         3334          500
         3335          500
         3336          500
         3337          500
         3338          500
         3339          500
         3340          500
         3341          500
         3342          500
         3343          500
         3344          500
         3345          500
         3346          500
         3347          500
         3348          500
         3349          500
         3350          500
         3351          500
         3352          500
         3353          500
         3354          500
         3355          500
         3356          500
         3357          500
         3358          500
         3359          500
         3360          500
         3361          500
         3362      1918.48
         3363      1914.62
         3364      1913.83
         3365      1914.12
         3366      1914.87
         3367      1915.93
         3368      1917.24
         3369      1918.78
         3370      1920.58
         3371      1922.58
         3372      1924.72
         3373         1927
         3374      1929.36
         3375      1931.77
         3376      1934.23
         3377      1936.72
         3378      1939.25
         3379      1941.81
         3380      1944.46
         3381       1947.2
         3382      1950.05
         3383      1953.02
         3384      1956.18
         3385      1959.45
         3386      1962.87
         3387      1966.38
         3388      1969.99
         3389       1973.7
         3390      1977.55
         3391      1981.57
         3392       1985.7
         3393      1989.93
         3394      1994.17
         3395      1998.36
         3396      2002.48
         3397      2006.54
         3398      2010.57
         3399      2014.67
         3400      2018.87
         3401      2023.27
         3402      2027.99
         3403      2033.04
         3404      2038.28
         3405      2043.43
         3406      2048.43
         3407      2053.33
         3408       2058.1
         3409      2062.86
         3410      2067.53
         3411       2072.1
         3412      2076.68
         3413      2081.28
         3414      2085.93
         3415      2090.59
         3416      2095.33
         3417      2100.17
         3418      2105.12
         3419      2110.25
         3420      2115.65
         3421      2121.39
         3422      2127.42
         3423      2133.62
         3424      2140.06
         3425      2146.18
         3426      2151.87
         3427      2157.03
         3428      2161.69
         3429      2166.09
         3430       2170.3
         3431      2174.49
         3432      2178.68
         3433      2182.92
         3434      2187.54
         3435      2192.66
         3436      2198.19
         3437      2204.23
         3438      2210.98
         3439      2218.33
         3440      2225.99
         3441      2233.45
         3442      2240.76
         3443      2247.93
         3444      2254.69
         3445      2260.83
         3446      2265.77
         3447      2269.64
         3448      2272.61
         3449      2275.23
         3450      2278.18
         3451      2281.61
         3452      2285.07
         3453      2288.61
         3454       2292.4
         3455      2296.72
         3456       2301.7
         3457      2307.71
         3458      2314.82
         3459      2322.77
         3460      2331.38
         3461      2340.07
         3462      2348.91
         3463      2357.77
         3464      2366.14
         3465      2373.62
         3466      2379.94
         3467      2385.09
         3468      2389.73
         3469      2394.44
         3470       2397.5
         3471      2399.03
         3472      2400.34
         3473      2401.91
         3474       2403.8
         3475      2406.03
         3476      2408.66
         3477      2411.68
         3478      2415.13
         3479      2418.98
         3480      2423.15
         3481      2427.49
         3482       2431.7
         3483      2435.48
         3484      2438.51
         3485      2440.83
         3486      2442.63
         3487      2443.97
         3488      2445.03
         3489      2446.02
         3490      2447.23
         3491      2448.76
         3492      2450.45
         3493      2452.59
         3494      2455.42
         3495      2458.66
         3496      2461.44
         3497      2463.34
         3498      2464.39
         3499      2464.94
         3500      2465.46
         3501      2466.05
         3502      2466.98
         3503      2467.93
         3504       2468.7
         3505      2469.48
         3506       2470.7
         3507      2472.58
         3508      2475.08
         3509      2478.07
         3510      2481.54
         3511       2485.5
         3512      2489.94
         3513      2494.14
         3514      2497.44
         3515      2499.56
         3516      2500.76
         3517      2501.23
         3518      2501.13
         3519      2500.77
         3520      2500.34
         3521      2499.88
         3522      2499.47
         3523      2499.28
         3524      2499.25
         3525      2499.35
         3526      2499.52
         3527      2499.75
         3528      2499.77
         3529      2499.73
         3530      2499.85
         3531       2500.3
         3532      2501.06
         3533      2502.04
         3534       2503.3
         3535      2505.04
         3536      2507.35
         3537      2509.72
         3538      2511.89
         3539      2513.78
         3540      2515.69
         3541      2517.76
         3542       2519.8
         3543      2521.58
         3544       2523.2
         3545      2524.88
         3546      2526.87
         3547      2529.21
         3548      2531.81
         3549       2534.5
         3550      2537.05
         3551      2539.44
         3552      2541.58
         3553      2543.32
         3554      2544.65
         3555      2545.56
         3556      2545.86
         3557      2545.43
         3558      2544.53
         3559      2543.55
         3560      2542.91
         3561      2542.92
         3562      2543.65
         3563      2544.89
         3564      2546.65
         3565      2548.75
         3566      2551.18
         3567      2553.62
         3568      2555.86
         3569      2558.07
         3570      2560.33
         3571      2562.53
         3572      2564.38
         3573       2565.6
         3574      2566.16
         3575      2565.93
         3576      2564.71
         3577      2562.73
         3578      2561.12
         3579      2560.97
         3580      2562.29
         3581      2564.71
         3582      2567.17
         3583      2569.31
         3584      2571.12
         3585      2572.77
         3586      2574.09
         3587      2574.96
         3588      2575.51
         3589      2575.92
         3590      2576.45
         3591      2577.38
